269,474,135,120,113
270,474,110,93,85
271,474,93,76,68
272,474,99,81,73
273,474,124,107,99
266,475,130,115,109
267,475,104,89,83
268,475,89,73,66
269,475,80,63,56
270,475,70,52,43
271,475,55,35,26
272,475,55,35,26
273,475,70,50,41
274,475,79,61,52
275,475,73,55,46
276,475,86,68,59
277,475,122,104,96
263,476,126,110,105
264,476,95,77,73
265,476,70,52,48
266,476,63,45,41
267,476,68,51,45
268,476,74,56,49
269,476,71,53,45
270,476,67,47,38
271,476,67,47,37
272,476,71,50,40
273,476,75,55,44
274,476,76,56,46
275,476,72,53,43
276,476,70,51,41
277,476,73,55,46
278,476,82,64,56
279,476,92,75,67
280,476,120,104,97
260,477,123,108,103
261,477,99,81,77
262,477,69,52,48
263,477,58,40,36
264,477,64,46,41
265,477,70,51,46
266,477,69,50,44
267,477,77,58,52
268,477,88,68,62
269,477,93,73,65
270,477,87,66,55
271,477,84,62,51
272,477,75,53,42
273,477,61,39,28
274,477,56,34,23
275,477,63,43,33
276,477,67,47,38
277,477,63,44,35
278,477,60,41,34
279,477,67,48,41
280,477,68,50,43
281,477,79,62,55
282,477,102,85,79
283,477,116,101,96
259,478,106,90,86
260,478,64,46,42
261,478,67,49,45
262,478,62,44,40
263,478,66,47,43
264,478,73,54,49
265,478,68,47,42
266,478,55,34,29
267,478,67,47,42
268,478,94,72,67
269,478,111,89,82
270,478,111,88,78
271,478,110,86,75
272,478,105,82,71
273,478,95,73,62
274,478,84,62,51
275,478,73,53,42
276,478,66,46,36
277,478,64,44,36
278,478,66,47,40
279,478,72,52,46
280,478,59,41,34
281,478,57,40,32
282,478,68,51,44
283,478,63,47,42
284,478,90,75,70
285,478,137,122,118
258,479,122,107,104
259,479,76,59,55
260,479,56,38,34
261,479,77,58,54
262,479,72,52,47
263,479,65,44,39
264,479,63,41,36
265,479,61,37,33
266,479,61,37,33
267,479,82,58,53
268,479,105,81,74
269,479,111,87,79
270,479,108,84,74
271,479,104,81,69
272,479,104,80,68
273,479,103,80,68
274,479,100,76,65
275,479,91,69,58
276,479,83,63,52
277,479,78,59,50
278,479,74,55,48
279,479,67,48,41
280,479,61,44,38
281,479,65,49,42
282,479,68,52,46
283,479,52,37,32
284,479,74,59,54
285,479,115,100,96
287,479,134,121,118
288,479,130,118,116
289,479,131,119,117
258,480,100,83,82
259,480,59,41,38
260,480,59,39,36
261,480,91,71,67
262,480,96,74,70
263,480,91,69,63
264,480,85,62,56
265,480,73,50,44
266,480,62,38,30
267,480,70,46,37
268,480,83,58,47
269,480,85,61,48
270,480,90,66,53
271,480,94,71,57
272,480,98,75,61
273,480,102,79,65
274,480,106,84,71
275,480,108,87,76
276,480,104,85,75
277,480,93,76,67
278,480,79,63,56
279,480,68,52,46
280,480,48,34,28
281,480,49,36,31
282,480,64,51,47
283,480,50,37,34
284,480,58,44,41
285,480,80,66,63
286,480,92,78,75
287,480,77,65,61
288,480,69,58,54
289,480,66,53,51
290,480,73,59,58
291,480,93,79,78
292,480,116,101,100
257,481,118,104,103
258,481,71,55,53
259,481,57,38,36
260,481,78,58,54
261,481,98,77,72
262,481,100,78,72
263,481,96,73,65
264,481,94,71,61
265,481,98,74,62
266,481,93,67,55
267,481,84,58,44
268,481,80,54,39
269,481,83,57,40
270,481,85,60,41
271,481,81,58,39
272,481,81,59,41
273,481,88,67,51
274,481,98,78,64
275,481,101,83,72
276,481,96,81,71
277,481,85,72,65
278,481,72,61,57
279,481,62,52,48
280,481,48,39,36
281,481,48,40,37
282,481,59,51,48
283,481,55,46,44
284,481,52,43,42
285,481,60,50,48
286,481,67,56,54
287,481,62,51,47
288,481,54,43,39
289,481,57,45,42
290,481,56,45,42
291,481,49,37,37
292,481,48,37,38
293,481,58,47,47
294,481,79,67,67
295,481,108,96,97
257,482,88,74,72
258,482,58,41,40
259,482,64,45,42
260,482,87,67,63
261,482,97,74,70
262,482,97,72,66
263,482,95,71,61
264,482,98,73,61
265,482,106,80,66
266,482,104,78,62
267,482,97,70,52
268,482,91,64,45
269,482,91,64,44
270,482,90,65,44
271,482,81,58,37
272,482,72,52,32
273,482,72,53,37
274,482,79,62,47
275,482,83,67,55
276,482,80,68,58
277,482,73,63,56
278,482,62,55,51
279,482,51,46,43
280,482,49,45,43
281,482,55,50,49
282,482,61,57,56
283,482,60,55,55
284,482,55,50,50
285,482,57,50,49
286,482,60,51,49
287,482,56,46,44
288,482,51,40,37
289,482,52,41,37
290,482,55,44,42
291,482,57,48,49
292,482,61,52,54
293,482,66,57,58
294,482,67,58,59
295,482,66,56,56
296,482,69,58,58
297,482,86,74,74
298,482,114,102,101
256,483,120,106,105
257,483,60,45,43
258,483,56,38,35
259,483,70,50,46
260,483,74,53,48
261,483,81,58,51
262,483,88,64,56
263,483,97,71,61
264,483,103,76,64
265,483,104,78,63
266,483,103,77,60
267,483,104,77,59
268,483,105,79,60
269,483,105,80,60
270,483,95,73,52
271,483,80,59,39
272,483,66,45,28
273,483,59,40,25
274,483,61,45,32
275,483,65,51,41
276,483,66,55,46
277,483,62,54,48
278,483,55,49,45
279,483,46,41,38
280,483,36,32,30
281,483,33,30,29
282,483,39,35,36
283,483,44,40,41
284,483,45,40,40
285,483,46,40,39
286,483,48,40,38
287,483,51,41,39
288,483,54,43,40
289,483,55,44,41
290,483,51,40,39
291,483,43,34,35
292,483,50,41,44
293,483,58,49,52
294,483,60,50,54
295,483,56,45,48
296,483,49,38,40
297,483,52,41,42
298,483,64,52,53
299,483,77,64,64
300,483,89,75,75
301,483,110,96,95
256,484,88,74,71
257,484,53,36,32
258,484,69,50,45
259,484,93,73,67
260,484,96,72,66
261,484,83,58,51
262,484,78,51,42
263,484,78,51,39
264,484,79,54,40
265,484,81,55,39
266,484,89,63,46
267,484,103,76,58
268,484,113,86,68
269,484,111,86,68
270,484,93,71,52
271,484,75,55,37
272,484,61,43,27
273,484,54,38,24
274,484,54,40,29
275,484,56,45,36
276,484,58,48,41
277,484,58,50,44
278,484,53,49,45
279,484,45,44,42
280,484,49,47,47
281,484,53,51,52
282,484,54,52,53
283,484,59,57,58
284,484,60,56,57
285,484,54,49,49
286,484,48,42,41
287,484,51,43,41
288,484,56,47,45
289,484,55,45,43
290,484,50,41,40
291,484,45,38,40
292,484,41,35,37
293,484,40,33,36
294,484,42,34,38
295,484,47,38,40
296,484,52,43,45
297,484,61,51,53
298,484,66,56,58
299,484,66,55,56
300,484,64,52,52
301,484,72,60,60
302,484,70,56,56
303,484,75,61,59
304,484,104,90,87
255,485,113,98,93
256,485,63,46,39
257,485,63,43,37
258,485,87,65,57
259,485,105,82,73
260,485,107,82,73
261,485,100,74,63
262,485,98,72,60
263,485,96,69,55
264,485,86,58,43
265,485,71,44,28
266,485,71,44,27
267,485,84,56,39
268,485,97,70,53
269,485,97,72,56
270,485,76,56,41
271,485,63,46,31
272,485,56,41,27
273,485,54,40,30
274,485,56,43,34
275,485,55,45,37
276,485,56,48,42
277,485,56,49,46
278,485,53,49,48
279,485,48,46,46
280,485,46,44,45
281,485,43,42,43
282,485,42,41,43
283,485,48,46,49
284,485,51,48,50
285,485,47,42,43
286,485,43,37,36
287,485,49,41,40
288,485,56,48,47
289,485,55,46,46
290,485,50,43,44
291,485,49,43,47
292,485,50,44,49
293,485,53,48,51
294,485,55,50,54
295,485,55,49,52
296,485,52,46,48
297,485,53,45,47
298,485,53,45,47
299,485,51,42,44
300,485,48,38,39
301,485,55,45,44
302,485,68,57,57
303,485,75,63,62
304,485,70,59,57
305,485,65,51,50
306,485,81,67,66
307,485,115,100,98
254,486,137,122,116
255,486,83,66,59
256,486,55,36,28
257,486,76,53,45
258,486,93,68,59
259,486,99,73,63
260,486,99,72,61
261,486,100,72,60
262,486,105,77,63
263,486,108,80,66
264,486,105,78,62
265,486,96,69,53
266,486,92,65,48
267,486,90,63,46
268,486,84,58,41
269,486,72,49,33
270,486,59,40,26
271,486,53,37,24
272,486,52,39,28
273,486,55,42,33
274,486,56,46,37
275,486,54,46,39
276,486,52,46,41
277,486,51,47,44
278,486,49,47,46
279,486,45,44,45
280,486,46,45,47
281,486,45,45,47
282,486,43,43,45
283,486,46,45,47
284,486,47,45,48
285,486,44,41,43
286,486,43,38,39
287,486,47,41,41
288,486,53,47,47
289,486,51,45,45
290,486,45,39,40
291,486,40,35,39
292,486,42,38,43
293,486,47,43,47
294,486,49,44,49
295,486,48,43,47
296,486,45,40,43
297,486,46,41,43
298,486,51,45,46
299,486,53,47,49
300,486,55,46,49
301,486,57,49,50
302,486,59,49,49
303,486,56,46,45
304,486,50,40,39
305,486,47,36,36
306,486,50,38,38
307,486,57,46,45
308,486,69,58,56
309,486,85,74,71
310,486,102,91,87
254,487,108,92,83
255,487,68,49,38
256,487,69,47,36
257,487,84,58,47
258,487,88,61,49
259,487,85,57,45
260,487,85,57,43
261,487,94,66,51
262,487,102,74,58
263,487,105,76,59
264,487,102,73,57
265,487,98,70,55
266,487,98,71,56
267,487,98,71,56
268,487,92,67,53
269,487,80,58,44
270,487,57,40,28
271,487,48,36,25
272,487,50,39,30
273,487,54,43,35
274,487,54,46,39
275,487,51,45,40
276,487,49,44,40
277,487,48,44,42
278,487,46,45,43
279,487,42,42,42
280,487,46,46,47
281,487,49,49,51
282,487,47,47,49
283,487,44,44,46
284,487,42,40,43
285,487,41,38,41
286,487,42,39,41
287,487,45,41,42
288,487,47,43,44
289,487,46,41,42
290,487,46,41,44
291,487,49,45,49
292,487,46,44,48
293,487,45,42,47
294,487,45,43,48
295,487,46,44,49
296,487,48,46,51
297,487,53,49,53
298,487,56,51,54
299,487,54,48,51
300,487,49,43,46
301,487,48,43,44
302,487,54,46,47
303,487,57,48,49
304,487,56,48,48
305,487,55,46,47
306,487,58,48,49
307,487,62,52,52
308,487,63,53,52
309,487,61,52,51
310,487,61,51,50
311,487,64,54,51
312,487,80,69,65
313,487,111,100,96
254,488,87,69,59
255,488,65,43,32
256,488,88,64,51
257,488,89,62,48
258,488,84,56,41
259,488,80,51,35
260,488,80,51,35
261,488,89,60,44
262,488,93,64,48
263,488,92,63,47
264,488,92,63,48
265,488,98,71,56
266,488,103,76,63
267,488,98,72,59
268,488,86,62,50
269,488,70,51,40
270,488,56,42,33
271,488,51,40,31
272,488,50,42,33
273,488,51,43,36
274,488,51,44,38
275,488,49,43,39
276,488,48,43,40
277,488,47,44,41
278,488,45,44,42
279,488,41,41,41
280,488,44,44,45
281,488,47,47,49
282,488,45,45,47
283,488,41,40,43
284,488,38,37,40
285,488,39,38,41
286,488,43,41,44
287,488,45,43,46
288,488,47,43,44
289,488,46,42,44
290,488,46,42,46
291,488,45,42,47
292,488,44,42,47
293,488,45,43,48
294,488,46,44,49
295,488,46,45,50
296,488,46,44,49
297,488,48,45,50
298,488,48,45,49
299,488,46,41,45
300,488,42,37,41
301,488,47,42,44
302,488,49,44,45
303,488,47,41,43
304,488,44,38,39
305,488,45,39,39
306,488,49,43,43
307,488,53,46,47
308,488,54,47,48
309,488,53,47,47
310,488,56,49,47
311,488,62,52,50
312,488,64,53,50
313,488,60,49,45
314,488,61,50,47
315,488,79,68,64
316,488,110,99,95
253,489,115,96,88
254,489,72,50,39
255,489,71,47,35
256,489,103,77,64
257,489,106,78,62
258,489,103,73,55
259,489,97,66,48
260,489,92,61,43
261,489,95,65,47
262,489,87,57,39
263,489,75,47,29
264,489,72,45,29
265,489,83,58,43
266,489,90,66,52
267,489,86,63,51
268,489,76,55,44
269,489,65,48,38
270,489,51,40,31
271,489,48,41,34
272,489,49,42,36
273,489,47,41,35
274,489,45,39,35
275,489,46,41,38
276,489,47,43,41
277,489,47,44,42
278,489,45,43,43
279,489,45,43,44
280,489,43,42,44
281,489,41,41,43
282,489,40,40,42
283,489,41,39,42
284,489,42,41,43
285,489,44,42,45
286,489,44,42,45
287,489,43,41,44
288,489,44,40,43
289,489,45,40,43
290,489,45,41,45
291,489,44,42,47
292,489,43,42,47
293,489,44,43,48
294,489,44,43,48
295,489,44,43,48
296,489,46,44,49
297,489,46,44,49
298,489,46,44,48
299,489,46,43,46
300,489,47,42,46
301,489,53,49,52
302,489,53,48,51
303,489,48,44,46
304,489,44,41,41
305,489,43,39,40
306,489,45,41,42
307,489,48,44,45
308,489,51,45,46
309,489,51,45,46
310,489,50,45,45
311,489,51,43,42
312,489,53,43,41
313,489,57,47,45
314,489,62,52,50
315,489,62,52,50
316,489,61,51,49
317,489,65,55,53
318,489,82,71,69
319,489,108,98,95
320,489,131,120,118
252,490,137,118,112
253,490,81,61,53
254,490,61,39,28
255,490,75,50,37
256,490,99,71,57
257,490,106,78,60
258,490,109,78,59
259,490,106,74,55
260,490,103,72,52
261,490,110,79,59
262,490,106,76,57
263,490,95,68,50
264,490,87,61,44
265,490,83,60,46
266,490,75,53,41
267,490,62,41,31
268,490,51,32,24
269,490,46,30,23
270,490,44,35,27
271,490,46,40,33
272,490,47,42,37
273,490,46,41,37
274,490,44,40,36
275,490,46,42,39
276,490,48,44,41
277,490,47,44,41
278,490,45,43,41
279,490,45,43,43
280,490,43,41,42
281,490,41,39,41
282,490,40,38,41
283,490,41,39,42
284,490,43,41,44
285,490,45,43,46
286,490,44,43,45
287,490,43,40,43
288,490,44,39,43
289,490,45,39,43
290,490,45,41,44
291,490,44,42,45
292,490,43,42,47
293,490,43,42,47
294,490,43,42,47
295,490,43,42,47
296,490,45,43,48
297,490,45,43,48
298,490,46,44,47
299,490,46,44,47
300,490,47,44,47
301,490,50,47,50
302,490,50,45,49
303,490,47,43,46
304,490,45,42,43
305,490,44,40,41
306,490,45,41,42
307,490,47,43,44
308,490,47,43,45
309,490,47,43,44
310,490,47,43,43
311,490,53,46,45
312,490,59,51,48
313,490,61,53,50
314,490,64,56,53
315,490,61,52,50
316,490,53,42,41
317,490,45,35,33
318,490,47,38,36
319,490,58,48,46
320,490,68,59,57
321,490,86,76,74
322,490,114,104,102
323,490,132,122,120
252,491,103,84,78
253,491,60,38,30
254,491,64,40,29
255,491,83,57,43
256,491,87,60,43
257,491,95,67,46
258,491,103,73,52
259,491,106,74,53
260,491,106,74,53
261,491,107,76,56
262,491,103,74,55
263,491,98,70,53
264,491,94,69,54
265,491,92,70,57
266,491,82,61,52
267,491,69,50,43
268,491,60,43,37
269,491,54,41,36
270,491,43,35,29
271,491,43,38,32
272,491,45,42,37
273,491,45,42,37
274,491,45,41,37
275,491,47,43,40
276,491,49,45,42
277,491,48,44,42
278,491,45,42,40
279,491,45,41,40
280,491,45,41,39
281,491,43,39,39
282,491,42,38,39
283,491,43,39,40
284,491,45,41,42
285,491,47,43,44
286,491,46,43,44
287,491,44,40,42
288,491,44,40,41
289,491,45,40,43
290,491,45,41,44
291,491,45,43,45
292,491,44,42,45
293,491,43,41,44
294,491,43,41,44
295,491,43,41,44
296,491,43,41,44
297,491,44,42,45
298,491,45,43,46
299,491,46,44,47
300,491,46,43,46
301,491,42,40,43
302,491,41,39,42
303,491,42,40,42
304,491,43,40,42
305,491,44,42,43
306,491,45,43,44
307,491,46,44,45
308,491,46,44,45
309,491,47,44,45
310,491,48,44,45
311,491,48,43,43
312,491,49,43,41
313,491,53,45,43
314,491,57,50,48
315,491,60,52,50
316,491,59,51,49
317,491,57,49,47
318,491,58,50,48
319,491,62,53,51
320,491,63,55,53
321,491,63,54,52
322,491,63,53,51
323,491,63,53,51
324,491,80,70,68
325,491,113,102,101
252,492,85,66,60
253,492,68,47,38
254,492,82,59,46
255,492,94,68,52
256,492,84,57,39
257,492,84,56,35
258,492,90,60,39
259,492,94,63,42
260,492,95,63,42
261,492,101,70,50
262,492,107,78,59
263,492,111,84,68
264,492,110,85,72
265,492,99,77,66
266,492,78,58,51
267,492,58,41,36
268,492,47,33,30
269,492,45,34,31
270,492,40,34,30
271,492,42,38,33
272,492,45,42,37
273,492,46,43,38
274,492,46,43,38
275,492,49,45,41
276,492,50,46,43
277,492,49,45,42
278,492,46,41,39
279,492,45,41,40
280,492,45,41,40
281,492,43,39,38
282,492,42,38,37
283,492,43,39,38
284,492,45,41,42
285,492,47,43,44
286,492,47,43,43
287,492,44,40,41
288,492,44,40,41
289,492,45,40,41
290,492,45,41,42
291,492,44,42,43
292,492,44,42,43
293,492,43,41,42
294,492,42,40,41
295,492,42,40,41
296,492,42,40,41
297,492,43,41,43
298,492,44,42,45
299,492,45,43,46
300,492,46,44,47
301,492,47,45,48
302,492,48,45,48
303,492,48,46,49
304,492,49,47,48
305,492,48,46,47
306,492,46,44,45
307,492,43,41,42
308,492,40,38,39
309,492,38,36,37
310,492,37,35,36
311,492,47,43,44
312,492,55,50,49
313,492,53,47,47
314,492,54,49,46
315,492,55,49,47
316,492,55,48,46
317,492,55,47,45
318,492,55,48,46
319,492,56,48,47
320,492,55,47,45
321,492,53,45,43
322,492,57,47,45
323,492,64,54,52
324,492,69,59,57
325,492,71,61,59
326,492,73,63,60
327,492,86,76,72
328,492,113,104,99
251,493,96,80,77
252,493,73,54,49
253,493,84,64,56
254,493,101,77,66
255,493,107,81,65
256,493,102,73,54
257,493,94,64,43
258,493,91,61,39
259,493,91,60,37
260,493,87,56,33
261,493,81,51,29
262,493,78,51,31
263,493,83,58,42
264,493,91,68,56
265,493,91,70,63
266,493,78,60,55
267,493,62,46,44
268,493,49,36,36
269,493,44,35,34
270,493,42,36,33
271,493,44,41,36
272,493,47,44,39
273,493,47,44,39
274,493,46,43,38
275,493,48,44,40
276,493,50,45,41
277,493,49,44,40
278,493,47,42,38
279,493,46,41,38
280,493,45,40,38
281,493,44,39,36
282,493,43,38,35
283,493,44,39,37
284,493,46,40,40
285,493,48,42,42
286,493,48,42,42
287,493,45,39,40
288,493,45,39,39
289,493,46,39,40
290,493,46,40,40
291,493,45,41,40
292,493,45,41,42
293,493,44,40,41
294,493,43,39,40
295,493,43,39,40
296,493,44,40,41
297,493,45,41,42
298,493,46,42,43
299,493,46,43,44
300,493,46,42,44
301,493,42,38,40
302,493,42,38,39
303,493,45,41,42
304,493,48,44,45
305,493,49,46,47
306,493,48,46,47
307,493,47,45,46
308,493,46,44,45
309,493,45,43,44
310,493,44,42,43
311,493,47,44,45
312,493,48,44,45
313,493,46,41,42
314,493,47,41,41
315,493,48,42,41
316,493,48,42,41
317,493,49,42,42
318,493,52,45,45
319,493,56,48,47
320,493,56,48,46
321,493,56,48,45
322,493,56,48,45
323,493,55,46,43
324,493,55,45,43
325,493,54,44,42
326,493,52,42,40
327,493,54,43,40
328,493,66,55,51
329,493,85,74,70
330,493,106,95,91
331,493,123,112,108
250,494,128,114,114
251,494,58,43,40
252,494,63,46,40
253,494,88,69,60
254,494,101,78,68
255,494,108,82,67
256,494,116,89,70
257,494,107,79,58
258,494,102,73,50
259,494,102,71,48
260,494,100,70,47
261,494,91,63,41
262,494,85,58,39
263,494,81,56,41
264,494,74,53,42
265,494,65,47,39
266,494,55,39,35
267,494,50,36,35
268,494,52,41,42
269,494,56,47,48
270,494,47,41,39
271,494,46,43,38
272,494,47,44,39
273,494,45,42,37
274,494,43,40,35
275,494,46,41,36
276,494,48,42,38
277,494,47,42,37
278,494,45,40,36
279,494,46,41,37
280,494,47,40,37
281,494,46,38,36
282,494,45,37,35
283,494,46,38,36
284,494,47,41,38
285,494,48,42,40
286,494,48,42,40
287,494,46,39,39
288,494,45,39,39
289,494,46,40,40
290,494,45,40,39
291,494,43,39,38
292,494,44,40,39
293,494,44,40,39
294,494,44,40,39
295,494,44,40,39
296,494,44,40,39
297,494,45,41,40
298,494,45,41,40
299,494,45,41,40
300,494,45,41,42
301,494,45,41,41
302,494,45,41,41
303,494,46,42,42
304,494,47,43,44
305,494,47,44,44
306,494,47,44,45
307,494,46,44,45
308,494,46,44,45
309,494,44,42,43
310,494,43,41,42
311,494,45,42,43
312,494,47,43,44
313,494,46,42,43
314,494,50,45,45
315,494,52,47,47
316,494,52,46,46
317,494,52,46,46
318,494,53,47,47
319,494,56,49,47
320,494,56,48,46
321,494,52,44,42
322,494,47,39,36
323,494,53,45,42
324,494,63,54,51
325,494,69,59,57
326,494,68,57,55
327,494,60,49,45
328,494,55,44,40
329,494,55,44,40
330,494,58,47,43
331,494,64,53,49
332,494,94,84,80
250,495,101,87,88
251,495,49,33,32
252,495,64,46,42
253,495,81,62,54
254,495,84,63,52
255,495,89,64,49
256,495,104,77,58
257,495,103,75,53
258,495,105,76,52
259,495,109,78,55
260,495,108,78,57
261,495,103,75,54
262,495,99,72,55
263,495,94,70,57
264,495,84,64,53
265,495,69,52,45
266,495,54,40,37
267,495,47,35,35
268,495,45,36,38
269,495,47,38,41
270,495,47,41,39
271,495,48,44,40
272,495,47,43,38
273,495,43,38,34
274,495,39,34,30
275,495,42,35,30
276,495,44,37,31
277,495,45,38,32
278,495,45,38,33
279,495,47,40,34
280,495,48,40,34
281,495,47,38,34
282,495,46,36,34
283,495,47,37,35
284,495,48,40,38
285,495,50,42,40
286,495,49,42,39
287,495,47,39,38
288,495,47,38,39
289,495,47,39,40
290,495,46,38,38
291,495,43,37,35
292,495,43,38,35
293,495,44,39,36
294,495,45,40,37
295,495,46,41,38
296,495,47,42,39
297,495,46,41,40
298,495,45,39,40
299,495,45,39,39
300,495,44,38,38
301,495,41,36,36
302,495,39,35,34
303,495,39,35,34
304,495,39,35,35
305,495,42,38,38
306,495,45,41,42
307,495,48,44,45
308,495,51,47,48
309,495,51,47,48
310,495,50,47,47
311,495,46,42,43
312,495,43,39,40
313,495,43,39,40
314,495,47,43,43
315,495,50,46,47
316,495,51,46,47
317,495,51,46,46
318,495,52,46,46
319,495,53,47,46
320,495,51,46,43
321,495,48,42,39
322,495,47,39,36
323,495,55,47,44
324,495,61,52,50
325,495,61,51,49
326,495,56,46,44
327,495,54,43,40
328,495,59,48,44
329,495,65,54,49
330,495,63,52,48
331,495,57,47,42
332,495,73,64,59
333,495,124,115,109
249,496,129,114,116
250,496,81,65,65
251,496,58,41,40
252,496,74,55,52
253,496,79,59,51
254,496,72,50,39
255,496,69,45,29
256,496,80,53,35
257,496,87,59,38
258,496,97,67,45
259,496,102,72,51
260,496,100,72,50
261,496,102,75,56
262,496,105,81,64
263,496,100,79,65
264,496,83,65,54
265,496,59,44,37
266,496,43,31,28
267,496,41,31,30
268,496,47,39,41
269,496,53,46,48
270,496,48,43,43
271,496,47,43,41
272,496,45,41,38
273,496,41,35,33
274,496,36,31,28
275,496,38,30,27
276,496,40,32,29
277,496,42,34,31
278,496,43,35,32
279,496,46,37,34
280,496,48,38,36
281,496,47,37,35
282,496,46,36,34
283,496,47,37,35
284,496,48,40,37
285,496,50,42,39
286,496,50,42,40
287,496,47,39,37
288,496,47,38,39
289,496,46,39,39
290,496,44,39,37
291,496,42,37,34
292,496,43,38,35
293,496,44,39,36
294,496,46,40,38
295,496,47,42,39
296,496,47,42,39
297,496,46,41,38
298,496,45,39,38
299,496,44,37,38
300,496,44,37,37
301,496,46,40,39
302,496,44,39,38
303,496,41,37,35
304,496,39,35,34
305,496,40,35,34
306,496,43,38,37
307,496,46,42,41
308,496,47,43,42
309,496,47,42,42
310,496,46,42,41
311,496,48,44,43
312,496,50,45,45
313,496,48,44,43
314,496,49,45,44
315,496,50,46,46
316,496,52,47,47
317,496,53,47,47
318,496,55,48,48
319,496,55,50,48
320,496,53,48,45
321,496,54,48,45
322,496,60,52,49
323,496,58,49,47
324,496,54,45,43
325,496,52,42,39
326,496,52,43,38
327,496,55,45,41
328,496,61,51,45
329,496,66,55,49
330,496,65,55,48
331,496,64,54,47
332,496,83,73,66
333,496,124,115,108
249,497,97,79,79
250,497,65,46,46
251,497,69,49,47
252,497,87,66,61
253,497,96,74,66
254,497,90,66,55
255,497,81,54,40
256,497,81,54,37
257,497,87,59,39
258,497,86,58,37
259,497,86,58,37
260,497,90,63,42
261,497,94,69,49
262,497,98,75,58
263,497,93,73,58
264,497,76,59,46
265,497,53,39,30
266,497,41,30,25
267,497,42,33,30
268,497,48,40,39
269,497,49,43,43
270,497,46,42,43
271,497,45,41,41
272,497,43,38,39
273,497,42,36,35
274,497,40,34,34
275,497,41,33,33
276,497,42,33,34
277,497,44,35,35
278,497,47,37,36
279,497,48,39,38
280,497,47,37,36
281,497,46,36,35
282,497,46,36,35
283,497,47,39,37
284,497,49,41,38
285,497,49,42,40
286,497,48,42,39
287,497,45,40,37
288,497,43,38,35
289,497,43,38,35
290,497,43,38,35
291,497,42,37,34
292,497,44,36,34
293,497,45,37,35
294,497,46,38,36
295,497,47,40,37
296,497,49,41,39
297,497,48,40,38
298,497,47,39,37
299,497,45,37,36
300,497,45,37,35
301,497,47,40,38
302,497,47,39,37
303,497,44,37,35
304,497,42,35,33
305,497,42,35,33
306,497,43,36,34
307,497,45,37,36
308,497,47,38,39
309,497,48,40,40
310,497,47,40,40
311,497,46,40,40
312,497,46,40,40
313,497,47,42,41
314,497,47,41,41
315,497,48,42,42
316,497,52,45,45
317,497,56,47,48
318,497,56,47,48
319,497,55,46,47
320,497,54,46,46
321,497,54,45,45
322,497,54,44,43
323,497,57,48,46
324,497,57,47,45
325,497,57,47,44
326,497,59,50,44
327,497,63,53,45
328,497,60,50,41
329,497,55,45,36
330,497,53,43,32
331,497,63,53,43
332,497,112,103,94
248,498,127,107,106
249,498,70,50,49
250,498,56,36,34
251,498,79,57,54
252,498,91,68,62
253,498,97,73,64
254,498,105,80,68
255,498,108,82,68
256,498,98,71,54
257,498,84,57,38
258,498,83,55,35
259,498,85,58,37
260,498,83,59,39
261,498,86,63,44
262,498,86,64,48
263,498,78,59,45
264,498,65,48,37
265,498,52,39,30
266,498,46,36,29
267,498,47,38,34
268,498,49,41,39
269,498,49,43,43
270,498,43,39,40
271,498,41,37,39
272,498,42,37,40
273,498,43,37,39
274,498,44,38,40
275,498,46,38,41
276,498,48,38,41
277,498,48,39,41
278,498,49,39,40
279,498,49,39,40
280,498,48,38,38
281,498,45,35,36
282,498,45,35,36
283,498,45,37,35
284,498,47,39,37
285,498,47,41,38
286,498,45,41,37
287,498,43,38,35
288,498,41,37,34
289,498,41,38,35
290,498,42,38,35
291,498,43,38,35
292,498,45,37,35
293,498,46,37,36
294,498,47,39,37
295,498,48,40,38
296,498,50,42,40
297,498,49,41,39
298,498,48,40,38
299,498,46,38,36
300,498,45,37,35
301,498,47,39,37
302,498,48,40,38
303,498,48,40,38
304,498,48,40,38
305,498,46,38,36
306,498,44,36,34
307,498,43,35,33
308,498,44,35,34
309,498,45,37,36
310,498,47,39,37
311,498,47,41,38
312,498,48,43,40
313,498,49,44,41
314,498,48,43,40
315,498,49,44,41
316,498,53,46,45
317,498,58,49,50
318,498,58,49,50
319,498,57,48,49
320,498,58,49,50
321,498,57,48,49
322,498,56,46,45
323,498,58,48,46
324,498,59,50,46
325,498,60,51,45
326,498,61,52,45
327,498,66,56,48
328,498,62,52,42
329,498,53,43,33
330,498,54,44,32
331,498,80,70,59
248,499,97,76,75
249,499,58,37,35
250,499,59,38,34
251,499,82,61,56
252,499,86,63,55
253,499,86,62,52
254,499,99,74,60
255,499,111,85,69
256,499,108,82,64
257,499,97,70,51
258,499,100,72,52
259,499,98,72,52
260,499,88,64,44
261,499,89,66,48
262,499,79,59,43
263,499,65,47,34
264,499,55,39,29
265,499,54,41,33
266,499,53,43,37
267,499,49,40,37
268,499,46,39,38
269,499,45,39,40
270,499,41,37,38
271,499,42,37,40
272,499,44,38,42
273,499,46,40,42
274,499,48,41,44
275,499,49,41,44
276,499,50,41,44
277,499,49,40,42
278,499,48,38,40
279,499,47,37,38
280,499,46,36,37
281,499,45,35,36
282,499,44,35,35
283,499,44,36,35
284,499,46,38,36
285,499,46,40,37
286,499,44,40,36
287,499,42,37,34
288,499,41,36,33
289,499,41,37,34
290,499,44,38,35
291,499,45,38,36
292,499,46,38,36
293,499,47,39,37
294,499,48,40,38
295,499,49,41,39
296,499,50,42,40
297,499,50,42,40
298,499,49,41,39
299,499,47,39,37
300,499,46,38,36
301,499,45,37,35
302,499,47,39,37
303,499,50,42,40
304,499,51,43,41
305,499,49,41,39
306,499,45,37,35
307,499,44,36,34
308,499,43,35,33
309,499,45,37,35
310,499,47,39,37
311,499,48,42,39
312,499,49,44,41
313,499,49,44,41
314,499,48,43,40
315,499,48,43,40
316,499,53,46,45
317,499,58,49,50
318,499,59,50,51
319,499,58,49,50
320,499,60,51,52
321,499,59,50,51
322,499,57,47,46
323,499,55,45,44
324,499,59,50,47
325,499,61,52,48
326,499,61,52,44
327,499,66,56,47
328,499,63,53,44
329,499,57,47,36
330,499,68,57,45
331,499,111,101,89
247,500,129,109,107
248,500,78,58,55
249,500,58,36,32
250,500,61,40,35
251,500,75,54,46
252,500,84,62,51
253,500,84,61,49
254,500,85,60,47
255,500,91,65,49
256,500,99,74,54
257,500,104,77,56
258,500,102,76,54
259,500,99,74,53
260,500,99,75,55
261,500,99,76,59
262,500,83,63,48
263,500,62,44,33
264,500,51,36,28
265,500,55,42,36
266,500,54,44,41
267,500,47,38,37
268,500,41,33,35
269,500,41,35,38
270,500,44,39,42
271,500,45,40,44
272,500,46,41,44
273,500,47,41,44
274,500,48,42,44
275,500,49,41,43
276,500,48,39,42
277,500,46,36,39
278,500,44,35,36
279,500,43,33,34
280,500,45,35,36
281,500,47,37,38
282,500,45,36,36
283,500,45,37,35
284,500,47,38,36
285,500,46,40,37
286,500,45,40,37
287,500,43,38,35
288,500,42,37,34
289,500,42,38,35
290,500,44,39,36
291,500,45,40,37
292,500,47,39,37
293,500,48,40,38
294,500,48,40,38
295,500,49,41,39
296,500,51,43,41
297,500,51,43,41
298,500,50,42,40
299,500,49,41,39
300,500,47,39,37
301,500,43,35,33
302,500,45,37,35
303,500,48,40,38
304,500,50,42,40
305,500,50,42,40
306,500,49,41,39
307,500,47,39,37
308,500,47,39,37
309,500,48,40,38
310,500,50,42,40
311,500,49,42,40
312,500,48,43,40
313,500,49,44,41
314,500,47,42,39
315,500,47,42,39
316,500,51,44,43
317,500,56,47,48
318,500,58,49,50
319,500,58,49,50
320,500,60,51,52
321,500,60,50,50
322,500,55,45,44
323,500,52,42,40
324,500,59,49,46
325,500,61,52,47
326,500,58,49,42
327,500,61,51,42
328,500,61,51,42
329,500,65,55,44
330,500,90,80,68
247,501,102,81,77
248,501,69,48,44
249,501,73,51,46
250,501,83,61,53
251,501,86,64,53
252,501,91,68,55
253,501,85,61,48
254,501,72,48,33
255,501,68,42,25
256,501,80,55,35
257,501,93,68,47
258,501,93,68,47
259,501,93,69,49
260,501,99,75,58
261,501,96,74,60
262,501,79,59,46
263,501,59,42,32
264,501,50,35,28
265,501,55,41,38
266,501,53,42,40
267,501,46,36,38
268,501,41,33,36
269,501,43,36,40
270,501,44,39,43
271,501,45,40,44
272,501,45,40,43
273,501,45,39,41
274,501,44,38,40
275,501,45,37,39
276,501,45,35,39
277,501,44,35,37
278,501,44,34,35
279,501,44,34,35
280,501,47,37,38
281,501,49,39,40
282,501,48,38,39
283,501,46,38,36
284,501,48,39,37
285,501,47,41,38
286,501,46,41,38
287,501,44,39,36
288,501,44,40,37
289,501,46,41,38
290,501,47,42,39
291,501,47,40,38
292,501,47,39,37
293,501,47,39,37
294,501,48,40,38
295,501,49,41,39
296,501,50,42,40
297,501,51,43,41
298,501,50,42,40
299,501,49,41,39
300,501,48,40,38
301,501,46,38,36
302,501,46,38,36
303,501,47,39,37
304,501,48,40,38
305,501,50,42,40
306,501,51,43,41
307,501,51,43,41
308,501,50,42,40
309,501,50,42,40
310,501,48,40,38
311,501,48,41,39
312,501,49,44,41
313,501,50,45,42
314,501,48,43,40
315,501,48,43,40
316,501,52,45,44
317,501,57,48,49
318,501,58,49,50
319,501,59,50,51
320,501,61,52,53
321,501,60,50,51
322,501,56,46,45
323,501,55,45,43
324,501,61,51,49
325,501,61,52,48
326,501,55,46,39
327,501,54,44,35
328,501,58,48,39
329,501,76,66,55
330,501,115,105,93
246,502,121,103,99
247,502,74,55,51
248,502,65,44,39
249,502,79,58,49
250,502,98,75,64
251,502,109,87,74
252,502,114,91,77
253,502,108,85,70
254,502,99,75,57
255,502,91,66,46
256,502,85,60,40
257,502,80,55,34
258,502,76,52,31
259,502,79,56,36
260,502,86,63,46
261,502,79,58,44
262,502,65,46,33
263,502,53,36,26
264,502,49,34,28
265,502,52,40,38
266,502,51,40,41
267,502,47,37,41
268,502,46,38,43
269,502,47,41,46
270,502,43,38,42
271,502,41,36,40
272,502,41,36,39
273,502,41,35,38
274,502,41,35,37
275,502,42,34,37
276,502,43,34,38
277,502,45,35,38
278,502,47,37,38
279,502,48,38,39
280,502,50,40,41
281,502,50,40,41
282,502,49,39,40
283,502,47,39,37
284,502,48,40,38
285,502,47,41,38
286,502,46,41,38
287,502,45,40,37
288,502,45,41,38
289,502,46,42,39
290,502,47,42,39
291,502,46,41,38
292,502,47,39,37
293,502,47,39,37
294,502,47,39,37
295,502,47,39,37
296,502,49,41,39
297,502,50,42,40
298,502,50,42,40
299,502,49,41,39
300,502,48,40,38
301,502,51,43,41
302,502,50,42,40
303,502,49,41,39
304,502,49,41,39
305,502,50,42,40
306,502,52,44,42
307,502,51,43,41
308,502,50,42,40
309,502,48,40,38
310,502,46,38,36
311,502,49,42,40
312,502,52,47,44
313,502,53,48,45
314,502,52,47,44
315,502,51,47,43
316,502,55,49,47
317,502,60,51,52
318,502,61,52,53
319,502,60,51,52
320,502,61,52,53
321,502,61,51,52
322,502,58,48,47
323,502,60,50,49
324,502,63,54,50
325,502,61,53,47
326,502,57,47,40
327,502,52,42,33
328,502,62,52,42
329,502,94,84,73
246,503,92,73,69
247,503,58,37,32
248,503,63,42,36
249,503,83,61,50
250,503,102,79,65
251,503,113,90,74
252,503,114,91,73
253,503,109,87,67
254,503,107,83,63
255,503,104,78,58
256,503,95,70,48
257,503,85,62,41
258,503,86,63,44
259,503,86,64,46
260,503,78,58,41
261,503,64,44,30
262,503,52,34,23
263,503,48,32,24
264,503,51,36,32
265,503,52,40,39
266,503,49,38,40
267,503,48,37,43
268,503,48,40,47
269,503,48,41,48
270,503,42,37,41
271,503,40,35,39
272,503,40,35,38
273,503,41,35,37
274,503,41,35,37
275,503,43,35,38
276,503,44,35,39
277,503,46,36,39
278,503,47,37,39
279,503,49,39,40
280,503,50,40,41
281,503,50,40,41
282,503,48,38,39
283,503,46,38,36
284,503,47,39,37
285,503,46,40,37
286,503,45,40,37
287,503,44,39,36
288,503,44,40,37
289,503,46,42,39
290,503,47,42,39
291,503,47,39,37
292,503,46,38,36
293,503,45,37,35
294,503,45,37,35
295,503,46,38,36
296,503,48,40,38
297,503,48,40,38
298,503,48,40,38
299,503,48,40,38
300,503,47,39,37
301,503,50,42,40
302,503,51,43,41
303,503,52,44,42
304,503,52,44,42
305,503,51,43,41
306,503,50,42,40
307,503,49,41,39
308,503,49,41,39
309,503,49,41,39
310,503,49,42,40
311,503,51,45,42
312,503,54,48,45
313,503,55,50,47
314,503,54,49,46
315,503,54,49,46
316,503,58,51,50
317,503,61,52,53
318,503,61,52,53
319,503,59,50,51
320,503,60,51,52
321,503,59,49,50
322,503,56,46,45
323,503,62,52,51
324,503,59,49,47
325,503,58,49,44
326,503,59,50,43
327,503,56,46,38
328,503,73,63,53
329,503,119,109,98
245,504,127,111,105
246,504,74,56,50
247,504,53,33,27
248,504,67,45,38
249,504,77,54,42
250,504,84,61,43
251,504,90,68,48
252,504,95,73,52
253,504,97,75,54
254,504,99,75,54
255,504,99,75,53
256,504,96,74,51
257,504,95,73,52
258,504,97,75,56
259,504,93,73,54
260,504,80,61,44
261,504,58,41,27
262,504,47,32,22
263,504,48,35,27
264,504,53,41,36
265,504,51,40,39
266,504,47,38,40
267,504,46,38,43
268,504,46,38,45
269,504,44,37,44
270,504,42,37,41
271,504,42,37,41
272,504,43,37,41
273,504,44,38,40
274,504,44,38,40
275,504,45,36,39
276,504,45,36,39
277,504,45,36,38
278,504,46,36,37
279,504,46,36,37
280,504,49,39,40
281,504,50,40,41
282,504,47,38,38
283,504,45,37,35
284,504,45,37,35
285,504,44,38,35
286,504,43,38,35
287,504,43,38,35
288,504,43,39,36
289,504,45,41,38
290,504,46,41,38
291,504,45,39,36
292,504,45,37,35
293,504,44,36,34
294,504,44,36,34
295,504,45,37,35
296,504,47,39,37
297,504,48,40,38
298,504,48,40,38
299,504,47,39,37
300,504,46,38,36
301,504,47,39,37
302,504,49,41,39
303,504,51,43,41
304,504,53,45,43
305,504,52,44,42
306,504,50,42,40
307,504,48,40,38
308,504,49,41,39
309,504,52,44,42
310,504,54,47,45
311,504,53,47,44
312,504,53,47,44
313,504,54,49,46
314,504,53,48,45
315,504,54,49,46
316,504,56,50,48
317,504,60,51,52
318,504,60,51,52
319,504,58,49,50
320,504,57,48,49
321,504,55,46,46
322,504,52,42,41
323,504,60,50,48
324,504,54,44,41
325,504,53,44,39
326,504,62,53,45
327,504,64,54,46
328,504,89,79,69
245,505,103,84,79
246,505,68,49,43
247,505,74,53,48
248,505,91,68,61
249,505,85,62,49
250,505,79,55,37
251,505,83,59,38
252,505,90,65,45
253,505,91,67,45
254,505,88,65,42
255,505,89,67,44
256,505,100,78,55
257,505,108,86,65
258,505,105,84,65
259,505,94,75,58
260,505,79,62,46
261,505,60,44,30
262,505,54,40,30
263,505,54,43,36
264,505,52,41,38
265,505,42,32,33
266,505,45,37,39
267,505,53,45,50
268,505,51,45,52
269,505,42,36,42
270,505,42,37,42
271,505,42,37,41
272,505,42,37,40
273,505,45,39,41
274,505,45,39,41
275,505,44,35,38
276,505,43,34,37
277,505,45,36,38
278,505,47,37,38
279,505,46,36,37
280,505,49,39,40
281,505,50,40,41
282,505,49,40,40
283,505,47,39,37
284,505,46,38,36
285,505,45,38,35
286,505,43,38,35
287,505,44,39,36
288,505,44,40,37
289,505,45,40,37
290,505,45,39,36
291,505,45,37,35
292,505,45,37,35
293,505,46,38,36
294,505,46,38,36
295,505,46,38,36
296,505,46,38,36
297,505,47,39,37
298,505,47,39,37
299,505,47,39,37
300,505,47,39,37
301,505,46,38,36
302,505,49,41,39
303,505,52,44,42
304,505,53,45,43
305,505,52,44,42
306,505,50,42,40
307,505,48,40,38
308,505,48,40,38
309,505,51,43,41
310,505,54,46,44
311,505,54,48,45
312,505,53,48,45
313,505,52,47,44
314,505,53,48,45
315,505,56,50,48
316,505,58,51,50
317,505,59,50,51
318,505,60,51,52
319,505,59,50,51
320,505,56,47,48
321,505,53,43,44
322,505,55,45,44
323,505,64,54,53
324,505,50,41,38
325,505,44,34,30
326,505,58,49,42
327,505,80,70,61
328,505,125,115,105
244,506,115,99,95
245,506,80,63,58
246,506,69,51,44
247,506,78,58,51
248,506,99,77,67
249,506,109,86,71
250,506,104,80,61
251,506,93,68,47
252,506,89,64,42
253,506,89,64,42
254,506,84,61,38
255,506,79,58,35
256,506,82,60,39
257,506,89,67,48
258,506,90,70,52
259,506,82,64,47
260,506,67,51,35
261,506,55,41,27
262,506,53,41,31
263,506,54,44,37
264,506,50,41,37
265,506,41,32,32
266,506,41,35,37
267,506,48,42,46
268,506,49,44,49
269,506,43,38,44
270,506,43,38,42
271,506,41,37,41
272,506,42,37,40
273,506,45,39,41
274,506,45,39,41
275,506,43,35,38
276,506,43,34,37
277,506,44,35,37
278,506,47,37,38
279,506,46,36,37
280,506,47,37,38
281,506,49,39,40
282,506,49,39,40
283,506,47,39,37
284,506,46,38,36
285,506,45,38,36
286,506,44,39,36
287,506,44,39,36
288,506,43,39,36
289,506,43,39,36
290,506,43,39,36
291,506,44,38,35
292,506,45,37,35
293,506,45,37,35
294,506,45,37,35
295,506,46,38,36
296,506,46,38,36
297,506,46,38,36
298,506,47,39,37
299,506,47,39,37
300,506,47,39,37
301,506,46,38,36
302,506,48,40,38
303,506,50,42,40
304,506,51,43,41
305,506,50,42,40
306,506,49,41,39
307,506,48,40,38
308,506,48,40,38
309,506,50,42,40
310,506,53,44,42
311,506,53,46,44
312,506,51,46,43
313,506,51,46,43
314,506,53,48,45
315,506,55,50,47
316,506,57,50,49
317,506,57,48,49
318,506,58,49,50
319,506,58,49,50
320,506,55,46,47
321,506,57,47,48
322,506,63,53,52
323,506,56,46,44
324,506,54,45,41
325,506,49,40,35
326,506,55,46,38
327,506,105,95,86
244,507,84,67,63
245,507,60,42,37
246,507,67,48,42
247,507,79,59,52
248,507,92,71,60
249,507,103,79,64
250,507,103,77,58
251,507,96,70,49
252,507,95,70,48
253,507,96,71,49
254,507,90,67,45
255,507,82,61,40
256,507,78,57,36
257,507,75,55,36
258,507,70,52,35
259,507,62,46,29
260,507,55,40,25
261,507,53,40,27
262,507,54,43,33
263,507,54,44,37
264,507,50,42,37
265,507,44,36,34
266,507,42,35,37
267,507,43,38,41
268,507,46,41,45
269,507,46,41,45
270,507,44,39,43
271,507,42,37,40
272,507,42,37,40
273,507,45,39,41
274,507,45,39,41
275,507,43,35,38
276,507,43,33,37
277,507,44,35,37
278,507,46,36,38
279,507,45,35,36
280,507,46,36,37
281,507,48,37,39
282,507,48,38,39
283,507,47,39,37
284,507,47,39,37
285,507,46,39,37
286,507,45,40,37
287,507,44,39,36
288,507,42,38,35
289,507,42,38,35
290,507,44,38,35
291,507,46,38,36
292,507,46,38,36
293,507,46,38,36
294,507,46,38,36
295,507,46,38,36
296,507,46,38,36
297,507,47,39,37
298,507,47,39,37
299,507,47,39,37
300,507,47,39,37
301,507,47,39,37
302,507,47,39,37
303,507,47,39,37
304,507,47,39,37
305,507,48,40,38
306,507,48,40,38
307,507,48,40,38
308,507,49,41,39
309,507,50,42,40
310,507,51,43,41
311,507,50,44,42
312,507,50,45,42
313,507,50,45,42
314,507,54,49,46
315,507,56,50,48
316,507,55,49,47
317,507,54,45,46
318,507,54,45,46
319,507,56,47,48
320,507,55,46,46
321,507,57,48,48
322,507,63,53,53
323,507,53,43,41
324,507,56,46,44
325,507,55,45,42
326,507,68,58,52
243,508,117,103,100
244,508,65,49,44
245,508,54,38,31
246,508,72,55,47
247,508,91,73,63
248,508,96,75,63
249,508,94,69,54
250,508,96,69,50
251,508,105,78,57
252,508,112,86,65
253,508,111,86,64
254,508,106,83,62
255,508,103,81,61
256,508,102,81,62
257,508,93,75,57
258,508,77,60,43
259,508,60,44,28
260,508,50,37,22
261,508,54,42,30
262,508,55,45,35
263,508,53,45,37
264,508,51,44,39
265,508,49,44,41
266,508,46,40,40
267,508,42,38,38
268,508,43,39,41
269,508,47,42,45
270,508,44,39,43
271,508,42,37,41
272,508,43,38,41
273,508,45,39,41
274,508,45,39,41
275,508,43,35,38
276,508,42,33,36
277,508,44,35,37
278,508,46,36,37
279,508,44,34,35
280,508,45,35,36
281,508,46,36,37
282,508,46,36,37
283,508,47,39,37
284,508,47,39,37
285,508,46,39,37
286,508,45,40,37
287,508,44,39,36
288,508,42,38,35
289,508,41,37,34
290,508,43,38,35
291,508,46,40,38
292,508,48,40,38
293,508,48,40,38
294,508,48,40,38
295,508,48,40,38
296,508,48,40,38
297,508,48,40,38
298,508,48,40,38
299,508,48,40,38
300,508,48,40,38
301,508,48,40,38
302,508,48,40,38
303,508,46,38,36
304,508,46,38,36
305,508,47,39,37
306,508,49,41,39
307,508,51,43,41
308,508,52,44,42
309,508,52,44,42
310,508,51,43,41
311,508,50,44,41
312,508,49,44,41
313,508,50,45,42
314,508,54,49,46
315,508,55,50,47
316,508,54,47,46
317,508,52,43,44
318,508,52,43,44
319,508,53,44,45
320,508,54,45,46
321,508,53,43,43
322,508,54,44,43
323,508,61,51,50
324,508,53,44,41
325,508,61,52,46
326,508,102,92,85
243,509,87,72,69
244,509,68,52,47
245,509,79,62,56
246,509,94,75,67
247,509,94,75,65
248,509,98,77,64
249,509,96,71,55
250,509,96,69,51
251,509,101,72,54
252,509,101,74,55
253,509,99,73,53
254,509,98,74,55
255,509,101,79,60
256,509,103,82,64
257,509,91,74,55
258,509,72,56,40
259,509,57,42,26
260,509,51,38,23
261,509,55,43,31
262,509,54,44,33
263,509,51,43,34
264,509,50,44,37
265,509,52,47,42
266,509,48,44,40
267,509,42,38,36
268,509,40,36,35
269,509,43,38,40
270,509,44,39,42
271,509,42,38,42
272,509,43,38,41
273,509,46,40,42
274,509,46,39,41
275,509,44,35,38
276,509,43,33,37
277,509,44,34,37
278,509,46,36,37
279,509,44,34,35
280,509,44,34,35
281,509,45,35,36
282,509,46,36,37
283,509,46,38,36
284,509,47,39,37
285,509,46,40,37
286,509,45,40,37
287,509,45,40,37
288,509,42,38,35
289,509,42,38,35
290,509,45,39,36
291,509,49,42,39
292,509,50,42,40
293,509,50,42,40
294,509,50,42,40
295,509,50,42,40
296,509,49,41,39
297,509,49,41,39
298,509,49,41,39
299,509,49,41,39
300,509,49,41,39
301,509,50,42,40
302,509,49,41,39
303,509,47,39,37
304,509,46,38,36
305,509,48,40,38
306,509,51,43,41
307,509,54,46,44
308,509,55,47,45
309,509,56,48,46
310,509,55,46,44
311,509,52,45,43
312,509,50,44,41
313,509,50,45,42
314,509,53,48,45
315,509,54,49,46
316,509,53,46,45
317,509,51,43,43
318,509,51,42,43
319,509,53,44,45
320,509,54,44,45
321,509,51,42,42
322,509,52,42,41
323,509,66,56,55
324,509,53,44,42
325,509,76,67,62
242,510,121,109,109
243,510,61,47,44
244,510,58,43,39
245,510,85,69,62
246,510,96,78,70
247,510,81,62,52
248,510,94,72,59
249,510,108,83,67
250,510,110,82,66
251,510,103,74,56
252,510,96,69,50
253,510,98,72,53
254,510,103,79,60
255,510,105,83,65
256,510,96,77,60
257,510,79,62,45
258,510,59,45,29
259,510,50,37,22
260,510,51,39,26
261,510,52,42,30
262,510,50,41,30
263,510,47,41,31
264,510,47,43,35
265,510,49,46,39
266,510,47,44,39
267,510,41,38,34
268,510,38,34,32
269,510,38,35,34
270,510,43,39,41
271,510,44,39,42
272,510,44,39,42
273,510,47,41,43
274,510,46,40,42
275,510,44,35,38
276,510,43,33,37
277,510,44,34,37
278,510,46,36,37
279,510,44,34,35
280,510,45,35,36
281,510,46,36,37
282,510,46,36,37
283,510,46,38,36
284,510,47,39,37
285,510,46,40,37
286,510,45,40,37
287,510,45,40,37
288,510,44,40,37
289,510,43,39,36
290,510,45,40,37
291,510,48,42,40
292,510,50,42,40
293,510,50,42,40
294,510,50,42,40
295,510,50,42,40
296,510,49,41,39
297,510,49,41,39
298,510,49,41,39
299,510,49,41,39
300,510,49,41,39
301,510,51,43,41
302,510,50,42,40
303,510,48,40,38
304,510,48,40,38
305,510,49,41,39
306,510,52,44,42
307,510,55,47,45
308,510,57,49,47
309,510,58,50,48
310,510,58,50,48
311,510,55,48,46
312,510,51,46,43
313,510,50,45,42
314,510,53,48,45
315,510,54,49,46
316,510,53,47,45
317,510,52,43,44
318,510,52,43,44
319,510,54,45,46
320,510,53,44,45
321,510,54,45,45
322,510,58,49,48
323,510,59,49,48
324,510,66,57,53
325,510,107,98,92
243,511,78,64,61
244,511,54,37,33
245,511,59,41,35
246,511,69,50,43
247,511,73,53,44
248,511,87,66,53
249,511,94,69,55
250,511,97,69,54
251,511,98,70,54
252,511,97,70,54
253,511,99,73,56
254,511,101,76,60
255,511,97,75,59
256,511,85,66,50
257,511,68,50,34
258,511,51,36,20
259,511,46,34,19
260,511,52,41,28
261,511,50,41,29
262,511,50,41,30
263,511,50,43,33
264,511,49,43,35
265,511,47,42,36
266,511,46,42,37
267,511,43,41,36
268,511,40,39,34
269,511,39,37,35
270,511,45,41,42
271,511,45,40,43
272,511,45,40,43
273,511,48,42,44
274,511,47,41,42
275,511,45,36,39
276,511,44,34,38
277,511,45,35,38
278,511,46,36,38
279,511,45,35,36
280,511,46,36,37
281,511,47,37,38
282,511,47,37,38
283,511,46,38,36
284,511,46,38,36
285,511,45,38,36
286,511,44,39,36
287,511,45,40,37
288,511,45,41,38
289,511,45,41,38
290,511,47,41,38
291,511,49,41,39
292,511,49,41,39
293,511,48,40,38
294,511,48,40,38
295,511,48,40,38
296,511,48,40,38
297,511,47,39,37
298,511,47,39,37
299,511,47,39,37
300,511,47,39,37
301,511,50,42,40
302,511,50,42,40
303,511,49,41,39
304,511,48,40,38
305,511,50,42,40
306,511,51,43,41
307,511,54,46,44
308,511,57,49,47
309,511,58,50,48
310,511,59,52,50
311,511,58,51,49
312,511,53,49,46
313,511,51,46,43
314,511,52,47,44
315,511,53,48,45
316,511,53,46,45
317,511,53,44,45
318,511,54,45,46
319,511,55,46,46
320,511,53,44,44
321,511,54,45,45
322,511,59,49,47
323,511,51,41,39
324,511,88,78,76
244,512,100,86,82
245,512,62,48,42
246,512,55,39,32
247,512,69,51,43
248,512,62,42,32
249,512,65,42,31
250,512,81,56,43
251,512,98,74,60
252,512,105,82,68
253,512,99,77,63
254,512,92,71,57
255,512,87,68,54
256,512,84,66,52
257,512,76,61,46
258,512,67,53,39
259,512,58,47,34
260,512,52,42,30
261,512,48,39,29
262,512,50,42,32
263,512,52,46,37
264,512,50,46,38
265,512,46,41,35
266,512,46,42,36
267,512,47,45,39
268,512,46,45,40
269,512,44,41,37
270,512,46,42,41
271,512,46,41,42
272,512,47,41,43
273,512,48,42,44
274,512,48,41,42
275,512,45,37,37
276,512,44,34,35
277,512,45,35,36
278,512,46,37,37
279,512,46,36,37
280,512,47,37,38
281,512,48,38,39
282,512,48,38,39
283,512,46,38,36
284,512,45,37,35
285,512,44,38,35
286,512,44,39,36
287,512,45,40,37
288,512,46,41,38
289,512,47,42,39
290,512,48,41,39
291,512,47,40,38
292,512,47,39,37
293,512,47,39,37
294,512,47,39,37
295,512,46,38,36
296,512,46,38,36
297,512,45,37,35
298,512,45,37,35
299,512,45,37,35
300,512,46,38,36
301,512,48,40,38
302,512,48,40,38
303,512,48,40,38
304,512,48,40,38
305,512,49,41,39
306,512,50,42,40
307,512,52,44,42
308,512,55,47,45
309,512,57,49,47
310,512,60,52,50
311,512,60,51,49
312,512,57,50,47
313,512,53,47,44
314,512,52,47,44
315,512,54,47,45
316,512,55,46,45
317,512,54,46,44
318,512,55,46,45
319,512,55,47,45
320,512,53,45,43
321,512,52,43,41
322,512,52,42,39
323,512,51,41,39
324,512,109,99,96
246,513,130,120,113
247,513,107,96,89
248,513,72,59,51
249,513,60,44,36
250,513,64,47,38
251,513,73,55,45
252,513,78,61,51
253,513,78,63,53
254,513,76,61,52
255,513,70,56,46
256,513,61,47,38
257,513,53,42,32
258,513,52,42,32
259,513,48,39,30
260,513,39,31,23
261,513,33,26,18
262,513,39,32,24
263,513,46,41,33
264,513,47,42,36
265,513,42,37,32
266,513,45,39,35
267,513,49,45,40
268,513,46,44,39
269,513,39,36,31
270,513,41,37,33
271,513,45,38,37
272,513,49,40,41
273,513,50,41,42
274,513,48,39,40
275,513,44,36,36
276,513,42,33,33
277,513,42,34,32
278,513,44,36,34
279,513,47,39,37
280,513,49,41,39
281,513,49,40,39
282,513,48,39,38
283,513,46,38,36
284,513,45,37,35
285,513,43,35,33
286,513,43,35,33
287,513,44,36,34
288,513,45,37,35
289,513,45,38,35
290,513,47,39,37
291,513,48,40,38
292,513,48,40,38
293,513,47,39,37
294,513,45,37,35
295,513,45,37,35
296,513,44,36,34
297,513,44,36,34
298,513,45,37,35
299,513,45,37,35
300,513,46,38,36
301,513,49,41,39
302,513,49,41,39
303,513,49,41,39
304,513,50,42,40
305,513,51,43,41
306,513,52,44,42
307,513,51,43,41
308,513,51,43,41
309,513,52,44,42
310,513,54,46,44
311,513,56,48,45
312,513,56,47,45
313,513,56,46,44
314,513,53,43,41
315,513,55,46,44
316,513,57,47,45
317,513,52,43,41
318,513,47,38,35
319,513,50,40,38
320,513,51,42,39
321,513,51,41,38
322,513,55,46,41
323,513,83,74,69
324,513,134,125,119
249,514,129,119,111
250,514,97,85,76
251,514,70,58,50
252,514,51,40,31
253,514,52,42,33
254,514,59,48,40
255,514,58,47,40
256,514,47,36,30
257,514,42,33,26
258,514,51,42,34
259,514,56,48,41
260,514,51,44,38
261,514,45,37,31
262,514,46,41,35
263,514,50,45,39
264,514,49,44,39
265,514,42,37,33
266,514,43,38,34
267,514,46,42,38
268,514,45,42,37
269,514,40,35,31
270,514,44,37,34
271,514,47,38,36
272,514,48,40,38
273,514,48,40,38
274,514,47,39,37
275,514,46,38,36
276,514,44,36,34
277,514,44,36,34
278,514,45,37,35
279,514,46,38,36
280,514,47,39,37
281,514,47,39,37
282,514,46,38,36
283,514,44,36,34
284,514,43,35,33
285,514,42,34,32
286,514,42,34,32
287,514,43,35,33
288,514,44,36,34
289,514,44,36,34
290,514,46,38,36
291,514,48,40,38
292,514,48,40,38
293,514,47,39,37
294,514,47,39,37
295,514,46,38,36
296,514,46,38,36
297,514,46,38,36
298,514,47,39,37
299,514,47,39,37
300,514,47,39,37
301,514,48,40,38
302,514,47,39,37
303,514,47,39,37
304,514,48,40,38
305,514,50,42,40
306,514,50,42,40
307,514,50,42,40
308,514,49,41,39
309,514,49,41,39
310,514,51,43,41
311,514,52,42,40
312,514,52,43,40
313,514,53,43,41
314,514,54,44,42
315,514,55,45,44
316,514,54,44,41
317,514,49,40,36
318,514,48,39,34
319,514,51,42,37
320,514,49,40,35
321,514,48,39,33
322,514,64,55,48
323,514,123,114,107
252,515,124,114,105
253,515,88,78,69
254,515,63,54,46
255,515,54,45,38
256,515,56,47,40
257,515,59,50,43
258,515,60,51,44
259,515,57,49,42
260,515,53,45,39
261,515,51,44,38
262,515,54,48,42
263,515,58,53,47
264,515,57,52,47
265,515,51,46,42
266,515,49,44,40
267,515,47,43,39
268,515,43,39,35
269,515,39,33,30
270,515,46,38,36
271,515,47,39,37
272,515,45,37,35
273,515,45,37,35
274,515,46,38,36
275,515,48,40,38
276,515,48,40,38
277,515,47,39,37
278,515,45,37,35
279,515,44,36,34
280,515,46,38,36
281,515,48,40,38
282,515,47,39,37
283,515,46,38,36
284,515,45,37,35
285,515,45,37,35
286,515,45,37,35
287,515,46,38,36
288,515,47,39,37
289,515,47,39,37
290,515,47,39,37
291,515,47,39,37
292,515,47,39,37
293,515,48,40,38
294,515,48,40,38
295,515,49,41,39
296,515,49,41,39
297,515,49,41,39
298,515,48,40,38
299,515,48,40,38
300,515,48,40,38
301,515,46,38,36
302,515,45,37,35
303,515,45,37,35
304,515,47,39,37
305,515,50,42,40
306,515,50,42,40
307,515,49,41,39
308,515,48,40,38
309,515,48,40,38
310,515,49,41,39
311,515,50,40,38
312,515,51,41,39
313,515,53,43,41
314,515,57,47,45
315,515,57,47,45
316,515,51,42,38
317,515,47,38,33
318,515,51,42,37
319,515,55,46,41
320,515,49,40,36
321,515,51,42,37
322,515,84,75,67
255,516,126,116,109
256,516,81,72,65
257,516,55,45,38
258,516,50,41,34
259,516,59,51,44
260,516,66,59,53
261,516,56,49,43
262,516,45,39,33
263,516,40,35,29
264,516,40,35,30
265,516,46,41,36
266,516,51,46,42
267,516,54,49,45
268,516,52,48,43
269,516,49,43,39
270,516,48,40,38
271,516,47,39,37
272,516,45,37,35
273,516,45,37,35
274,516,46,38,36
275,516,48,40,38
276,516,48,40,38
277,516,48,40,38
278,516,46,38,36
279,516,44,36,34
280,516,45,37,35
281,516,46,38,36
282,516,45,37,35
283,516,45,37,35
284,516,45,37,35
285,516,45,37,35
286,516,45,37,35
287,516,45,37,35
288,516,45,37,35
289,516,46,38,36
290,516,45,37,35
291,516,45,37,35
292,516,46,38,36
293,516,47,39,37
294,516,48,40,38
295,516,49,41,39
296,516,50,42,40
297,516,50,42,40
298,516,50,42,40
299,516,49,41,39
300,516,48,40,38
301,516,46,38,36
302,516,45,37,35
303,516,46,38,36
304,516,48,40,38
305,516,52,44,42
306,516,54,46,44
307,516,53,45,43
308,516,50,42,40
309,516,49,41,39
310,516,50,41,39
311,516,51,42,40
312,516,51,41,39
313,516,53,43,41
314,516,61,51,49
315,516,59,49,47
316,516,51,41,38
317,516,47,38,34
318,516,55,46,41
319,516,57,48,43
320,516,53,44,39
321,516,66,57,52
322,516,112,103,97
261,517,120,113,107
262,517,90,83,77
263,517,65,58,52
264,517,50,43,38
265,517,47,42,38
266,517,48,43,39
267,517,50,45,41
268,517,52,47,43
269,517,53,47,44
270,517,49,42,39
271,517,47,39,37
272,517,47,39,37
273,517,47,39,37
274,517,47,39,37
275,517,47,39,37
276,517,47,39,37
277,517,46,38,36
278,517,46,38,36
279,517,46,38,36
280,517,48,40,38
281,517,50,42,40
282,517,50,42,40
283,517,50,42,40
284,517,50,42,40
285,517,50,42,40
286,517,50,42,40
287,517,50,42,40
288,517,49,41,39
289,517,49,41,39
290,517,47,39,37
291,517,44,36,34
292,517,44,36,34
293,517,45,37,35
294,517,47,39,37
295,517,48,40,38
296,517,49,41,39
297,517,49,41,39
298,517,48,40,38
299,517,48,40,38
300,517,48,40,38
301,517,49,41,39
302,517,48,40,38
303,517,48,40,38
304,517,51,43,41
305,517,54,46,44
306,517,57,49,47
307,517,57,49,47
308,517,55,47,45
309,517,53,45,43
310,517,53,45,43
311,517,53,44,42
312,517,52,42,40
313,517,52,42,40
314,517,62,52,50
315,517,58,48,46
316,517,50,41,38
317,517,49,40,35
318,517,56,47,42
319,517,57,48,43
320,517,61,52,48
321,517,90,81,76
264,518,121,114,108
265,518,88,82,78
266,518,59,54,50
267,518,44,39,35
268,518,43,38,34
269,518,51,44,41
270,518,51,43,41
271,518,49,41,39
272,518,48,40,38
273,518,47,39,37
274,518,46,38,36
275,518,45,37,35
276,518,45,37,35
277,518,46,38,36
278,518,47,39,37
279,518,48,40,38
280,518,49,41,39
281,518,51,43,41
282,518,52,44,42
283,518,52,44,42
284,518,52,44,42
285,518,52,44,42
286,518,52,44,42
287,518,50,42,40
288,518,49,41,39
289,518,48,40,38
290,518,46,38,36
291,518,45,37,35
292,518,45,37,35
293,518,46,38,36
294,518,46,38,36
295,518,47,39,37
296,518,48,40,38
297,518,48,40,38
298,518,48,40,38
299,518,48,40,38
300,518,49,41,39
301,518,51,43,41
302,518,50,42,40
303,518,49,41,39
304,518,51,43,41
305,518,55,47,45
306,518,57,49,47
307,518,58,50,48
308,518,57,49,47
309,518,56,48,46
310,518,55,47,45
311,518,55,46,44
312,518,53,42,40
313,518,51,41,39
314,518,58,48,46
315,518,54,44,42
316,518,50,41,38
317,518,52,43,39
318,518,55,46,41
319,518,55,46,41
320,518,75,66,62
321,518,117,108,102
267,519,94,86,83
268,519,57,49,46
269,519,41,34,31
270,519,51,43,41
271,519,51,43,41
272,519,46,38,36
273,519,43,35,33
274,519,42,34,32
275,519,44,36,34
276,519,47,39,37
277,519,49,41,39
278,519,49,41,39
279,519,48,40,38
280,519,46,38,36
281,519,46,38,36
282,519,46,38,36
283,519,47,39,37
284,519,47,39,37
285,519,46,38,36
286,519,45,37,35
287,519,43,35,33
288,519,41,33,31
289,519,40,32,30
290,519,42,34,32
291,519,46,38,36
292,519,47,39,37
293,519,47,39,37
294,519,47,39,37
295,519,47,39,37
296,519,48,40,38
297,519,48,40,38
298,519,48,40,38
299,519,49,41,39
300,519,50,42,40
301,519,51,43,41
302,519,50,42,40
303,519,47,39,37
304,519,48,40,38
305,519,52,44,42
306,519,55,47,45
307,519,57,49,47
308,519,57,49,47
309,519,55,47,45
310,519,55,47,45
311,519,57,48,46
312,519,55,45,43
313,519,50,40,38
314,519,54,44,42
315,519,53,43,41
316,519,55,46,43
317,519,60,51,46
318,519,58,49,44
319,519,58,49,44
320,519,95,86,82
268,520,100,92,89
269,520,75,66,64
270,520,65,57,54
271,520,56,48,46
272,520,47,39,37
273,520,42,34,32
274,520,42,34,32
275,520,45,37,35
276,520,49,41,39
277,520,51,43,41
278,520,50,42,40
279,520,47,39,37
280,520,50,42,40
281,520,53,45,43
282,520,54,46,44
283,520,54,46,44
284,520,55,47,45
285,520,55,47,45
286,520,53,45,43
287,520,51,43,41
288,520,49,41,39
289,520,48,40,38
290,520,48,40,38
291,520,49,41,39
292,520,49,41,39
293,520,48,40,38
294,520,48,40,38
295,520,48,40,38
296,520,48,40,38
297,520,49,41,39
298,520,50,42,40
299,520,51,43,41
300,520,51,43,41
301,520,51,43,41
302,520,48,40,38
303,520,46,38,36
304,520,45,37,35
305,520,49,41,39
306,520,52,44,42
307,520,54,46,44
308,520,54,46,44
309,520,54,47,45
310,520,55,47,45
311,520,59,50,48
312,520,58,48,46
313,520,52,42,40
314,520,53,43,41
315,520,55,44,43
316,520,61,51,48
317,520,67,58,53
318,520,62,53,48
319,520,67,58,53
320,520,116,107,102
270,521,113,105,103
271,521,91,83,81
272,521,78,70,68
273,521,70,62,60
274,521,65,57,55
275,521,53,45,43
276,521,46,38,36
277,521,47,39,37
278,521,52,44,42
279,521,53,45,43
280,521,51,43,41
281,521,46,38,36
282,521,41,33,31
283,521,42,34,32
284,521,49,41,39
285,521,53,45,43
286,521,51,43,41
287,521,45,37,35
288,521,45,37,35
289,521,51,43,41
290,521,53,45,43
291,521,50,42,40
292,521,49,41,39
293,521,49,41,39
294,521,49,41,39
295,521,50,42,40
296,521,51,43,41
297,521,51,43,41
298,521,51,43,41
299,521,52,44,42
300,521,53,45,43
301,521,51,43,41
302,521,49,41,39
303,521,48,40,38
304,521,47,39,37
305,521,48,40,38
306,521,49,41,39
307,521,52,44,42
308,521,54,46,44
309,521,58,50,48
310,521,60,52,50
311,521,56,47,45
312,521,54,44,42
313,521,56,46,44
314,521,47,37,35
315,521,55,45,43
316,521,60,51,47
317,521,56,47,42
318,521,56,47,42
319,521,100,91,86
274,522,114,106,104
275,522,82,74,72
276,522,59,51,49
277,522,49,41,39
278,522,49,41,39
279,522,47,39,37
280,522,56,48,46
281,522,60,52,50
282,522,54,46,44
283,522,49,41,39
284,522,49,41,39
285,522,50,42,40
286,522,49,41,39
287,522,46,38,36
288,522,45,37,35
289,522,46,38,36
290,522,45,37,35
291,522,43,35,33
292,522,46,38,36
293,522,50,42,40
294,522,52,44,42
295,522,51,43,41
296,522,50,42,40
297,522,49,41,39
298,522,50,42,40
299,522,50,42,40
300,522,51,43,41
301,522,53,45,43
302,522,52,44,42
303,522,50,42,40
304,522,49,41,39
305,522,50,42,40
306,522,52,44,42
307,522,54,46,44
308,522,57,49,47
309,522,58,50,48
310,522,58,50,48
311,522,48,39,37
312,522,46,36,34
313,522,56,46,44
314,522,54,44,42
315,522,55,45,43
316,522,52,43,40
317,522,54,45,40
318,522,77,68,63
319,522,127,118,113
276,523,128,120,118
277,523,96,88,86
278,523,72,64,62
279,523,57,49,47
280,523,50,42,40
281,523,55,47,45
282,523,65,57,55
283,523,62,54,52
284,523,46,38,36
285,523,38,30,28
286,523,44,36,34
287,523,58,50,48
288,523,60,52,50
289,523,49,41,39
290,523,45,37,35
291,523,54,46,44
292,523,56,48,46
293,523,56,48,46
294,523,53,45,43
295,523,50,42,40
296,523,50,42,40
297,523,51,43,41
298,523,52,44,42
299,523,51,43,41
300,523,50,42,40
301,523,53,45,43
302,523,53,45,43
303,523,52,44,42
304,523,52,44,42
305,523,53,45,43
306,523,55,47,45
307,523,56,48,46
308,523,56,48,46
309,523,56,48,46
310,523,54,46,44
311,523,47,38,36
312,523,44,34,32
313,523,51,41,39
314,523,59,49,47
315,523,55,45,43
316,523,49,39,36
317,523,60,51,46
318,523,103,94,89
280,524,101,93,91
281,524,66,58,56
282,524,39,31,29
283,524,34,26,24
284,524,55,47,45
285,524,70,62,60
286,524,63,55,53
287,524,39,31,29
288,524,32,24,22
289,524,46,38,36
290,524,53,45,43
291,524,44,36,34
292,524,48,40,38
293,524,51,43,41
294,524,52,44,42
295,524,54,46,44
296,524,56,48,46
297,524,58,50,48
298,524,55,47,45
299,524,49,41,39
300,524,43,35,33
301,524,49,41,39
302,524,52,44,42
303,524,53,45,43
304,524,54,46,44
305,524,55,47,45
306,524,54,46,44
307,524,54,46,44
308,524,53,45,43
309,524,51,43,41
310,524,51,43,41
311,524,54,45,43
312,524,53,43,41
313,524,47,37,35
314,524,55,45,43
315,524,55,45,43
316,524,56,46,43
317,524,75,66,62
318,524,124,115,110
283,525,103,95,93
284,525,64,56,54
285,525,44,36,34
286,525,44,36,34
287,525,55,47,45
288,525,59,51,49
289,525,53,45,43
290,525,48,40,38
291,525,51,43,41
292,525,54,46,44
293,525,56,48,46
294,525,56,48,46
295,525,54,46,44
296,525,53,45,43
297,525,52,44,42
298,525,51,43,41
299,525,49,41,39
300,525,48,40,38
301,525,47,39,37
302,525,49,41,39
303,525,53,45,43
304,525,54,46,44
305,525,54,46,44
306,525,51,43,41
307,525,49,41,39
308,525,47,39,37
309,525,48,40,38
310,525,50,42,40
311,525,57,48,46
312,525,58,48,46
313,525,49,39,37
314,525,50,40,38
315,525,51,41,39
316,525,64,54,51
317,525,96,87,82
285,526,123,115,113
286,526,92,84,82
287,526,69,61,59
288,526,54,46,44
289,526,44,36,34
290,526,43,35,33
291,526,51,43,41
292,526,52,44,42
293,526,55,47,45
294,526,56,48,46
295,526,56,48,46
296,526,52,44,42
297,526,48,40,38
298,526,48,40,38
299,526,51,43,41
300,526,55,47,45
301,526,49,41,39
302,526,49,41,39
303,526,52,44,42
304,526,53,45,43
305,526,52,44,42
306,526,50,42,40
307,526,48,40,38
308,526,47,39,37
309,526,49,41,39
310,526,52,44,42
311,526,53,43,41
312,526,55,45,43
313,526,57,47,45
314,526,49,39,37
315,526,49,39,37
316,526,75,66,63
317,526,122,113,108
288,527,124,116,114
289,527,108,100,98
290,527,86,78,76
291,527,54,46,44
292,527,45,37,35
293,527,43,35,33
294,527,49,41,39
295,527,59,51,49
296,527,62,54,52
297,527,57,49,47
298,527,52,44,42
299,527,50,42,40
300,527,52,44,42
301,527,53,45,43
302,527,53,45,43
303,527,51,43,41
304,527,50,42,40
305,527,50,42,40
306,527,51,43,41
307,527,52,44,42
308,527,53,45,43
309,527,55,47,45
310,527,56,48,46
311,527,49,40,38
312,527,53,43,41
313,527,64,55,52
314,527,47,37,34
315,527,56,46,43
316,527,99,90,87
291,528,133,125,123
292,528,101,93,91
293,528,71,63,61
294,528,56,48,46
295,528,55,47,45
296,528,58,50,48
297,528,57,49,47
298,528,54,46,44
299,528,54,46,44
300,528,56,48,46
301,528,58,50,48
302,528,55,47,45
303,528,51,43,41
304,528,50,42,39
305,528,51,43,41
306,528,54,46,44
307,528,57,49,46
308,528,58,50,48
309,528,58,50,48
310,528,58,50,48
311,528,51,42,39
312,528,55,46,43
313,528,66,57,53
314,528,45,36,31
315,528,67,58,53
316,528,124,115,110
294,529,126,118,115
295,529,94,86,84
296,529,66,58,55
297,529,49,41,38
298,529,45,37,34
299,529,49,41,38
300,529,54,46,43
301,529,48,40,37
302,529,46,38,35
303,529,49,41,38
304,529,56,48,45
305,529,63,55,52
306,529,61,53,50
307,529,53,45,42
308,529,46,38,35
309,529,47,39,36
310,529,52,45,42
311,529,57,50,45
312,529,60,53,47
313,529,60,53,47
314,529,58,51,45
315,529,90,83,75
297,530,127,119,116
298,530,98,90,87
299,530,71,63,60
300,530,53,45,42
301,530,51,43,40
302,530,51,43,40
303,530,51,43,40
304,530,51,43,40
305,530,51,43,40
306,530,52,44,41
307,530,55,47,44
308,530,57,49,46
309,530,56,48,45
310,530,53,46,41
311,530,61,53,46
312,530,55,48,40
313,530,43,36,28
314,530,80,73,66
315,530,125,118,110
301,531,118,110,107
302,531,80,72,69
303,531,49,41,38
304,531,40,32,29
305,531,57,49,46
306,531,69,61,58
307,531,62,54,51
308,531,48,40,37
309,531,46,38,35
310,531,58,50,47
311,531,60,53,48
312,531,41,34,29
313,531,34,27,22
314,531,105,98,91
303,532,131,123,120
304,532,104,96,93
305,532,75,67,64
306,532,54,46,43
307,532,44,36,33
308,532,46,38,35
309,532,55,47,44
310,532,65,57,54
311,532,62,54,50
312,532,55,48,42
313,532,71,64,57
306,533,133,125,122
307,533,104,96,93
308,533,78,70,67
309,533,60,52,49
310,533,52,44,41
311,533,55,47,43
312,533,73,66,60
313,533,109,102,96
309,534,123,115,112
310,534,95,87,84
311,534,93,86,81
312,534,115,108,102
