61,108,129,122,116
62,108,116,108,103
61,109,110,103,96
62,109,85,78,72
63,109,75,67,63
64,109,106,98,95
58,110,132,125,119
59,110,128,121,115
60,110,112,105,99
61,110,88,81,74
62,110,60,52,47
63,110,35,27,23
64,110,46,38,35
65,110,80,72,69
66,110,118,110,107
69,110,129,121,118
70,110,115,107,104
71,110,114,106,103
72,110,123,115,112
55,111,123,116,110
56,111,110,104,98
57,111,97,91,85
58,111,84,77,71
59,111,79,72,66
60,111,74,67,61
61,111,62,55,49
62,111,43,36,31
63,111,37,29,25
64,111,35,27,24
65,111,39,31,28
66,111,54,47,44
67,111,85,77,74
68,111,112,105,102
69,111,116,108,105
70,111,100,92,89
71,111,84,76,73
72,111,86,78,75
73,111,115,107,104
54,112,121,115,109
55,112,98,92,87
56,112,81,76,72
57,112,64,59,55
58,112,46,41,37
59,112,42,37,33
60,112,43,38,36
61,112,39,35,32
62,112,31,26,24
63,112,37,32,32
64,112,39,34,34
65,112,33,28,27
66,112,27,22,20
67,112,38,33,30
68,112,63,58,56
69,112,76,70,68
70,112,69,64,61
71,112,58,52,49
72,112,63,57,53
73,112,86,78,75
74,112,111,103,100
75,112,131,123,120
54,113,104,101,96
55,113,66,62,59
56,113,43,39,37
57,113,41,37,37
58,113,53,50,51
59,113,51,49,51
60,113,36,34,37
61,113,26,24,29
62,113,32,31,35
63,113,38,36,41
64,113,36,34,39
65,113,35,34,38
66,113,39,37,39
67,113,36,33,34
68,113,28,25,26
69,113,32,29,28
70,113,46,42,40
71,113,57,53,50
72,113,52,47,43
73,113,56,49,45
74,113,76,70,64
75,113,110,103,97
52,114,121,116,111
53,114,100,97,92
54,114,66,64,60
55,114,44,43,40
56,114,34,33,32
57,114,33,32,34
58,114,37,36,40
59,114,37,37,42
60,114,31,30,37
61,114,25,25,33
62,114,27,27,35
63,114,26,26,34
64,114,26,26,33
65,114,27,27,34
66,114,30,29,34
67,114,30,29,34
68,114,30,29,31
69,114,29,29,29
70,114,31,30,28
71,114,33,31,28
72,114,33,30,26
73,114,36,32,27
74,114,56,50,45
75,114,95,88,82
49,115,131,124,116
50,115,104,98,91
51,115,78,72,66
52,115,64,59,54
53,115,56,53,48
54,115,32,31,26
55,115,30,29,27
56,115,34,34,34
57,115,32,32,34
58,115,22,21,26
59,115,25,25,30
60,115,28,29,35
61,115,28,28,36
62,115,24,24,33
63,115,22,22,30
64,115,26,26,34
65,115,27,27,34
66,115,24,25,30
67,115,28,28,32
68,115,39,39,42
69,115,40,40,40
70,115,30,29,27
71,115,22,21,17
72,115,30,28,24
73,115,30,26,22
74,115,40,34,30
75,115,72,64,60
76,115,109,101,98
47,116,133,126,119
48,116,115,108,102
49,116,92,86,80
50,116,66,61,55
51,116,42,38,32
52,116,33,30,25
53,116,35,34,30
54,116,23,22,19
55,116,30,30,29
56,116,38,38,39
57,116,34,34,36
58,116,21,21,26
59,116,25,25,32
60,116,30,30,39
61,116,29,29,38
62,116,22,22,32
63,116,23,23,32
64,116,30,30,38
65,116,32,32,39
66,116,26,27,32
67,116,27,27,32
68,116,38,39,42
69,116,42,42,43
70,116,35,35,35
71,116,30,29,27
72,116,38,37,34
73,116,35,32,29
74,116,35,30,27
75,116,54,48,45
76,116,83,77,74
77,116,113,106,103
46,117,120,114,111
47,117,98,93,89
48,117,77,72,68
49,117,60,55,51
50,117,47,42,38
51,117,38,34,29
52,117,34,32,28
53,117,34,33,29
54,117,28,27,25
55,117,33,32,31
56,117,35,35,37
57,117,32,31,35
58,117,28,28,33
59,117,32,32,39
60,117,30,30,39
61,117,24,24,34
62,117,21,21,31
63,117,23,23,33
64,117,29,29,39
65,117,33,33,42
66,117,32,32,39
67,117,27,28,33
68,117,29,29,33
69,117,33,33,35
70,117,36,36,36
71,117,37,35,35
72,117,36,34,33
73,117,35,33,32
74,117,38,33,33
75,117,47,41,41
76,117,70,65,64
77,117,102,96,96
78,117,128,122,121
43,118,124,119,115
44,118,114,108,105
45,118,99,94,90
46,118,83,78,74
47,118,65,60,56
48,118,48,44,40
49,118,37,34,29
50,118,35,32,27
51,118,39,36,32
52,118,39,38,34
53,118,32,31,30
54,118,29,27,28
55,118,29,29,30
56,118,28,27,31
57,118,27,26,31
58,118,31,31,37
59,118,34,34,42
60,118,28,28,37
61,118,21,21,31
62,118,22,22,32
63,118,25,25,36
64,118,30,30,40
65,118,36,35,45
66,118,38,38,46
67,118,33,34,39
68,118,27,26,31
69,118,28,27,31
70,118,34,34,35
71,118,36,34,35
72,118,27,25,26
73,118,31,29,29
74,118,36,34,32
75,118,37,33,33
76,118,54,50,49
77,118,83,78,78
78,118,110,104,104
79,118,126,121,121
41,119,115,111,107
42,119,93,89,85
43,119,75,70,68
44,119,63,57,56
45,119,53,47,47
46,119,49,44,42
47,119,44,40,37
48,119,38,34,31
49,119,30,26,23
50,119,29,26,23
51,119,34,32,28
52,119,36,35,32
53,119,31,31,30
54,119,27,27,27
55,119,29,29,30
56,119,29,29,32
57,119,28,28,32
58,119,31,32,37
59,119,33,34,41
60,119,27,27,36
61,119,22,22,32
62,119,25,25,37
63,119,31,31,41
64,119,31,31,41
65,119,32,31,41
66,119,33,33,41
67,119,32,32,38
68,119,29,28,33
69,119,29,28,32
70,119,30,31,32
71,119,30,29,30
72,119,24,22,23
73,119,31,29,30
74,119,36,33,34
75,119,31,27,28
76,119,37,33,34
77,119,57,53,54
78,119,78,74,75
79,119,94,89,91
80,119,107,101,105
81,119,121,115,119
39,120,126,123,118
40,120,104,101,96
41,120,78,74,71
42,120,58,54,52
43,120,43,38,38
44,120,32,27,27
45,120,29,24,24
46,120,35,31,30
47,120,42,38,36
48,120,42,38,36
49,120,36,32,29
50,120,31,29,26
51,120,32,30,28
52,120,34,33,32
53,120,33,33,33
54,120,28,28,28
55,120,32,32,33
56,120,36,36,39
57,120,34,34,38
58,120,30,31,36
59,120,30,30,37
60,120,27,27,36
61,120,25,25,35
62,120,28,28,38
63,120,31,31,41
64,120,27,27,36
65,120,21,21,30
66,120,19,19,27
67,120,22,23,28
68,120,25,24,30
69,120,25,25,28
70,120,24,24,25
71,120,23,22,23
72,120,23,23,23
73,120,34,33,34
74,120,39,37,38
75,120,32,29,30
76,120,34,31,32
77,120,46,42,43
78,120,58,54,56
79,120,67,62,66
80,120,76,71,75
81,120,90,84,88
82,120,102,96,100
83,120,115,108,109
84,120,128,120,118
36,121,127,123,120
37,121,116,114,111
38,121,98,96,92
39,121,74,73,69
40,121,56,55,51
41,121,50,47,45
42,121,41,37,36
43,121,38,33,34
44,121,42,38,38
45,121,43,39,38
46,121,38,34,33
47,121,33,29,28
48,121,31,27,26
49,121,35,31,30
50,121,36,34,32
51,121,32,31,29
52,121,29,28,27
53,121,32,30,31
54,121,30,28,29
55,121,32,31,32
56,121,35,33,36
57,121,33,31,36
58,121,26,25,31
59,121,23,22,30
60,121,23,22,31
61,121,24,22,33
62,121,24,22,32
63,121,21,19,30
64,121,19,18,27
65,121,18,17,25
66,121,18,17,25
67,121,21,20,26
68,121,25,24,29
69,121,28,27,30
70,121,29,27,29
71,121,26,24,25
72,121,23,21,22
73,121,31,29,30
74,121,37,36,37
75,121,35,33,34
76,121,37,34,35
77,121,42,38,39
78,121,46,42,44
79,121,50,45,49
80,121,53,48,52
81,121,58,53,58
82,121,64,59,63
83,121,73,67,69
84,121,88,80,79
85,121,106,98,96
86,121,127,119,116
90,121,131,123,120
91,121,128,120,117
35,122,120,116,114
36,122,98,94,92
37,122,78,76,72
38,122,60,60,56
39,122,47,46,44
40,122,38,37,35
41,122,34,33,31
42,122,35,32,32
43,122,37,33,34
44,122,39,34,35
45,122,41,37,36
46,122,40,35,34
47,122,34,30,29
48,122,29,25,24
49,122,29,24,23
50,122,31,26,26
51,122,29,27,25
52,122,26,25,23
53,122,24,23,21
54,122,23,21,22
55,122,28,26,27
56,122,32,30,32
57,122,33,31,35
58,122,28,26,31
59,122,23,21,27
60,122,22,19,27
61,122,24,21,30
62,122,25,22,31
63,122,23,20,29
64,122,22,19,27
65,122,24,21,28
66,122,26,24,30
67,122,30,27,32
68,122,33,31,34
69,122,36,34,36
70,122,37,35,36
71,122,37,34,35
72,122,35,32,33
73,122,37,34,35
74,122,38,35,36
75,122,37,33,34
76,122,37,33,34
77,122,38,34,35
78,122,39,34,37
79,122,38,33,37
80,122,36,31,35
81,122,37,32,37
82,122,38,33,38
83,122,45,39,41
84,122,58,50,48
85,122,68,60,57
86,122,85,77,74
87,122,104,96,93
88,122,113,105,102
89,122,108,100,97
90,122,94,86,83
91,122,82,74,71
92,122,74,66,63
93,122,76,68,65
94,122,114,106,103
35,123,104,103,101
36,123,72,71,69
37,123,49,48,46
38,123,40,38,38
39,123,38,37,37
40,123,37,36,36
41,123,34,32,33
42,123,38,35,36
43,123,39,34,36
44,123,35,29,31
45,123,36,31,31
46,123,39,33,33
47,123,38,32,31
48,123,32,27,25
49,123,29,25,22
50,123,32,27,24
51,123,36,31,28
52,123,37,32,29
53,123,33,29,26
54,123,28,22,22
55,123,25,19,20
56,123,26,20,23
57,123,27,22,27
58,123,27,22,27
59,123,24,19,25
60,123,23,18,25
61,123,26,21,28
62,123,29,24,31
63,123,27,22,29
64,123,28,23,30
65,123,31,26,32
66,123,35,30,35
67,123,37,32,36
68,123,38,33,36
69,123,38,33,36
70,123,39,34,35
71,123,41,35,37
72,123,42,37,37
73,123,33,27,28
74,123,24,19,19
75,123,25,19,20
76,123,28,22,24
77,123,32,26,28
78,123,35,30,32
79,123,36,30,34
80,123,36,30,34
81,123,36,30,35
82,123,38,31,36
83,123,41,34,36
84,123,45,37,35
85,123,45,37,34
86,123,51,43,40
87,123,62,54,51
88,123,71,63,60
89,123,71,63,60
90,123,65,57,54
91,123,57,49,46
92,123,48,40,37
93,123,45,37,34
94,123,75,67,64
95,123,113,105,102
32,124,124,120,117
33,124,115,111,108
34,124,101,98,96
35,124,80,79,77
36,124,57,56,54
37,124,43,41,41
38,124,39,37,38
39,124,40,39,40
40,124,39,39,39
41,124,33,32,33
42,124,35,31,33
43,124,34,29,30
44,124,29,23,23
45,124,29,22,22
46,124,31,25,23
47,124,31,26,23
48,124,31,25,22
49,124,31,25,22
50,124,33,27,24
51,124,34,29,26
52,124,32,26,23
53,124,26,21,18
54,124,27,22,19
55,124,30,24,23
56,124,34,27,28
57,124,36,29,32
58,124,32,26,30
59,124,26,19,26
60,124,25,18,25
61,124,32,24,31
62,124,40,32,39
63,124,36,29,36
64,124,36,29,35
65,124,38,32,36
66,124,40,34,38
67,124,40,34,37
68,124,38,32,34
69,124,35,28,29
70,124,34,27,28
71,124,36,30,30
72,124,40,34,33
73,124,29,23,23
74,124,20,14,14
75,124,21,15,15
76,124,25,18,19
77,124,28,22,24
78,124,31,25,27
79,124,33,27,30
80,124,34,28,32
81,124,35,28,33
82,124,35,29,33
83,124,37,30,32
84,124,40,32,30
85,124,41,33,30
86,124,39,31,28
87,124,38,30,27
88,124,42,34,31
89,124,50,42,39
90,124,52,44,41
91,124,50,42,39
92,124,50,42,39
93,124,55,47,44
94,124,67,59,56
95,124,79,71,68
96,124,98,90,87
97,124,124,116,113
31,125,127,124,119
32,125,93,92,88
33,125,71,70,66
34,125,57,56,53
35,125,48,47,45
36,125,43,42,41
37,125,40,40,40
38,125,39,39,39
39,125,38,38,39
40,125,34,34,36
41,125,28,27,28
42,125,34,30,31
43,125,39,32,34
44,125,38,30,31
45,125,37,28,29
46,125,36,28,27
47,125,36,28,26
48,125,37,30,27
49,125,40,32,30
50,125,38,31,28
51,125,31,23,20
52,125,27,19,16
53,125,29,21,18
54,125,29,20,18
55,125,28,18,17
56,125,30,21,20
57,125,37,27,29
58,125,45,34,38
59,125,45,34,39
60,125,41,30,36
61,125,39,28,34
62,125,41,30,37
63,125,39,29,35
64,125,39,29,34
65,125,41,30,36
66,125,42,31,36
67,125,41,31,34
68,125,38,28,30
69,125,33,24,24
70,125,31,22,21
71,125,34,24,23
72,125,38,30,28
73,125,39,31,29
74,125,39,31,30
75,125,38,30,30
76,125,38,29,30
77,125,37,28,31
78,125,36,27,30
79,125,34,26,29
80,125,33,25,29
81,125,32,23,29
82,125,31,22,26
83,125,31,22,24
84,125,34,26,23
85,125,43,35,32
86,125,38,30,27
87,125,30,22,19
88,125,31,23,20
89,125,45,37,34
90,125,47,39,36
91,125,40,32,29
92,125,37,29,26
93,125,44,36,33
94,125,45,37,34
95,125,48,40,37
96,125,56,48,45
97,125,69,61,58
98,125,81,73,70
99,125,92,84,81
100,125,106,98,95
101,125,124,116,113
29,126,129,126,120
30,126,122,119,114
31,126,111,108,103
32,126,81,80,75
33,126,55,54,49
34,126,38,37,34
35,126,33,33,31
36,126,38,37,36
37,126,37,37,37
38,126,34,34,34
39,126,29,29,30
40,126,26,26,28
41,126,22,21,22
42,126,31,27,28
43,126,40,33,34
44,126,42,33,34
45,126,42,34,32
46,126,40,32,30
47,126,38,30,27
48,126,39,30,27
49,126,41,33,30
50,126,38,30,27
51,126,30,22,18
52,126,28,20,17
53,126,40,31,28
54,126,50,40,38
55,126,54,44,42
56,126,57,46,45
57,126,60,49,50
58,126,64,54,55
59,126,59,48,51
60,126,47,35,40
61,126,36,24,29
62,126,32,21,27
63,126,33,22,28
64,126,32,21,26
65,126,32,20,24
66,126,33,22,25
67,126,35,25,26
68,126,35,25,25
69,126,33,23,22
70,126,32,22,21
71,126,35,25,24
72,126,40,30,29
73,126,36,28,26
74,126,33,24,22
75,126,34,25,24
76,126,34,26,25
77,126,34,25,25
78,126,33,24,26
79,126,33,24,28
80,126,35,26,29
81,126,35,26,30
82,126,34,25,29
83,126,31,22,24
84,126,30,22,20
85,126,41,33,30
86,126,37,29,26
87,126,28,20,17
88,126,28,20,17
89,126,44,36,33
90,126,48,40,37
91,126,43,35,32
92,126,40,32,29
93,126,47,39,36
94,126,48,40,37
95,126,46,38,35
96,126,44,36,33
97,126,41,33,30
98,126,38,30,27
99,126,37,29,26
100,126,42,34,31
101,126,54,46,43
102,126,71,63,60
103,126,86,78,74
104,126,117,109,105
27,127,126,123,116
28,127,110,107,101
29,127,94,92,86
30,127,82,79,74
31,127,70,67,62
32,127,49,46,43
33,127,30,29,26
34,127,22,21,20
35,127,26,25,25
36,127,35,35,35
37,127,37,37,38
38,127,37,37,39
39,127,40,39,41
40,127,44,43,45
41,127,43,42,44
42,127,38,32,35
43,127,32,23,25
44,127,30,20,20
45,127,29,19,18
46,127,28,18,17
47,127,27,17,15
48,127,28,18,15
49,127,34,25,20
50,127,43,35,30
51,127,50,41,36
52,127,46,36,32
53,127,43,33,29
54,127,84,74,71
55,127,124,114,111
59,127,118,107,110
60,127,83,71,75
61,127,52,41,44
62,127,35,24,28
63,127,31,19,24
64,127,27,16,18
65,127,26,14,15
66,127,27,16,17
67,127,33,21,21
68,127,38,26,26
69,127,40,29,27
70,127,41,31,28
71,127,44,33,31
72,127,48,37,35
73,127,45,35,33
74,127,43,34,31
75,127,45,35,34
76,127,46,36,35
77,127,44,34,34
78,127,42,32,34
79,127,41,30,33
80,127,40,29,33
81,127,37,27,31
82,127,33,23,28
83,127,36,26,28
84,127,46,38,36
85,127,53,46,42
86,127,53,45,42
87,127,45,38,34
88,127,35,27,24
89,127,27,19,17
90,127,26,18,16
91,127,28,20,17
92,127,30,22,19
93,127,32,24,21
94,127,41,33,30
95,127,43,36,32
96,127,41,33,30
97,127,39,32,29
98,127,41,34,31
99,127,41,33,30
100,127,34,26,23
101,127,27,20,17
102,127,32,24,21
103,127,47,39,36
104,127,81,73,69
105,127,117,110,104
27,128,123,120,113
28,128,99,97,91
29,128,73,70,65
30,128,49,46,42
31,128,37,33,30
32,128,43,39,37
33,128,37,34,33
34,128,33,31,31
35,128,37,35,36
36,128,40,38,39
37,128,33,31,31
38,128,27,24,26
39,128,27,25,29
40,128,32,30,32
41,128,32,28,30
42,128,37,30,31
43,128,37,27,27
44,128,29,20,19
45,128,27,17,16
46,128,29,20,17
47,128,31,22,18
48,128,33,25,19
49,128,46,37,30
50,128,70,61,54
51,128,96,88,80
52,128,116,107,100
53,128,130,121,113
61,128,134,124,125
62,128,110,100,101
63,128,98,88,87
64,128,90,80,79
65,128,87,77,75
66,128,88,78,76
67,128,95,85,83
68,128,103,93,91
69,128,108,98,95
70,128,110,101,96
71,128,112,103,98
72,128,115,105,101
73,128,113,104,100
74,128,112,102,98
75,128,111,101,99
76,128,106,96,94
77,128,98,88,86
78,128,87,77,76
79,128,77,67,66
80,128,67,58,58
81,128,57,47,48
82,128,47,38,39
83,128,38,29,28
84,128,30,22,19
85,128,32,27,21
86,128,45,39,33
87,128,50,44,38
88,128,38,33,27
89,128,16,10,8
90,128,12,7,6
91,128,22,16,12
92,128,30,24,19
93,128,26,21,17
94,128,25,19,15
95,128,32,26,22
96,128,38,33,29
97,128,39,34,29
98,128,38,33,29
99,128,41,36,32
100,128,43,37,33
101,128,39,33,30
102,128,33,27,23
103,128,34,27,24
104,128,44,37,33
105,128,62,55,49
106,128,88,81,75
107,128,130,123,118
27,129,108,105,100
28,129,77,74,70
29,129,53,49,46
30,129,42,38,36
31,129,43,39,38
32,129,47,43,42
33,129,37,33,32
34,129,33,29,28
35,129,39,35,35
36,129,45,41,40
37,129,37,32,32
38,129,29,23,24
39,129,27,21,23
40,129,31,25,28
41,129,31,25,27
42,129,31,23,24
43,129,31,22,22
44,129,34,25,24
45,129,41,32,30
46,129,52,44,41
47,129,64,56,51
48,129,76,69,61
49,129,91,84,74
50,129,115,107,98
83,129,128,122,115
84,129,85,81,72
85,129,62,58,49
86,129,57,53,44
87,129,58,54,45
88,129,56,53,44
89,129,44,40,32
90,129,41,36,30
91,129,41,36,30
92,129,34,30,23
93,129,20,15,9
94,129,21,16,10
95,129,26,21,15
96,129,32,27,21
97,129,37,33,27
98,129,38,34,28
99,129,37,33,28
100,129,39,34,30
101,129,41,36,32
102,129,40,35,31
103,129,36,31,27
104,129,40,33,30
105,129,42,33,31
106,129,42,34,31
107,129,78,70,67
108,129,117,109,107
26,130,115,113,109
27,130,83,79,76
28,130,56,52,49
29,130,42,38,36
30,130,38,34,33
31,130,38,34,33
32,130,40,34,34
33,130,37,31,31
34,130,35,29,29
35,130,37,31,31
36,130,41,35,35
37,130,42,34,35
38,130,40,30,31
39,130,37,28,29
40,130,38,29,32
41,130,41,33,35
42,130,36,28,27
43,130,32,24,22
44,130,40,32,29
45,130,55,48,44
46,130,82,75,70
47,130,112,105,98
87,130,119,117,105
88,130,95,93,82
89,130,72,69,60
90,130,55,52,43
91,130,44,41,32
92,130,37,34,25
93,130,31,28,20
94,130,22,19,12
95,130,21,18,11
96,130,25,21,15
97,130,29,26,19
98,130,30,27,20
99,130,28,24,19
100,130,26,23,18
101,130,29,26,21
102,130,34,31,26
103,130,36,33,27
104,130,38,33,28
105,130,40,34,30
106,130,43,35,32
107,130,45,37,35
108,130,61,53,51
109,130,99,90,89
25,131,125,124,120
26,131,98,96,93
27,131,62,59,56
28,131,44,40,37
29,131,42,38,35
30,131,43,39,36
31,131,39,35,33
32,131,37,31,31
33,131,40,34,34
34,131,41,35,35
35,131,37,31,31
36,131,34,28,28
37,131,36,28,29
38,131,34,25,26
39,131,29,20,21
40,131,28,19,20
41,131,35,26,27
42,131,48,40,39
43,131,64,56,54
44,131,84,76,73
45,131,106,99,93
46,131,128,121,114
90,131,99,95,87
91,131,60,57,48
92,131,36,33,24
93,131,35,32,23
94,131,33,30,23
95,131,27,24,17
96,131,22,19,12
97,131,23,20,13
98,131,26,23,17
99,131,26,23,18
100,131,27,24,19
101,131,30,27,22
102,131,35,32,27
103,131,39,35,31
104,131,38,32,28
105,131,41,33,30
106,131,45,37,34
107,131,25,17,15
108,131,21,12,11
109,131,51,42,41
110,131,107,98,99
24,132,119,118,114
25,132,99,98,94
26,132,73,72,68
27,132,50,47,44
28,132,43,39,36
29,132,45,41,38
30,132,48,44,41
31,132,43,39,36
32,132,36,31,30
33,132,39,34,33
34,132,42,36,36
35,132,39,34,33
36,132,32,26,26
37,132,27,20,20
38,132,27,17,18
39,132,30,21,22
40,132,39,30,30
41,132,51,43,41
42,132,88,80,77
43,132,124,116,112
91,132,126,122,113
92,132,99,95,86
93,132,82,79,70
94,132,65,61,54
95,132,44,41,34
96,132,28,24,18
97,132,20,17,10
98,132,23,20,13
99,132,28,25,19
100,132,31,28,23
101,132,32,29,24
102,132,35,31,27
103,132,37,32,28
104,132,37,30,26
105,132,38,31,27
106,132,42,34,31
107,132,32,24,21
108,132,27,19,17
109,132,32,24,23
110,132,54,45,46
111,132,100,91,92
23,133,117,116,112
24,133,90,89,85
25,133,63,62,58
26,133,45,43,40
27,133,41,38,35
28,133,42,38,35
29,133,43,39,36
30,133,43,39,36
31,133,40,36,33
32,133,33,28,25
33,133,29,24,22
34,133,32,26,24
35,133,35,30,27
36,133,32,27,24
37,133,28,21,19
38,133,38,29,27
39,133,62,53,52
40,133,91,83,81
41,133,109,101,99
42,133,129,121,117
94,133,107,102,96
95,133,73,68,62
96,133,49,44,38
97,133,31,26,20
98,133,26,21,15
99,133,24,19,15
100,133,22,17,13
101,133,21,16,12
102,133,25,20,16
103,133,29,24,20
104,133,32,25,22
105,133,35,27,24
106,133,38,30,27
107,133,44,36,33
108,133,48,40,38
109,133,37,29,28
110,133,24,15,16
111,133,47,38,39
112,133,110,101,102
22,134,119,116,113
23,134,97,95,92
24,134,65,64,60
25,134,40,39,35
26,134,32,30,26
27,134,40,36,33
28,134,44,40,37
29,134,41,37,34
30,134,39,35,32
31,134,38,34,31
32,134,35,30,27
33,134,26,21,17
34,134,24,19,16
35,134,31,26,23
36,134,39,34,31
37,134,46,38,36
38,134,66,58,56
39,134,101,93,91
95,134,114,109,103
96,134,92,87,81
97,134,70,65,59
98,134,53,48,42
99,134,33,28,24
100,134,19,14,10
101,134,13,8,4
102,134,20,15,11
103,134,28,23,19
104,134,31,24,21
105,134,32,24,21
106,134,36,28,25
107,134,44,36,33
108,134,49,41,39
109,134,41,33,32
110,134,25,16,17
111,134,25,16,17
112,134,62,53,54
113,134,105,96,97
21,135,126,121,118
22,135,103,99,96
23,135,76,75,73
24,135,52,51,48
25,135,38,38,34
26,135,36,34,31
27,135,40,36,33
28,135,42,38,35
29,135,40,36,33
30,135,36,32,29
31,135,34,30,27
32,135,42,37,33
33,135,33,28,24
34,135,28,23,19
35,135,38,33,29
36,135,61,56,52
37,135,88,81,78
38,135,114,106,103
97,135,116,111,105
98,135,94,89,83
99,135,66,61,56
100,135,42,37,33
101,135,28,23,19
102,135,25,20,16
103,135,28,23,19
104,135,29,22,19
105,135,28,21,17
106,135,29,21,18
107,135,33,25,22
108,135,35,27,25
109,135,38,30,29
110,135,39,30,31
111,135,33,24,25
112,135,35,26,27
113,135,55,46,47
114,135,93,84,85
20,136,128,122,118
21,136,108,103,100
22,136,86,82,79
23,136,58,57,55
24,136,45,44,41
25,136,41,40,36
26,136,40,38,35
27,136,36,33,30
28,136,36,32,29
29,136,36,32,29
30,136,31,27,24
31,136,27,23,20
32,136,41,36,32
33,136,41,36,32
34,136,41,36,32
35,136,57,52,48
36,136,93,88,83
98,136,123,118,112
99,136,99,94,89
100,136,73,67,64
101,136,50,45,41
102,136,33,28,24
103,136,23,17,14
104,136,25,18,15
105,136,27,19,16
106,136,22,14,11
107,136,27,19,16
108,136,28,20,18
109,136,34,26,25
110,136,44,35,36
111,136,46,37,38
112,136,31,22,23
113,136,27,18,19
114,136,54,45,46
115,136,108,100,100
19,137,129,121,118
20,137,104,97,94
21,137,83,78,76
22,137,68,65,63
23,137,51,49,47
24,137,46,45,43
25,137,43,42,40
26,137,39,37,34
27,137,38,34,32
28,137,45,40,38
29,137,42,38,34
30,137,30,27,22
31,137,21,18,13
32,137,33,28,24
33,137,53,47,43
34,137,80,75,70
35,137,112,107,101
99,137,128,121,117
100,137,111,104,101
101,137,88,80,77
102,137,59,51,48
103,137,35,27,24
104,137,29,21,18
105,137,30,22,19
106,137,26,18,15
107,137,30,22,20
108,137,35,27,25
109,137,35,27,26
110,137,34,26,26
111,137,38,29,30
112,137,39,30,31
113,137,34,25,26
114,137,43,34,35
115,137,82,73,74
19,138,111,103,100
20,138,88,82,78
21,138,69,64,61
22,138,54,51,48
23,138,44,42,40
24,138,44,43,41
25,138,42,41,39
26,138,36,34,32
27,138,34,30,27
28,138,37,32,30
29,138,34,31,27
30,138,32,29,24
31,138,36,33,28
32,138,59,54,50
33,138,89,84,79
34,138,123,118,111
100,138,130,122,119
101,138,110,102,100
102,138,85,77,74
103,138,62,54,51
104,138,44,36,33
105,138,32,24,20
106,138,24,16,13
107,138,26,18,16
108,138,31,23,21
109,138,32,24,23
110,138,33,24,25
111,138,37,28,29
112,138,44,35,36
113,138,43,34,35
114,138,41,32,33
115,138,54,45,46
116,138,120,111,111
18,139,115,107,102
19,139,88,80,77
20,139,70,63,60
21,139,57,52,49
22,139,45,42,40
23,139,38,36,34
24,139,39,38,36
25,139,38,37,35
26,139,33,32,30
27,139,32,28,25
28,139,30,25,22
29,139,30,26,22
30,139,40,37,32
31,139,63,60,55
32,139,94,89,83
33,139,125,120,114
101,139,131,123,120
102,139,112,104,101
103,139,92,84,81
104,139,66,58,55
105,139,40,32,29
106,139,26,18,15
107,139,21,13,11
108,139,23,15,13
109,139,25,17,16
110,139,25,16,18
111,139,30,21,22
112,139,37,28,29
113,139,42,33,34
114,139,37,28,29
115,139,34,25,26
116,139,87,78,79
117,139,129,121,120
17,140,125,118,112
18,140,97,89,84
19,140,69,61,58
20,140,56,50,47
21,140,50,45,42
22,140,43,39,37
23,140,37,35,33
24,140,36,35,33
25,140,34,33,31
26,140,31,30,27
27,140,32,28,25
28,140,31,27,24
29,140,37,33,29
30,140,58,56,50
31,140,96,93,87
32,140,130,126,120
102,140,128,120,117
103,140,112,104,101
104,140,90,82,79
105,140,65,57,54
106,140,43,35,33
107,140,30,22,20
108,140,26,18,16
109,140,25,17,16
110,140,23,14,15
111,140,23,14,16
112,140,29,20,21
113,140,36,27,28
114,140,38,29,30
115,140,37,28,29
116,140,51,43,42
117,140,85,77,75
118,140,129,121,119
16,141,132,125,118
17,141,111,104,98
18,141,83,76,70
19,141,59,51,48
20,141,50,44,41
21,141,46,41,39
22,141,39,36,35
23,141,37,36,34
24,141,38,37,35
25,141,35,34,32
26,141,30,28,26
27,141,31,27,24
28,141,35,31,28
29,141,51,47,43
30,141,85,82,77
31,141,127,124,119
103,141,127,118,116
104,141,114,105,102
105,141,95,87,84
106,141,71,63,60
107,141,51,43,40
108,141,40,32,30
109,141,33,25,24
110,141,28,19,20
111,141,24,15,16
112,141,26,17,18
113,141,31,22,23
114,141,41,32,33
115,141,49,40,41
116,141,33,24,24
117,141,47,39,38
118,141,94,86,83
16,142,118,111,104
17,142,94,87,82
18,142,70,63,57
19,142,55,47,43
20,142,48,42,39
21,142,42,37,35
22,142,36,32,31
23,142,36,34,32
24,142,40,39,37
25,142,37,36,34
26,142,30,28,26
27,142,33,29,26
28,142,49,45,42
29,142,77,74,70
30,142,115,112,107
104,142,131,122,119
105,142,113,105,102
106,142,91,83,81
107,142,68,60,58
108,142,51,43,41
109,142,40,31,30
110,142,31,22,22
111,142,24,15,16
112,142,23,14,15
113,142,26,17,18
114,142,35,26,27
115,142,46,37,38
116,142,33,25,24
117,142,33,25,23
118,142,62,54,51
119,142,113,105,102
15,143,130,123,115
16,143,104,97,90
17,143,77,70,64
18,143,59,52,47
19,143,52,44,41
20,143,44,38,35
21,143,41,36,34
22,143,39,35,35
23,143,33,30,31
24,143,33,32,31
25,143,32,30,28
26,143,32,30,28
27,143,48,44,41
28,143,82,78,75
29,143,116,113,108
105,143,127,119,116
106,143,110,102,99
107,143,87,79,76
108,143,65,57,54
109,143,48,40,39
110,143,37,28,29
111,143,28,19,20
112,143,23,14,15
113,143,23,14,15
114,143,26,17,18
115,143,31,22,23
116,143,36,27,28
117,143,35,26,26
118,143,43,35,32
119,143,75,67,63
120,143,130,123,117
15,144,122,116,110
16,144,92,87,81
17,144,62,57,52
18,144,50,45,40
19,144,48,43,39
20,144,41,36,33
21,144,42,38,35
22,144,49,44,43
23,144,33,29,28
24,144,28,24,22
25,144,27,23,21
26,144,36,32,29
27,144,67,63,60
28,144,116,112,108
106,144,130,122,120
107,144,107,99,97
108,144,83,75,73
109,144,62,54,53
110,144,49,40,41
111,144,38,29,30
112,144,31,22,23
113,144,29,20,20
114,144,25,16,16
115,144,19,11,11
116,144,33,25,24
117,144,38,30,28
118,144,37,29,26
119,144,48,40,37
120,144,93,86,80
14,145,129,124,120
15,145,110,105,102
16,145,79,75,72
17,145,52,49,45
18,145,44,40,37
19,145,46,43,40
20,145,41,37,35
21,145,41,36,35
22,145,47,41,40
23,145,39,33,31
24,145,40,35,32
25,145,41,35,32
26,145,53,48,43
27,145,94,89,83
107,145,126,116,115
108,145,102,93,91
109,145,81,71,70
110,145,62,55,53
111,145,48,40,38
112,145,38,30,28
113,145,33,25,24
114,145,26,19,17
115,145,12,7,6
116,145,17,12,9
117,145,31,25,22
118,145,42,37,33
119,145,50,45,41
120,145,63,58,54
121,145,93,88,84
122,145,129,124,119
14,146,127,123,120
15,146,105,100,97
16,146,74,71,69
17,146,49,48,46
18,146,42,41,39
19,146,43,42,40
20,146,40,37,36
21,146,36,32,30
22,146,36,31,28
23,146,37,30,28
24,146,35,27,24
25,146,41,34,30
26,146,71,64,58
27,146,122,115,108
108,146,117,107,106
109,146,96,87,85
110,146,77,69,67
111,146,59,51,49
112,146,45,37,35
113,146,37,29,27
114,146,34,27,25
115,146,34,29,25
116,146,29,24,20
117,146,29,24,20
118,146,32,27,23
119,146,35,30,26
120,146,43,39,34
121,146,68,65,60
122,146,104,101,96
14,147,123,119,116
15,147,94,89,86
16,147,66,63,61
17,147,48,47,45
18,147,42,41,39
19,147,39,38,36
20,147,36,33,32
21,147,31,27,25
22,147,29,23,21
23,147,36,28,26
24,147,37,28,26
25,147,54,46,43
26,147,98,90,86
108,147,133,123,122
109,147,115,106,105
110,147,97,89,87
111,147,77,69,67
112,147,57,48,46
113,147,42,33,30
114,147,35,28,25
115,147,34,29,25
116,147,24,19,15
117,147,20,15,11
118,147,24,19,15
119,147,32,27,23
120,147,41,38,33
121,147,61,58,53
122,147,90,88,83
123,147,120,117,112
14,148,111,107,104
15,148,78,74,71
16,148,56,53,51
17,148,46,45,43
18,148,42,41,39
19,148,34,33,31
20,148,29,27,25
21,148,30,26,24
22,148,33,28,25
23,148,34,26,24
24,148,50,42,39
25,148,81,73,70
26,148,123,116,110
109,148,132,123,121
110,148,115,107,105
111,148,93,85,82
112,148,68,60,57
113,148,47,39,36
114,148,35,27,24
115,148,28,23,19
116,148,18,14,10
117,148,17,12,8
118,148,24,19,15
119,148,35,30,26
120,148,42,38,34
121,148,55,52,47
122,148,80,77,73
123,148,112,109,104
14,149,100,96,93
15,149,66,62,59
16,149,49,46,44
17,149,46,45,43
18,149,44,43,41
19,149,33,32,30
20,149,26,23,22
21,149,34,29,28
22,149,44,38,36
23,149,27,20,18
24,149,62,54,51
25,149,104,97,93
110,149,128,121,118
111,149,107,99,96
112,149,80,72,69
113,149,55,47,44
114,149,42,34,31
115,149,40,35,31
116,149,30,25,21
117,149,25,20,16
118,149,26,21,17
119,149,29,24,20
120,149,28,24,20
121,149,35,31,28
122,149,62,58,54
123,149,103,99,96
13,150,126,122,119
14,150,93,89,86
15,150,62,58,55
16,150,47,45,42
17,150,45,44,42
18,150,44,43,41
19,150,35,34,33
20,150,28,25,23
21,150,37,32,31
22,150,49,43,41
23,150,28,20,18
24,150,73,65,62
25,150,120,112,109
111,150,122,114,111
112,150,94,86,83
113,150,68,60,57
114,150,51,44,40
115,150,42,37,33
116,150,35,30,26
117,150,30,25,21
118,150,28,23,19
119,150,26,21,18
120,150,20,16,13
121,150,23,19,16
122,150,48,44,41
123,150,91,87,84
13,151,118,114,111
14,151,88,84,81
15,151,62,58,55
16,151,46,44,41
17,151,41,40,38
18,151,40,39,37
19,151,35,34,32
20,151,31,28,27
21,151,35,31,29
22,151,45,39,36
23,151,43,36,33
24,151,94,86,83
112,151,111,102,99
113,151,85,77,74
114,151,61,54,51
115,151,40,35,32
116,151,33,28,25
117,151,31,26,23
118,151,31,26,23
119,151,31,26,23
120,151,26,22,19
121,151,25,21,18
122,151,43,39,36
123,151,76,72,69
124,151,115,110,107
13,152,112,108,105
14,152,85,81,78
15,152,61,57,54
16,152,44,42,39
17,152,35,34,33
18,152,34,33,32
19,152,34,33,31
20,152,32,29,27
21,152,31,27,25
22,152,38,33,30
23,152,63,56,54
24,152,116,109,106
112,152,122,114,111
113,152,98,90,87
114,152,75,68,65
115,152,54,49,46
116,152,44,40,37
117,152,38,33,30
118,152,34,29,26
119,152,31,27,24
120,152,27,23,20
121,152,25,21,18
122,152,35,31,28
123,152,59,55,52
124,152,92,88,85
13,153,105,101,98
14,153,78,74,71
15,153,58,54,51
16,153,44,42,39
17,153,38,37,35
18,153,38,37,35
19,153,37,37,35
20,153,35,32,31
21,153,31,27,25
22,153,39,33,31
23,153,78,70,68
24,153,122,115,112
113,153,111,104,100
114,153,90,83,80
115,153,69,63,60
116,153,49,44,41
117,153,40,35,32
118,153,36,31,28
119,153,31,26,23
120,153,25,21,19
121,153,23,19,18
122,153,26,22,21
123,153,36,32,31
124,153,60,55,52
125,153,113,107,104
12,154,125,121,118
13,154,99,95,92
14,154,74,70,67
15,154,57,53,50
16,154,46,43,41
17,154,40,38,36
18,154,38,37,35
19,154,38,37,35
20,154,37,34,32
21,154,33,29,27
22,154,43,38,36
23,154,91,84,82
113,154,120,112,109
114,154,99,92,89
115,154,76,70,67
116,154,53,48,45
117,154,43,38,35
118,154,39,34,31
119,154,34,29,26
120,154,27,23,22
121,154,23,19,19
122,154,23,19,18
123,154,27,23,21
124,154,45,41,38
125,154,96,91,87
12,155,116,113,110
13,155,89,86,83
14,155,67,63,60
15,155,56,52,49
16,155,48,45,43
17,155,41,40,38
18,155,37,36,34
19,155,36,35,33
20,155,38,35,34
21,155,38,33,32
22,155,51,46,43
23,155,109,101,99
113,155,130,122,119
114,155,111,103,100
115,155,85,80,77
116,155,60,55,53
117,155,48,42,40
118,155,41,35,35
119,155,36,30,30
120,155,30,26,27
121,155,26,22,23
122,155,23,19,19
123,155,21,17,18
124,155,34,29,28
125,155,76,69,67
126,155,118,110,105
11,156,127,123,120
12,156,107,104,101
13,156,80,76,73
14,156,61,57,54
15,156,55,51,48
16,156,49,47,44
17,156,42,41,39
18,156,35,34,32
19,156,34,33,31
20,156,38,36,34
21,156,42,38,36
22,156,60,55,52
23,156,122,114,112
114,156,121,114,111
115,156,96,91,88
116,156,69,63,61
117,156,52,46,45
118,156,43,37,37
119,156,37,31,31
120,156,32,28,29
121,156,31,27,28
122,156,26,22,23
123,156,23,19,20
124,156,30,25,25
125,156,55,49,46
126,156,95,89,84
11,157,122,117,114
12,157,101,97,94
13,157,74,71,68
14,157,57,53,50
15,157,53,49,46
16,157,48,46,43
17,157,41,40,38
18,157,33,32,30
19,157,33,31,29
20,157,38,35,34
21,157,45,41,39
22,157,68,63,60
23,157,130,122,120
114,157,130,123,120
115,157,107,102,99
116,157,78,73,70
117,157,57,52,51
118,157,45,39,39
119,157,37,31,31
120,157,34,30,31
121,157,35,31,32
122,157,32,27,30
123,157,29,24,27
124,157,31,26,27
125,157,39,33,31
126,157,76,69,64
127,157,124,117,110
11,158,119,114,111
12,158,97,93,90
13,158,73,69,66
14,158,57,53,50
15,158,52,48,45
16,158,46,44,41
17,158,38,37,35
18,158,32,31,29
19,158,31,30,28
20,158,35,33,31
21,158,46,42,40
22,158,74,68,66
23,158,133,125,123
115,158,118,113,110
116,158,87,82,79
117,158,63,58,56
118,158,47,41,41
119,158,37,31,31
120,158,34,30,30
121,158,36,32,33
122,158,34,29,32
123,158,30,25,29
124,158,30,26,27
125,158,27,22,19
126,158,59,53,48
127,158,110,103,96
11,159,118,114,110
12,159,96,92,89
13,159,74,70,67
14,159,57,53,50
15,159,50,46,43
16,159,43,40,38
17,159,36,34,32
18,159,31,30,28
19,159,30,30,28
20,159,33,30,29
21,159,45,41,39
22,159,78,73,70
115,159,127,122,119
116,159,95,90,88
117,159,70,64,62
118,159,51,45,45
119,159,39,33,33
120,159,34,29,30
121,159,34,30,31
122,159,31,27,29
123,159,26,21,24
124,159,25,20,21
125,159,21,14,12
126,159,49,42,37
127,159,100,93,86
11,160,120,114,111
12,160,98,93,90
13,160,76,71,69
14,160,59,54,52
15,160,50,45,43
16,160,42,38,36
17,160,35,31,31
18,160,32,28,27
19,160,32,28,27
20,160,32,28,27
21,160,44,40,38
22,160,80,75,73
116,160,101,96,93
117,160,75,69,67
118,160,54,49,47
119,160,40,34,34
120,160,35,28,28
121,160,33,27,28
122,160,27,23,24
123,160,21,16,17
124,160,19,13,13
125,160,17,9,7
126,160,43,36,31
127,160,93,86,79
11,161,122,114,112
12,161,99,91,89
13,161,75,67,65
14,161,60,52,53
15,161,53,46,47
16,161,45,39,39
17,161,37,31,32
18,161,34,27,29
19,161,34,28,30
20,161,32,26,28
21,161,44,38,39
22,161,84,78,78
116,161,110,103,100
117,161,80,72,69
118,161,56,48,46
119,161,43,35,33
120,161,38,31,28
121,161,34,26,26
122,161,29,21,21
123,161,24,16,16
124,161,20,12,10
125,161,16,8,5
126,161,37,29,25
127,161,86,79,72
11,162,122,114,112
12,162,100,92,90
13,162,75,67,65
14,162,60,51,52
15,162,54,46,46
16,162,47,38,40
17,162,39,30,33
18,162,36,27,30
19,162,38,29,32
20,162,35,28,30
21,162,42,37,38
22,162,77,73,72
116,162,110,102,99
117,162,80,72,69
118,162,56,48,45
119,162,44,36,34
120,162,40,32,30
121,162,37,29,28
122,162,33,25,23
123,162,28,20,18
124,162,24,16,13
125,162,18,11,5
126,162,34,27,22
127,162,81,74,68
11,163,122,114,112
12,163,101,93,91
13,163,77,68,67
14,163,60,51,52
15,163,53,44,45
16,163,46,37,39
17,163,40,31,33
18,163,37,28,31
19,163,40,31,34
20,163,41,32,35
21,163,44,37,38
22,163,69,64,63
116,163,108,100,97
117,163,78,70,67
118,163,55,47,44
119,163,44,36,33
120,163,41,33,31
121,163,39,31,29
122,163,35,27,25
123,163,31,23,21
124,163,27,19,17
125,163,20,12,9
126,163,32,25,20
127,163,75,68,62
11,164,124,116,114
12,164,103,95,93
13,164,79,71,70
14,164,61,52,53
15,164,52,43,44
16,164,45,36,38
17,164,40,31,34
18,164,39,30,33
19,164,42,33,36
20,164,44,36,39
21,164,46,40,41
22,164,64,60,59
23,164,123,119,117
115,164,132,124,121
116,164,106,98,95
117,164,76,68,65
118,164,54,46,43
119,164,43,35,32
120,164,40,32,30
121,164,38,30,28
122,164,35,27,25
123,164,31,23,21
124,164,28,20,17
125,164,22,15,10
126,164,30,23,17
127,164,68,61,55
128,164,128,121,113
11,165,127,119,117
12,165,107,99,97
13,165,83,75,74
14,165,63,55,55
15,165,53,44,46
16,165,47,38,40
17,165,41,32,35
18,165,39,30,33
19,165,42,33,36
20,165,46,38,40
21,165,49,41,43
22,165,65,59,59
23,165,122,118,117
116,165,108,100,97
117,165,79,71,68
118,165,55,47,44
119,165,44,36,33
120,165,41,33,31
121,165,39,31,29
122,165,35,27,25
123,165,31,23,21
124,165,28,20,18
125,165,24,17,13
126,165,29,22,16
127,165,63,56,49
128,165,121,114,107
11,166,131,123,120
12,166,110,102,100
13,166,88,80,79
14,166,67,58,59
15,166,55,46,48
16,166,48,39,41
17,166,43,34,37
18,166,39,30,33
19,166,40,31,34
20,166,45,38,40
21,166,47,41,42
22,166,61,56,55
23,166,118,114,112
116,166,111,103,100
117,166,81,73,70
118,166,58,50,47
119,166,46,38,35
120,166,43,35,33
121,166,40,32,30
122,166,37,29,27
123,166,33,25,23
124,166,29,21,18
125,166,26,19,14
126,166,28,21,16
127,166,59,52,46
128,166,118,111,103
11,167,133,125,122
12,167,113,105,103
13,167,92,84,82
14,167,70,61,62
15,167,57,48,50
16,167,50,41,43
17,167,44,35,38
18,167,38,29,32
19,167,38,29,32
20,167,44,35,38
21,167,44,36,38
22,167,47,42,42
23,167,90,86,84
24,167,130,126,124
116,167,108,100,97
117,167,78,70,67
118,167,55,47,44
119,167,44,36,33
120,167,41,33,31
121,167,39,31,29
122,167,36,28,26
123,167,32,24,22
124,167,28,20,18
125,167,26,18,15
126,167,28,21,16
127,167,60,53,46
128,167,118,111,103
12,168,116,108,106
13,168,95,87,85
14,168,73,64,64
15,168,59,50,51
16,168,51,42,44
17,168,45,36,39
18,168,38,29,32
19,168,36,27,30
20,168,42,35,37
21,168,41,35,36
22,168,34,30,29
23,168,54,50,47
24,168,108,105,101
115,168,128,121,117
116,168,103,95,92
117,168,73,65,62
118,168,51,43,40
119,168,40,32,29
120,168,37,29,27
121,168,36,28,26
122,168,33,25,23
123,168,29,21,18
124,168,26,18,15
125,168,24,16,12
126,168,29,22,16
127,168,62,55,49
128,168,120,113,105
12,169,123,115,113
13,169,99,91,89
14,169,78,69,70
15,169,59,50,51
16,169,48,39,41
17,169,43,34,37
18,169,40,31,34
19,169,36,27,30
20,169,44,35,38
21,169,49,41,43
22,169,45,39,39
23,169,48,44,43
24,169,99,95,93
115,169,123,116,112
116,169,99,91,88
117,169,70,62,59
118,169,47,39,36
119,169,37,29,26
120,169,36,28,26
121,169,34,26,24
122,169,31,23,21
123,169,27,19,17
124,169,25,17,15
125,169,18,11,8
126,169,34,27,22
127,169,75,68,61
128,169,123,116,108
12,170,125,118,115
13,170,102,94,93
14,170,81,73,73
15,170,61,52,54
16,170,49,40,42
17,170,43,34,37
18,170,39,30,33
19,170,33,24,27
20,170,38,31,34
21,170,49,43,44
22,170,54,50,49
23,170,53,49,47
24,170,98,95,90
115,170,119,111,108
116,170,92,84,81
117,170,65,57,54
118,170,45,37,34
119,170,37,29,26
120,170,34,26,24
121,170,35,27,25
122,170,34,26,24
123,170,31,23,21
124,170,26,18,15
125,170,21,14,9
126,170,41,34,28
127,170,84,77,70
128,170,129,122,114
12,171,130,122,120
13,171,109,100,99
14,171,89,80,80
15,171,68,59,60
16,171,54,45,46
17,171,45,36,39
18,171,39,30,33
19,171,32,23,26
20,171,37,28,31
21,171,44,37,38
22,171,45,40,40
23,171,46,42,40
24,171,82,78,76
114,171,132,124,119
115,171,112,104,101
116,171,82,74,71
117,171,57,49,46
118,171,44,36,33
119,171,37,29,26
120,171,32,24,22
121,171,34,26,24
122,171,37,29,27
123,171,35,27,25
124,171,26,18,15
125,171,25,17,14
126,171,51,44,39
127,171,96,89,83
13,172,117,109,107
14,172,96,88,88
15,172,74,65,66
16,172,57,48,50
17,172,47,38,42
18,172,41,32,35
19,172,34,25,28
20,172,38,31,33
21,172,44,38,39
22,172,44,40,38
23,172,44,40,37
24,172,61,58,54
25,172,104,101,96
114,172,124,116,111
115,172,104,96,93
116,172,72,64,61
117,172,51,43,40
118,172,42,34,31
119,172,37,29,26
120,172,31,23,20
121,172,32,24,22
122,172,37,29,28
123,172,35,27,25
124,172,24,16,13
125,172,28,20,16
126,172,60,53,47
127,172,106,99,93
13,173,123,115,113
14,173,102,93,94
15,173,78,69,70
16,173,59,50,52
17,173,48,39,42
18,173,42,33,36
19,173,35,26,29
20,173,40,32,34
21,173,51,43,45
22,173,57,52,52
23,173,56,52,50
24,173,51,47,44
25,173,74,70,65
26,173,123,119,114
113,173,133,126,119
114,173,115,108,102
115,173,93,85,81
116,173,64,56,53
117,173,46,38,35
118,173,39,31,28
119,173,37,29,26
120,173,31,23,20
121,173,31,23,21
122,173,35,27,25
123,173,32,24,22
124,173,21,13,11
125,173,29,22,18
126,173,67,60,55
127,173,113,106,100
13,174,128,119,118
14,174,108,100,100
15,174,83,74,75
16,174,62,53,55
17,174,50,41,44
18,174,42,33,36
19,174,34,26,29
20,174,38,30,32
21,174,44,38,39
22,174,47,42,41
23,174,50,46,44
24,174,47,43,39
25,174,60,57,52
26,174,102,98,93
113,174,126,119,113
114,174,104,97,92
115,174,79,71,68
116,174,56,48,45
117,174,42,34,31
118,174,37,29,26
119,174,37,29,26
120,174,32,24,22
121,174,31,23,21
122,174,32,24,22
123,174,28,20,18
124,174,21,13,10
125,174,37,30,25
126,174,80,73,67
127,174,123,116,110
14,175,119,110,110
15,175,93,84,84
16,175,70,61,63
17,175,56,47,49
18,175,46,37,39
19,175,35,26,29
20,175,37,28,31
21,175,36,29,30
22,175,31,25,25
23,175,38,33,32
24,175,47,43,41
25,175,56,53,49
26,175,81,77,72
113,175,118,111,106
114,175,93,86,81
115,175,64,56,53
116,175,49,41,38
117,175,39,31,28
118,175,35,27,24
119,175,35,27,24
120,175,35,27,25
121,175,33,25,23
122,175,29,21,19
123,175,24,16,14
124,175,24,16,14
125,175,53,45,42
126,175,101,94,88
14,176,129,121,119
15,176,104,96,94
16,176,81,72,72
17,176,63,54,55
18,176,50,41,42
19,176,37,28,29
20,176,37,27,28
21,176,39,31,30
22,176,39,34,31
23,176,42,38,35
24,176,53,50,46
25,176,54,49,44
26,176,55,50,46
27,176,87,82,77
112,176,132,125,119
113,176,110,103,98
114,176,82,75,72
115,176,53,45,42
116,176,43,36,33
117,176,37,29,26
118,176,32,25,22
119,176,32,25,22
120,176,36,29,26
121,176,34,27,24
122,176,28,20,18
123,176,24,16,14
124,176,30,22,19
125,176,70,62,58
126,176,119,113,106
15,177,117,109,106
16,177,93,85,82
17,177,71,63,60
18,177,54,46,43
19,177,43,35,32
20,177,38,30,27
21,177,40,32,29
22,177,49,41,38
23,177,58,50,47
24,177,60,53,48
25,177,62,55,49
26,177,57,50,46
27,177,47,40,36
28,177,78,70,67
112,177,116,111,107
113,177,93,88,84
114,177,66,61,58
115,177,43,38,35
116,177,42,36,33
117,177,38,32,29
118,177,29,24,21
119,177,24,19,16
120,177,33,28,24
121,177,34,29,25
122,177,27,22,18
123,177,28,22,18
124,177,52,45,40
125,177,99,92,86
126,177,132,124,117
15,178,126,119,113
16,178,104,97,91
17,178,82,75,69
18,178,62,55,49
19,178,49,42,36
20,178,41,34,28
21,178,37,30,24
22,178,38,31,26
23,178,46,39,34
24,178,50,43,38
25,178,59,52,47
26,178,64,56,52
27,178,54,46,43
28,178,60,52,49
29,178,107,99,96
111,178,127,122,118
112,178,104,99,96
113,178,79,74,71
114,178,54,49,46
115,178,34,28,27
116,178,36,30,30
117,178,39,33,32
118,178,35,30,27
119,178,30,25,22
120,178,35,30,26
121,178,33,28,24
122,178,25,20,15
123,178,25,20,14
124,178,50,44,38
125,178,104,97,90
16,179,119,112,106
17,179,96,89,83
18,179,75,68,62
19,179,57,50,44
20,179,44,37,31
21,179,35,28,23
22,179,31,23,20
23,179,39,31,27
24,179,44,36,33
25,179,53,45,41
26,179,62,54,51
27,179,63,55,53
28,179,56,48,45
29,179,72,64,62
30,179,116,108,106
111,179,122,116,114
112,179,92,86,85
113,179,67,61,61
114,179,47,41,41
115,179,31,25,25
116,179,31,24,25
117,179,36,30,29
118,179,38,33,30
119,179,35,31,27
120,179,34,29,25
121,179,30,25,21
122,179,26,21,16
123,179,33,28,21
124,179,62,55,49
125,179,113,104,97
16,180,132,125,119
17,180,112,105,99
18,180,88,81,75
19,180,65,58,52
20,180,47,40,34
21,180,37,30,25
22,180,35,27,25
23,180,41,33,30
24,180,47,39,36
25,180,49,41,38
26,180,53,45,43
27,180,65,57,55
28,180,61,53,51
29,180,54,46,45
30,180,72,64,62
31,180,120,112,111
110,180,131,126,123
111,180,108,103,100
112,180,74,68,68
113,180,50,44,44
114,180,40,34,34
115,180,39,33,33
116,180,29,23,22
117,180,29,24,22
118,180,34,29,26
119,180,35,30,27
120,180,28,23,19
121,180,23,18,14
122,180,29,24,20
123,180,52,47,41
124,180,89,84,77
125,180,124,117,109
17,181,127,120,114
18,181,104,97,91
19,181,77,70,64
20,181,55,48,42
21,181,44,37,32
22,181,40,32,30
23,181,39,31,28
24,181,45,37,35
25,181,49,41,39
26,181,51,43,42
27,181,62,53,54
28,181,63,54,56
29,181,50,41,44
30,181,49,41,43
31,181,82,73,76
109,181,125,120,117
110,181,114,109,106
111,181,88,83,80
112,181,53,47,46
113,181,29,23,23
114,181,29,23,23
115,181,45,39,39
116,181,27,21,21
117,181,23,18,16
118,181,31,26,23
119,181,32,27,24
120,181,22,17,14
121,181,20,15,11
122,181,36,31,26
123,181,72,67,61
124,181,114,108,102
18,182,122,115,109
19,182,95,88,83
20,182,72,65,60
21,182,56,49,44
22,182,44,36,33
23,182,31,23,21
24,182,38,29,28
25,182,48,39,39
26,182,54,46,46
27,182,59,50,53
28,182,59,50,53
29,182,50,41,44
30,182,49,40,43
31,182,66,57,60
32,182,93,84,88
109,182,119,113,110
110,182,100,95,92
111,182,71,66,64
112,182,42,36,35
113,182,22,16,16
114,182,25,19,19
115,182,43,37,37
116,182,25,19,19
117,182,24,19,17
118,182,31,26,24
119,182,31,26,23
120,182,20,15,11
121,182,27,22,17
122,182,54,49,42
123,182,91,87,80
124,182,125,120,113
19,183,116,109,103
20,183,94,87,82
21,183,74,66,63
22,183,53,45,43
23,183,34,27,24
24,183,32,23,23
25,183,39,30,31
26,183,49,40,41
27,183,54,45,48
28,183,55,46,51
29,183,54,45,49
30,183,54,45,50
31,183,58,49,53
32,183,56,47,52
33,183,94,85,89
108,183,128,123,120
109,183,105,99,98
110,183,77,71,70
111,183,51,45,45
112,183,35,29,30
113,183,28,22,24
114,183,29,23,25
115,183,35,29,29
116,183,25,19,19
117,183,31,26,24
118,183,36,31,28
119,183,27,22,18
120,183,18,13,8
121,183,42,37,32
122,183,83,78,72
123,183,119,114,107
19,184,131,124,118
20,184,111,104,98
21,184,89,81,77
22,184,65,57,55
23,184,48,40,38
24,184,34,26,26
25,184,31,22,24
26,184,38,29,31
27,184,48,39,43
28,184,57,48,52
29,184,59,50,55
30,184,54,45,51
31,184,50,40,46
32,184,51,42,47
33,184,66,57,62
34,184,98,89,93
107,184,130,125,123
108,184,112,106,104
109,184,81,75,74
110,184,48,42,42
111,184,28,22,23
112,184,27,21,23
113,184,32,26,28
114,184,34,28,30
115,184,29,23,24
116,184,28,22,22
117,184,38,32,31
118,184,37,32,29
119,184,22,17,13
120,184,18,13,8
121,184,58,53,47
122,184,111,107,99
20,185,128,120,116
21,185,107,99,96
22,185,82,74,72
23,185,60,52,50
24,185,46,38,38
25,185,39,30,32
26,185,39,30,33
27,185,46,37,42
28,185,53,44,49
29,185,53,44,50
30,185,52,43,50
31,185,57,47,54
32,185,58,48,56
33,185,41,31,39
34,185,57,48,54
35,185,114,105,110
106,185,123,118,117
107,185,108,102,102
108,185,86,80,79
109,185,55,49,50
110,185,27,21,23
111,185,21,15,17
112,185,29,23,26
113,185,36,30,33
114,185,34,28,31
115,185,28,22,24
116,185,33,27,28
117,185,37,31,30
118,185,30,25,22
119,185,20,15,12
120,185,31,26,21
121,185,75,70,65
122,185,124,119,112
21,186,132,125,120
22,186,105,98,95
23,186,80,72,70
24,186,61,53,51
25,186,46,37,37
26,186,37,28,29
27,186,39,30,33
28,186,45,36,40
29,186,45,36,42
30,186,47,38,43
31,186,50,41,48
32,186,49,39,47
33,186,63,53,61
34,186,64,55,62
35,186,57,48,53
36,186,77,68,73
105,186,129,124,122
106,186,111,105,105
107,186,83,77,77
108,186,58,52,53
109,186,41,35,37
110,186,31,25,27
111,186,23,17,20
112,186,20,14,18
113,186,24,18,23
114,186,27,21,25
115,186,25,19,21
116,186,32,26,27
117,186,34,28,26
118,186,31,26,23
119,186,37,32,28
120,186,63,58,53
121,186,102,97,91
22,187,130,122,119
23,187,105,97,95
24,187,82,74,72
25,187,58,50,49
26,187,39,30,32
27,187,33,24,27
28,187,38,29,34
29,187,40,31,36
30,187,43,34,39
31,187,49,40,46
32,187,53,43,51
33,187,61,51,59
34,187,58,49,56
35,187,44,35,40
36,187,35,26,31
37,187,57,48,51
38,187,99,90,93
104,187,123,118,114
105,187,105,99,99
106,187,81,75,77
107,187,52,46,48
108,187,35,29,33
109,187,31,25,29
110,187,32,26,30
111,187,27,21,25
112,187,20,14,18
113,187,19,13,17
114,187,24,18,21
115,187,31,25,27
116,187,33,27,29
117,187,31,26,26
118,187,38,32,31
119,187,62,57,54
120,187,104,99,95
23,188,127,120,116
24,188,106,98,95
25,188,80,72,69
26,188,53,45,43
27,188,38,29,30
28,188,36,27,30
29,188,37,28,31
30,188,40,31,35
31,188,49,40,45
32,188,56,47,52
33,188,46,37,42
34,188,39,30,36
35,188,46,37,42
36,188,60,51,55
37,188,60,51,55
38,188,57,48,51
39,188,71,62,64
40,188,114,105,106
103,188,120,117,109
104,188,98,93,90
105,188,70,64,65
106,188,44,38,40
107,188,32,26,30
108,188,32,26,30
109,188,31,25,29
110,188,28,22,26
111,188,29,23,27
112,188,32,26,30
113,188,28,22,26
114,188,28,22,26
115,188,36,30,32
116,188,29,23,24
117,188,26,20,19
118,188,43,38,34
119,188,81,76,72
120,188,125,120,115
24,189,132,124,120
25,189,108,100,97
26,189,77,69,67
27,189,52,44,42
28,189,39,30,31
29,189,31,22,24
30,189,30,21,25
31,189,36,27,32
32,189,40,31,36
33,189,56,47,52
34,189,69,60,65
35,189,70,61,65
36,189,60,51,55
37,189,51,42,45
38,189,43,34,37
39,189,44,35,37
40,189,60,51,52
41,189,92,84,82
101,189,129,127,117
102,189,106,105,96
103,189,87,85,77
104,189,63,59,56
105,189,41,35,36
106,189,28,22,26
107,189,30,24,28
108,189,36,30,33
109,189,35,29,34
110,189,29,22,29
111,189,30,23,30
112,189,36,28,35
113,189,37,31,36
114,189,34,28,32
115,189,28,22,25
116,189,16,10,13
117,189,24,18,18
118,189,54,48,46
119,189,96,91,87
120,189,130,125,120
26,190,109,101,98
27,190,78,70,67
28,190,52,44,43
29,190,32,23,23
30,190,22,13,15
31,190,28,19,22
32,190,42,33,36
33,190,46,37,41
34,190,52,43,47
35,190,62,53,56
36,190,64,55,58
37,190,56,47,49
38,190,49,40,42
39,190,48,39,42
40,190,52,43,44
41,190,51,42,41
42,190,67,59,55
43,190,99,92,85
100,190,125,121,113
101,190,98,95,86
102,190,67,67,57
103,190,43,42,35
104,190,30,27,25
105,190,29,24,26
106,190,34,28,32
107,190,35,29,34
108,190,35,29,33
109,190,36,29,35
110,190,35,28,35
111,190,30,23,30
112,190,29,22,29
113,190,34,27,34
114,190,35,28,34
115,190,25,19,23
116,190,27,21,24
117,190,51,45,46
118,190,88,83,81
119,190,123,118,114
27,191,114,106,102
28,191,81,73,71
29,191,51,42,42
30,191,34,25,26
31,191,33,24,27
32,191,34,25,28
33,191,38,29,32
34,191,42,33,37
35,191,47,38,41
36,191,51,42,45
37,191,56,47,49
38,191,59,50,52
39,191,60,51,52
40,191,59,50,51
41,191,58,50,48
42,191,53,45,41
43,191,50,43,37
44,191,62,55,47
45,191,94,87,79
98,191,122,119,110
99,191,101,98,89
100,191,78,76,67
101,191,56,55,46
102,191,37,37,27
103,191,24,22,16
104,191,24,20,18
105,191,32,25,29
106,191,37,30,36
107,191,37,30,36
108,191,34,27,33
109,191,32,26,32
110,191,34,27,33
111,191,32,25,31
112,191,28,21,27
113,191,27,19,26
114,191,29,22,28
115,191,38,32,36
116,191,67,61,63
117,191,103,97,97
28,192,112,104,101
29,192,79,71,68
30,192,57,49,48
31,192,50,41,43
32,192,39,30,32
33,192,34,25,27
34,192,38,29,32
35,192,47,38,41
36,192,53,44,47
37,192,51,42,45
38,192,52,43,46
39,192,56,47,51
40,192,62,53,56
41,192,63,54,55
42,192,59,50,49
43,192,55,48,43
44,192,51,44,37
45,192,39,32,24
46,192,44,37,30
47,192,74,68,60
48,192,116,109,101
95,192,130,125,119
96,192,116,111,105
97,192,93,89,82
98,192,68,65,58
99,192,46,43,36
100,192,32,30,23
101,192,26,26,18
102,192,28,27,19
103,192,31,29,23
104,192,36,31,30
105,192,36,29,32
106,192,31,24,28
107,192,32,26,30
108,192,33,26,31
109,192,30,23,28
110,192,27,21,25
111,192,31,25,29
112,192,33,27,31
113,192,25,18,22
114,192,26,19,22
115,192,56,50,52
116,192,102,96,97
29,193,120,112,109
30,193,95,87,86
31,193,74,65,66
32,193,51,42,43
33,193,31,22,23
34,193,24,15,18
35,193,33,24,27
36,193,43,34,37
37,193,40,31,34
38,193,39,30,34
39,193,45,36,41
40,193,53,44,49
41,193,50,42,45
42,193,55,48,48
43,193,58,53,50
44,193,55,50,46
45,193,48,43,38
46,193,52,47,42
47,193,61,56,51
48,193,61,56,52
49,193,49,44,39
50,193,56,51,46
51,193,91,86,82
52,193,128,123,119
93,193,130,125,122
94,193,98,93,90
95,193,76,71,68
96,193,61,56,53
97,193,45,39,36
98,193,33,28,25
99,193,26,21,18
100,193,24,19,16
101,193,25,21,17
102,193,31,26,23
103,193,37,32,29
104,193,37,31,30
105,193,32,25,26
106,193,27,18,21
107,193,29,20,23
108,193,36,27,30
109,193,38,29,31
110,193,32,23,24
111,193,24,16,17
112,193,31,23,22
113,193,46,38,36
114,193,68,60,59
115,193,98,90,88
116,193,130,122,121
30,194,122,114,112
31,194,106,98,96
32,194,81,72,73
33,194,53,44,45
34,194,37,28,30
35,194,35,26,29
36,194,40,31,34
37,194,37,28,32
38,194,39,30,35
39,194,46,37,43
40,194,53,44,51
41,194,50,41,46
42,194,49,42,42
43,194,52,47,44
44,194,56,51,47
45,194,50,45,41
46,194,46,41,37
47,194,51,46,42
48,194,55,50,46
49,194,50,45,41
50,194,44,39,35
51,194,47,42,38
52,194,57,52,48
53,194,68,63,59
54,194,79,74,70
55,194,100,95,91
56,194,119,114,110
57,194,129,124,120
58,194,128,123,119
90,194,117,111,111
91,194,94,88,88
92,194,75,69,68
93,194,63,57,56
94,194,40,34,34
95,194,29,23,23
96,194,27,21,20
97,194,27,21,20
98,194,30,24,23
99,194,34,28,28
100,194,37,31,31
101,194,38,32,32
102,194,37,31,31
103,194,36,30,30
104,194,32,24,25
105,194,29,19,20
106,194,30,21,22
107,194,32,23,25
108,194,32,23,25
109,194,30,21,21
110,194,28,20,18
111,194,35,27,25
112,194,59,51,48
113,194,89,81,78
114,194,114,106,103
115,194,132,124,121
32,195,113,104,104
33,195,82,73,74
34,195,57,48,49
35,195,42,33,36
36,195,38,29,32
37,195,34,25,30
38,195,37,28,33
39,195,45,36,42
40,195,52,43,49
41,195,49,41,45
42,195,38,30,32
43,195,39,33,32
44,195,55,50,47
45,195,60,55,52
46,195,52,47,44
47,195,46,41,38
48,195,48,43,40
49,195,55,50,47
50,195,58,53,50
51,195,56,51,47
52,195,49,44,41
53,195,42,37,34
54,195,44,39,36
55,195,44,39,36
56,195,52,47,44
57,195,60,55,52
58,195,53,48,45
59,195,55,50,47
60,195,89,84,81
61,195,129,124,121
84,195,122,116,116
85,195,116,110,110
86,195,105,99,99
87,195,91,85,85
88,195,78,72,72
89,195,68,62,62
90,195,56,50,50
91,195,45,39,39
92,195,37,31,31
93,195,35,29,29
94,195,32,26,26
95,195,33,27,27
96,195,34,28,28
97,195,35,29,29
98,195,34,28,28
99,195,34,28,28
100,195,34,28,28
101,195,33,27,27
102,195,31,25,25
103,195,29,22,22
104,195,29,21,22
105,195,32,23,24
106,195,35,26,27
107,195,35,27,26
108,195,33,25,23
109,195,34,26,25
110,195,47,39,37
111,195,73,65,63
112,195,108,100,97
32,196,129,121,118
33,196,102,93,93
34,196,76,67,68
35,196,55,46,47
36,196,41,32,35
37,196,32,23,26
38,196,30,21,24
39,196,33,24,29
40,196,38,29,33
41,196,37,28,32
42,196,42,35,36
43,196,49,43,42
44,196,55,49,47
45,196,60,55,52
46,196,59,54,51
47,196,54,49,46
48,196,49,44,41
49,196,47,42,40
50,196,44,39,36
51,196,35,30,28
52,196,35,30,28
53,196,45,40,38
54,196,42,37,35
55,196,41,36,33
56,196,47,42,39
57,196,52,47,44
58,196,42,37,35
59,196,33,28,25
60,196,40,35,33
61,196,53,48,45
62,196,55,50,48
63,196,55,51,48
64,196,70,66,63
65,196,92,88,85
66,196,109,106,103
67,196,113,110,107
68,196,107,103,101
69,196,99,95,92
70,196,96,92,89
71,196,101,98,95
72,196,109,105,102
73,196,109,105,102
74,196,107,103,100
75,196,107,103,100
76,196,101,97,95
77,196,92,88,85
78,196,83,79,76
79,196,76,73,70
80,196,73,69,66
81,196,69,66,63
82,196,66,62,59
83,196,60,55,54
84,196,54,48,48
85,196,49,43,43
86,196,41,35,35
87,196,33,27,27
88,196,29,23,23
89,196,29,23,24
90,196,33,27,28
91,196,39,33,33
92,196,45,39,39
93,196,49,43,43
94,196,42,36,36
95,196,41,35,36
96,196,43,37,37
97,196,41,35,35
98,196,35,29,29
99,196,30,24,25
100,196,29,23,23
101,196,31,25,25
102,196,32,26,27
103,196,33,27,27
104,196,34,26,27
105,196,34,25,26
106,196,33,24,23
107,196,32,24,22
108,196,40,32,30
109,196,59,51,49
110,196,88,80,78
111,196,121,113,111
34,197,124,115,116
35,197,102,93,94
36,197,81,72,73
37,197,63,54,55
38,197,50,41,43
39,197,42,33,36
40,197,38,29,32
41,197,37,28,31
42,197,44,36,37
43,197,46,40,40
44,197,42,36,36
45,197,45,39,39
46,197,49,43,42
47,197,49,43,42
48,197,47,41,41
49,197,50,44,44
50,197,53,47,47
51,197,52,46,45
52,197,55,49,48
53,197,61,56,55
54,197,50,44,44
55,197,49,43,42
56,197,49,43,42
57,197,46,40,40
58,197,46,40,40
59,197,52,46,46
60,197,50,44,44
61,197,45,39,39
62,197,44,38,38
63,197,44,40,38
64,197,40,38,36
65,197,37,36,34
66,197,37,36,33
67,197,40,39,36
68,197,44,43,41
69,197,46,45,42
70,197,43,42,40
71,197,36,35,33
72,197,30,28,26
73,197,37,35,33
74,197,46,45,43
75,197,49,48,45
76,197,47,46,44
77,197,40,39,37
78,197,35,34,32
79,197,33,32,30
80,197,35,34,32
81,197,35,34,32
82,197,34,31,30
83,197,34,29,29
84,197,35,29,31
85,197,37,31,33
86,197,40,34,36
87,197,43,37,39
88,197,44,38,40
89,197,42,36,38
90,197,39,33,35
91,197,35,29,31
92,197,31,25,27
93,197,29,23,25
94,197,34,28,30
95,197,36,30,32
96,197,36,30,32
97,197,35,29,31
98,197,33,27,29
99,197,33,27,29
100,197,34,28,29
101,197,34,28,30
102,197,31,25,27
103,197,28,22,22
104,197,29,21,21
105,197,30,21,21
106,197,30,22,20
107,197,39,31,29
108,197,62,54,51
109,197,95,87,84
110,197,130,122,119
36,198,118,110,109
37,198,99,91,91
38,198,78,69,70
39,198,57,48,49
40,198,39,30,31
41,198,30,21,22
42,198,28,21,22
43,198,31,25,25
44,198,35,29,29
45,198,42,36,36
46,198,48,42,42
47,198,51,45,45
48,198,53,47,47
49,198,56,50,50
50,198,56,50,50
51,198,50,44,44
52,198,49,43,43
53,198,53,47,47
54,198,44,38,38
55,198,47,41,41
56,198,45,39,39
57,198,36,30,30
58,198,40,34,34
59,198,54,48,48
60,198,55,49,49
61,198,48,43,43
62,198,48,44,43
63,198,45,43,41
64,198,44,42,40
65,198,43,42,40
66,198,42,41,39
67,198,39,39,37
68,198,38,37,35
69,198,37,36,34
70,198,37,36,34
71,198,38,37,35
72,198,39,38,36
73,198,37,36,34
74,198,37,36,34
75,198,40,39,37
76,198,40,39,37
77,198,37,36,34
78,198,34,34,32
79,198,35,34,32
80,198,38,37,35
81,198,40,39,37
82,198,40,38,37
83,198,38,36,35
84,198,37,33,34
85,198,35,30,32
86,198,37,31,33
87,198,38,32,34
88,198,38,32,34
89,198,35,29,31
90,198,35,29,31
91,198,37,31,33
92,198,39,33,35
93,198,39,33,35
94,198,45,39,41
95,198,42,36,38
96,198,34,28,30
97,198,30,24,26
98,198,31,25,27
99,198,34,28,30
100,198,36,30,32
101,198,33,27,29
102,198,27,21,23
103,198,22,17,17
104,198,29,22,21
105,198,43,34,32
106,198,58,50,47
107,198,81,73,70
108,198,108,100,97
38,199,128,120,118
39,199,101,92,91
40,199,69,61,60
41,199,49,41,41
42,199,38,31,32
43,199,31,25,25
44,199,24,18,18
45,199,19,13,13
46,199,22,16,16
47,199,33,27,27
48,199,45,39,39
49,199,51,45,45
50,199,46,40,40
51,199,39,33,33
52,199,37,31,31
53,199,43,37,37
54,199,44,38,38
55,199,46,40,40
56,199,44,38,38
57,199,40,34,34
58,199,40,34,34
59,199,43,37,37
60,199,43,37,37
61,199,41,35,35
62,199,40,36,35
63,199,43,41,39
64,199,44,43,41
65,199,45,44,42
66,199,44,44,42
67,199,43,43,41
68,199,41,41,39
69,199,38,38,36
70,199,38,38,36
71,199,39,39,37
72,199,40,39,37
73,199,41,41,39
74,199,43,43,41
75,199,43,43,41
76,199,43,43,41
77,199,42,42,40
78,199,40,40,38
79,199,38,38,36
80,199,38,37,35
81,199,38,38,36
82,199,38,38,36
83,199,36,34,33
84,199,30,26,27
85,199,30,25,26
86,199,36,30,32
87,199,41,35,37
88,199,43,37,38
89,199,38,32,34
90,199,37,31,33
91,199,38,32,34
92,199,37,31,33
93,199,34,28,30
94,199,40,34,36
95,199,38,32,33
96,199,32,26,28
97,199,30,24,26
98,199,33,27,28
99,199,33,27,29
100,199,30,24,26
101,199,28,22,24
102,199,31,25,27
103,199,37,31,32
104,199,53,46,45
105,199,79,71,68
106,199,110,103,97
40,200,107,99,96
41,200,82,73,72
42,200,55,48,48
43,200,38,33,33
44,200,34,28,28
45,200,28,22,22
46,200,29,23,23
47,200,33,27,27
48,200,35,29,29
49,200,32,26,26
50,200,34,28,28
51,200,43,37,37
52,200,47,41,41
53,200,42,36,36
54,200,49,43,43
55,200,47,41,41
56,200,49,43,43
57,200,54,48,48
58,200,53,47,47
59,200,46,40,40
60,200,48,42,42
61,200,52,46,46
62,200,47,43,42
63,200,46,44,42
64,200,41,41,39
65,200,36,36,34
66,200,33,33,31
67,200,34,34,32
68,200,37,37,35
69,200,41,41,39
70,200,43,43,41
71,200,43,43,41
72,200,39,39,37
73,200,38,38,36
74,200,38,38,36
75,200,37,37,35
76,200,37,37,35
77,200,38,38,36
78,200,38,38,36
79,200,36,36,34
80,200,33,33,31
81,200,33,33,31
82,200,34,34,32
83,200,40,38,37
84,200,47,43,43
85,200,43,38,38
86,200,42,36,36
87,200,42,36,36
88,200,39,33,34
89,200,35,29,30
90,200,38,32,32
91,200,44,38,38
92,200,49,43,43
93,200,46,40,40
94,200,31,25,26
95,200,27,21,22
96,200,32,26,26
97,200,38,32,32
98,200,40,34,34
99,200,33,27,27
100,200,22,16,16
101,200,18,12,12
102,200,28,22,23
103,200,46,40,41
104,200,77,70,68
105,200,114,106,102
43,201,122,117,115
44,201,97,91,91
45,201,66,60,60
46,201,42,36,35
47,201,28,23,22
48,201,25,20,19
49,201,29,23,23
50,201,35,29,28
51,201,40,34,33
52,201,39,33,33
53,201,34,29,28
54,201,37,31,31
55,201,39,33,33
56,201,41,35,35
57,201,42,36,35
58,201,40,34,33
59,201,38,32,32
60,201,40,34,34
61,201,43,38,37
62,201,45,41,40
63,201,46,44,42
64,201,39,39,37
65,201,36,36,34
66,201,39,39,36
67,201,39,39,37
68,201,35,35,33
69,201,36,36,34
70,201,42,42,40
71,201,45,45,43
72,201,37,37,35
73,201,38,38,36
74,201,40,40,38
75,201,38,38,35
76,201,35,35,33
77,201,35,35,33
78,201,35,36,33
79,201,36,36,34
80,201,35,36,33
81,201,35,35,33
82,201,34,34,32
83,201,39,37,35
84,201,47,43,42
85,201,44,39,38
86,201,41,36,35
87,201,41,35,34
88,201,41,35,34
89,201,39,33,32
90,201,37,32,31
91,201,35,29,29
92,201,30,24,23
93,201,24,18,18
94,201,26,20,20
95,201,30,24,23
96,201,34,28,28
97,201,39,33,33
98,201,43,37,37
99,201,46,40,39
100,201,48,42,42
101,201,59,53,52
102,201,83,77,77
103,201,113,107,105
46,202,110,105,103
47,202,84,79,76
48,202,62,57,54
49,202,47,42,39
50,202,40,35,32
51,202,37,32,29
52,202,36,31,28
53,202,34,29,27
54,202,36,30,28
55,202,39,34,31
56,202,42,37,34
57,202,44,39,36
58,202,44,39,36
59,202,43,38,35
60,202,41,35,32
61,202,37,33,30
62,202,35,31,29
63,202,37,35,32
64,202,40,40,36
65,202,43,44,39
66,202,45,45,41
67,202,41,42,37
68,202,37,37,33
69,202,34,35,31
70,202,36,37,32
71,202,38,38,34
72,202,39,40,35
73,202,39,40,35
74,202,37,38,34
75,202,36,37,33
76,202,36,37,32
77,202,37,37,33
78,202,37,37,33
79,202,36,36,32
80,202,35,36,31
81,202,36,36,32
82,202,37,37,33
83,202,37,35,31
84,202,34,30,27
85,202,39,34,30
86,202,45,40,36
87,202,46,41,37
88,202,40,35,31
89,202,28,23,19
90,202,23,18,15
91,202,28,23,19
92,202,37,32,29
93,202,42,37,33
94,202,33,28,25
95,202,24,19,15
96,202,24,19,16
97,202,42,37,34
98,202,81,76,73
99,202,123,118,114
49,203,108,103,100
50,203,81,76,73
51,203,60,55,51
52,203,46,41,38
53,203,39,34,31
54,203,33,28,25
55,203,30,25,22
56,203,29,24,21
57,203,34,29,26
58,203,40,35,32
59,203,45,40,37
60,203,46,40,37
61,203,43,38,35
62,203,40,36,32
63,203,35,33,29
64,203,40,39,35
65,203,45,45,40
66,203,43,42,38
67,203,38,37,33
68,203,39,38,34
69,203,39,38,34
70,203,36,35,31
71,203,35,35,30
72,203,41,40,36
73,203,40,39,35
74,203,37,36,32
75,203,37,36,32
76,203,37,37,32
77,203,37,37,32
78,203,36,36,31
79,203,34,33,29
80,203,31,30,26
81,203,32,31,27
82,203,36,35,30
83,203,37,36,31
84,203,35,31,27
85,203,33,28,24
86,203,33,28,23
87,203,31,27,22
88,203,29,24,19
89,203,24,19,15
90,203,25,20,15
91,203,29,24,19
92,203,33,28,23
93,203,37,32,27
94,203,51,46,41
95,203,55,50,46
96,203,57,52,47
97,203,69,64,59
98,203,96,91,87
99,203,131,126,122
52,204,131,126,121
53,204,117,112,108
54,204,96,91,87
55,204,71,66,62
56,204,50,45,41
57,204,36,31,27
58,204,32,27,23
59,204,32,27,22
60,204,29,24,20
61,204,24,20,15
62,204,22,18,14
63,204,33,30,25
64,204,37,35,30
65,204,35,34,29
66,204,32,31,26
67,204,30,29,24
68,204,33,32,26
69,204,36,35,29
70,204,36,35,30
71,204,35,33,28
72,204,34,33,28
73,204,35,34,29
74,204,35,34,29
75,204,34,32,27
76,204,34,32,27
77,204,34,33,28
78,204,34,33,27
79,204,31,29,24
80,204,26,25,20
81,204,26,24,20
82,204,29,27,21
83,204,37,34,27
84,204,45,40,34
85,204,35,31,24
86,204,28,24,15
87,204,28,23,15
88,204,35,31,22
89,204,47,43,35
90,204,63,59,51
91,204,77,73,64
92,204,82,78,70
93,204,87,83,75
94,204,117,113,104
95,204,128,124,116
56,205,128,123,117
57,205,117,112,106
58,205,108,103,97
59,205,95,90,84
60,205,76,71,65
61,205,56,52,45
62,205,43,38,32
63,205,39,36,29
64,205,33,30,23
65,205,29,26,19
66,205,29,27,20
67,205,28,26,19
68,205,24,21,14
69,205,24,21,14
70,205,30,27,20
71,205,33,31,24
72,205,28,25,18
73,205,30,27,20
74,205,32,29,22
75,205,29,26,19
76,205,29,26,19
77,205,34,31,24
78,205,37,35,28
79,205,39,36,29
80,205,37,34,27
81,205,37,34,27
82,205,38,36,29
83,205,41,38,31
84,205,45,41,32
85,205,53,49,40
86,205,68,64,55
87,205,87,83,73
88,205,104,100,91
89,205,119,115,105
62,206,131,127,118
63,206,92,89,80
64,206,75,72,63
65,206,75,72,63
66,206,79,76,67
67,206,76,73,64
68,206,63,60,51
69,206,58,55,46
70,206,65,61,53
71,206,72,69,60
72,206,68,65,56
73,206,60,57,48
74,206,54,50,42
75,206,53,50,41
76,206,59,56,47
77,206,73,69,61
78,206,86,83,75
79,206,96,93,84
80,206,102,99,90
81,206,108,105,96
82,206,114,111,102
83,206,117,114,104
84,206,118,114,103
85,206,124,120,109
