263,1,115,111,111
264,1,102,98,99
265,1,94,91,94
266,1,91,89,93
267,1,88,85,91
268,1,84,81,88
269,1,79,76,83
270,1,71,68,77
271,1,60,57,66
272,1,47,44,52
273,1,38,35,41
274,1,36,34,39
275,1,39,37,41
276,1,41,39,41
277,1,41,38,39
278,1,38,34,33
279,1,34,30,27
280,1,39,34,31
281,1,40,35,31
282,1,33,28,24
283,1,29,24,20
284,1,32,27,23
285,1,38,33,30
286,1,41,36,33
287,1,37,31,28
288,1,36,29,27
289,1,42,34,32
290,1,49,41,39
291,1,51,46,42
292,1,47,42,36
293,1,52,47,41
294,1,72,67,61
295,1,107,102,96
262,2,106,102,101
263,2,89,85,85
264,2,81,77,79
265,2,76,74,77
266,2,72,70,75
267,2,63,61,67
268,2,55,52,59
269,2,47,44,51
270,2,39,36,44
271,2,30,27,36
272,2,23,20,28
273,2,19,16,22
274,2,20,18,23
275,2,23,21,25
276,2,26,24,25
277,2,26,24,24
278,2,26,22,21
279,2,24,20,18
280,2,27,23,19
281,2,29,24,20
282,2,27,22,18
283,2,26,21,17
284,2,28,23,19
285,2,32,27,24
286,2,34,29,26
287,2,31,25,23
288,2,32,24,22
289,2,37,29,27
290,2,42,35,32
291,2,42,37,33
292,2,41,36,30
293,2,40,35,28
294,2,47,42,36
295,2,75,69,63
296,2,124,117,111
261,3,113,109,106
262,3,81,77,76
263,3,67,63,65
264,3,68,64,67
265,3,68,66,71
266,3,60,58,65
267,3,47,45,53
268,3,34,31,40
269,3,26,23,32
270,3,29,26,35
271,3,28,25,35
272,3,26,23,32
273,3,26,23,30
274,3,29,26,32
275,3,31,29,33
276,3,33,31,33
277,3,35,33,33
278,3,38,34,33
279,3,40,36,34
280,3,47,43,40
281,3,53,49,45
282,3,54,50,47
283,3,52,47,44
284,3,48,43,39
285,3,44,39,36
286,3,41,36,33
287,3,37,31,29
288,3,34,28,28
289,3,36,30,29
290,3,34,29,26
291,3,33,28,24
292,3,56,51,45
293,3,66,61,55
294,3,63,58,52
295,3,62,57,51
296,3,86,79,73
297,3,124,117,111
261,4,101,97,96
262,4,69,66,66
263,4,61,57,59
264,4,67,64,68
265,4,68,66,71
266,4,57,55,63
267,4,43,40,50
268,4,32,29,38
269,4,27,24,33
270,4,32,29,38
271,4,34,31,40
272,4,34,32,40
273,4,35,32,39
274,4,36,34,39
275,4,34,33,37
276,4,34,33,35
277,4,36,34,34
278,4,41,38,37
279,4,48,44,43
280,4,54,50,48
281,4,59,56,52
282,4,61,57,53
283,4,55,50,46
284,4,45,40,36
285,4,36,31,28
286,4,31,26,23
287,4,28,23,20
288,4,24,19,18
289,4,22,17,15
290,4,22,17,14
291,4,28,23,18
292,4,44,39,33
293,4,43,38,32
294,4,33,28,22
295,4,34,28,22
296,4,63,57,51
297,4,114,107,101
261,5,95,91,90
262,5,66,63,63
263,5,63,59,62
264,5,70,66,71
265,5,65,62,69
266,5,50,47,55
267,5,37,34,45
268,5,31,28,39
269,5,30,27,38
270,5,30,29,38
271,5,31,29,38
272,5,31,30,37
273,5,31,29,36
274,5,29,28,34
275,5,26,25,30
276,5,25,23,27
277,5,27,25,27
278,5,34,32,32
279,5,42,41,39
280,5,51,48,46
281,5,57,53,50
282,5,57,53,50
283,5,50,46,43
284,5,41,36,33
285,5,35,30,27
286,5,35,30,27
287,5,36,31,28
288,5,35,29,28
289,5,33,28,26
290,5,29,25,21
291,5,31,26,21
292,5,52,47,41
293,5,58,53,47
294,5,56,51,45
295,5,56,50,44
296,5,69,62,56
297,5,105,98,92
261,6,98,94,94
262,6,70,66,68
263,6,68,63,67
264,6,73,68,75
265,6,63,59,67
266,6,45,42,52
267,6,34,31,43
268,6,31,27,40
269,6,31,27,41
270,6,31,29,40
271,6,31,29,38
272,6,30,29,37
273,6,30,29,35
274,6,28,27,33
275,6,26,24,29
276,6,25,23,27
277,6,28,26,28
278,6,36,34,35
279,6,44,43,42
280,6,51,48,46
281,6,54,51,48
282,6,53,49,46
283,6,46,42,39
284,6,38,34,31
285,6,34,29,27
286,6,34,29,26
287,6,35,30,28
288,6,34,28,27
289,6,33,27,26
290,6,30,25,22
291,6,31,26,22
292,6,47,42,36
293,6,51,46,40
294,6,51,47,41
295,6,54,48,42
296,6,62,55,49
297,6,92,85,79
261,7,101,97,98
262,7,72,67,70
263,7,69,64,69
264,7,73,69,76
265,7,64,61,69
266,7,48,45,55
267,7,37,34,46
268,7,33,29,43
269,7,31,27,41
270,7,29,27,39
271,7,28,27,37
272,7,28,26,35
273,7,28,26,34
274,7,27,26,32
275,7,26,25,30
276,7,27,26,29
277,7,29,28,30
278,7,35,33,34
279,7,41,40,39
280,7,50,48,46
281,7,55,54,50
282,7,55,53,49
283,7,51,48,44
284,7,44,40,37
285,7,38,34,32
286,7,33,29,28
287,7,28,24,23
288,7,26,21,20
289,7,26,21,19
290,7,26,21,17
291,7,28,23,19
292,7,44,39,34
293,7,50,45,39
294,7,55,50,44
295,7,61,56,50
296,7,68,61,55
297,7,96,89,83
261,8,98,94,96
262,8,67,63,66
263,8,64,59,65
264,8,70,65,73
265,8,62,59,68
266,8,49,46,56
267,8,39,36,48
268,8,32,28,42
269,8,27,23,38
270,8,29,26,40
271,8,29,27,39
272,8,28,26,36
273,8,28,27,35
274,8,28,27,34
275,8,29,28,33
276,8,29,28,32
277,8,30,30,31
278,8,34,32,33
279,8,38,36,37
280,8,42,41,40
281,8,46,46,43
282,8,49,48,44
283,8,48,45,42
284,8,44,40,37
285,8,38,34,32
286,8,31,27,25
287,8,23,19,18
288,8,21,16,15
289,8,23,18,17
290,8,23,18,15
291,8,24,19,14
292,8,44,39,33
293,8,52,47,41
294,8,55,50,44
295,8,55,49,43
296,8,55,48,42
297,8,82,74,69
261,9,100,95,98
262,9,70,65,70
263,9,68,62,69
264,9,72,67,75
265,9,61,58,67
266,9,48,45,57
267,9,40,36,50
268,9,32,28,43
269,9,23,19,34
270,9,25,23,36
271,9,28,28,39
272,9,29,29,38
273,9,26,26,34
274,9,24,24,32
275,9,27,27,33
276,9,29,28,33
277,9,28,27,31
278,9,30,30,32
279,9,37,36,37
280,9,42,42,41
281,9,47,46,44
282,9,49,48,46
283,9,44,43,41
284,9,35,34,32
285,9,29,27,25
286,9,27,23,22
287,9,26,21,21
288,9,25,21,22
289,9,26,22,22
290,9,26,21,19
291,9,27,22,18
292,9,37,32,27
293,9,48,43,37
294,9,52,48,42
295,9,54,48,42
296,9,60,53,47
297,9,82,75,69
298,9,131,124,117
261,10,102,98,100
262,10,72,67,71
263,10,69,63,68
264,10,72,67,74
265,10,61,58,67
266,10,49,46,57
267,10,41,37,50
268,10,32,28,42
269,10,22,19,33
270,10,23,22,34
271,10,27,27,39
272,10,28,28,38
273,10,24,24,34
274,10,22,22,30
275,10,25,25,31
276,10,27,26,32
277,10,27,26,30
278,10,28,28,30
279,10,35,35,36
280,10,41,41,40
281,10,46,45,43
282,10,47,46,44
283,10,42,42,39
284,10,34,33,31
285,10,30,27,26
286,10,30,26,25
287,10,31,27,27
288,10,31,27,28
289,10,32,28,28
290,10,32,27,25
291,10,32,27,23
292,10,39,34,28
293,10,46,41,35
294,10,50,45,39
295,10,52,47,41
296,10,62,55,49
297,10,83,76,70
298,10,132,125,118
261,11,107,103,104
262,11,75,71,74
263,11,68,63,68
264,11,71,66,72
265,11,63,59,68
266,11,51,48,58
267,11,42,38,51
268,11,32,28,43
269,11,23,20,34
270,11,23,21,34
271,11,26,26,38
272,11,27,27,38
273,11,23,23,33
274,11,21,21,29
275,11,23,24,29
276,11,24,25,30
277,11,24,25,28
278,11,26,26,28
279,11,33,33,34
280,11,40,40,39
281,11,45,45,43
282,11,46,45,44
283,11,41,40,38
284,11,33,32,30
285,11,29,28,27
286,11,30,28,28
287,11,31,29,30
288,11,30,28,30
289,11,30,27,29
290,11,32,28,27
291,11,34,29,26
292,11,38,33,27
293,11,44,39,33
294,11,47,42,36
295,11,50,45,39
296,11,60,53,47
297,11,79,72,66
298,11,128,121,114
261,12,113,109,107
262,12,79,75,76
263,12,68,64,67
264,12,69,65,69
265,12,64,60,67
266,12,53,50,58
267,12,42,39,49
268,12,32,29,41
269,12,24,23,35
270,12,23,22,35
271,12,26,26,38
272,12,27,27,38
273,12,23,23,33
274,12,20,20,28
275,12,23,24,29
276,12,24,25,29
277,12,23,24,27
278,12,25,25,27
279,12,31,31,33
280,12,41,41,42
281,12,47,47,46
282,12,47,47,45
283,12,42,41,39
284,12,33,32,30
285,12,28,27,26
286,12,27,25,26
287,12,27,25,26
288,12,25,23,25
289,12,23,21,23
290,12,25,22,21
291,12,30,26,21
292,12,34,29,23
293,12,41,36,30
294,12,47,42,36
295,12,50,45,39
296,12,56,49,43
297,12,72,65,59
298,12,120,113,106
261,13,118,114,113
262,13,83,79,79
263,13,69,64,66
264,13,68,63,68
265,13,65,62,69
266,13,56,53,60
267,13,43,40,49
268,13,33,30,40
269,13,26,25,36
270,13,24,24,36
271,13,27,27,40
272,13,27,28,39
273,13,24,24,34
274,13,21,21,30
275,13,23,23,31
276,13,23,24,30
277,13,22,23,27
278,13,23,24,27
279,13,30,31,33
280,13,42,42,43
281,13,51,50,50
282,13,50,50,50
283,13,44,44,44
284,13,35,35,34
285,13,29,28,28
286,13,27,25,26
287,13,25,23,25
288,13,23,21,23
289,13,22,19,21
290,13,23,18,18
291,13,26,20,16
292,13,31,26,21
293,13,43,38,32
294,13,51,46,40
295,13,54,49,43
296,13,56,49,43
297,13,66,59,53
298,13,113,106,99
261,14,123,119,117
262,14,87,83,81
263,14,69,65,64
264,14,66,62,65
265,14,67,64,69
266,14,58,55,62
267,14,44,41,48
268,14,33,31,38
269,14,27,27,35
270,14,25,25,36
271,14,27,28,40
272,14,26,28,39
273,14,23,24,34
274,14,20,21,29
275,14,22,22,29
276,14,22,23,28
277,14,21,22,25
278,14,22,23,25
279,14,29,30,32
280,14,41,41,42
281,14,51,50,50
282,14,53,53,53
283,14,47,48,48
284,14,38,39,39
285,14,32,31,32
286,14,29,27,28
287,14,28,26,27
288,14,26,24,27
289,14,26,23,25
290,14,25,23,22
291,14,25,22,17
292,14,32,27,21
293,14,45,40,34
294,14,56,51,45
295,14,59,53,47
296,14,56,49,44
297,14,63,55,49
298,14,109,102,95
261,15,128,124,120
262,15,90,86,84
263,15,69,65,64
264,15,65,62,63
265,15,68,65,70
266,15,59,56,63
267,15,45,42,49
268,15,33,31,38
269,15,28,28,36
270,15,24,24,36
271,15,26,27,39
272,15,25,27,38
273,15,20,23,32
274,15,17,20,28
275,15,20,20,28
276,15,20,21,27
277,15,19,20,24
278,15,20,21,24
279,15,27,28,30
280,15,39,39,40
281,15,49,49,49
282,15,53,53,53
283,15,50,50,50
284,15,41,41,41
285,15,34,33,34
286,15,30,28,30
287,15,28,26,28
288,15,27,25,27
289,15,28,25,27
290,15,30,26,25
291,15,29,24,20
292,15,33,28,22
293,15,44,39,33
294,15,55,50,44
295,15,58,53,47
296,15,55,48,42
297,15,60,53,47
298,15,107,100,93
262,16,92,88,85
263,16,69,64,63
264,16,64,61,62
265,16,69,66,70
266,16,61,59,64
267,16,46,43,49
268,16,33,31,38
269,16,28,28,36
270,16,24,23,35
271,16,24,25,37
272,16,24,26,36
273,16,20,22,31
274,16,16,19,26
275,16,18,20,26
276,16,19,20,25
277,16,17,18,23
278,16,18,19,23
279,16,24,25,28
280,16,37,37,38
281,16,48,48,48
282,16,53,53,53
283,16,52,52,52
284,16,42,42,43
285,16,33,32,33
286,16,27,25,26
287,16,24,22,23
288,16,24,22,23
289,16,26,24,24
290,16,28,26,24
291,16,30,26,22
292,16,31,26,21
293,16,40,35,29
294,16,49,44,39
295,16,54,49,43
296,16,53,46,40
297,16,58,51,45
298,16,104,97,90
262,17,96,89,88
263,17,65,59,59
264,17,61,56,58
265,17,73,68,72
266,17,66,63,68
267,17,51,48,54
268,17,35,33,40
269,17,26,26,34
270,17,24,24,34
271,17,25,25,35
272,17,25,25,35
273,17,22,22,32
274,17,18,19,26
275,17,17,18,24
276,17,17,17,23
277,17,18,18,23
278,17,20,19,24
279,17,21,21,25
280,17,33,33,36
281,17,46,46,48
282,17,54,53,55
283,17,57,55,56
284,17,48,47,48
285,17,35,33,34
286,17,24,23,23
287,17,23,21,21
288,17,25,23,24
289,17,27,25,24
290,17,28,24,22
291,17,29,24,21
292,17,31,26,22
293,17,41,36,32
294,17,50,45,41
295,17,54,49,44
296,17,56,49,43
297,17,59,52,46
298,17,99,92,85
262,18,99,93,90
263,18,65,60,59
264,18,60,54,55
265,18,72,68,70
266,18,67,64,67
267,18,52,50,54
268,18,37,36,41
269,18,28,27,33
270,18,24,24,32
271,18,25,25,34
272,18,26,26,35
273,18,24,24,32
274,18,20,20,28
275,18,17,18,24
276,18,17,18,23
277,18,19,19,24
278,18,22,21,26
279,18,23,22,27
280,18,32,32,35
281,18,43,43,45
282,18,52,51,53
283,18,57,55,56
284,18,49,47,48
285,18,36,34,34
286,18,24,23,22
287,18,22,21,20
288,18,25,24,22
289,18,25,24,22
290,18,26,23,21
291,18,28,24,21
292,18,30,25,22
293,18,41,36,32
294,18,50,45,40
295,18,54,49,44
296,18,57,50,44
297,18,59,52,46
298,18,96,89,82
262,19,105,96,96
263,19,68,61,62
264,19,58,52,55
265,19,69,64,67
266,19,66,62,67
267,19,54,51,56
268,19,40,38,45
269,19,30,29,37
270,19,23,23,32
271,19,24,24,34
272,19,27,27,36
273,19,27,27,35
274,19,23,23,31
275,19,19,20,25
276,19,18,19,24
277,19,20,21,26
278,19,24,23,28
279,19,26,25,30
280,19,31,31,34
281,19,39,40,41
282,19,50,49,51
283,19,56,54,56
284,19,50,48,49
285,19,37,35,35
286,19,25,24,22
287,19,23,22,20
288,19,24,23,21
289,19,24,21,20
290,19,25,21,19
291,19,29,24,21
292,19,30,25,22
293,19,40,35,32
294,19,49,44,40
295,19,54,49,45
296,19,58,51,45
297,19,57,50,44
298,19,93,86,79
262,20,108,101,99
263,20,68,62,61
264,20,55,50,50
265,20,64,60,62
266,20,63,60,63
267,20,53,51,56
268,20,41,40,45
269,20,31,30,36
270,20,21,21,29
271,20,22,22,31
272,20,26,26,35
273,20,27,27,35
274,20,23,23,31
275,20,19,19,25
276,20,17,18,23
277,20,19,20,25
278,20,24,23,28
279,20,27,26,31
280,20,29,29,32
281,20,36,36,38
282,20,47,47,49
283,20,55,54,55
284,20,50,48,49
285,20,38,36,36
286,20,27,26,24
287,20,23,22,20
288,20,23,22,20
289,20,21,20,18
290,20,23,20,18
291,20,28,24,21
292,20,29,24,21
293,20,38,33,29
294,20,48,42,38
295,20,55,49,45
296,20,58,52,46
297,20,55,48,42
298,20,87,80,74
262,21,113,104,103
263,21,70,62,63
264,21,51,46,48
265,21,59,54,58
266,21,61,56,61
267,21,53,50,55
268,21,41,39,46
269,21,30,29,37
270,21,19,19,28
271,21,20,20,30
272,21,25,25,34
273,21,26,26,34
274,21,23,23,31
275,21,18,19,25
276,21,17,18,23
277,21,19,19,24
278,21,23,22,27
279,21,26,25,30
280,21,28,27,30
281,21,34,34,36
282,21,46,46,47
283,21,55,53,55
284,21,51,48,50
285,21,39,37,37
286,21,28,27,25
287,21,23,22,20
288,21,23,22,20
289,21,21,19,17
290,21,23,19,18
291,21,29,24,21
292,21,28,23,20
293,21,35,30,26
294,21,45,40,36
295,21,54,49,44
296,21,59,52,46
297,21,53,46,40
298,21,82,75,68
262,22,116,109,107
263,22,71,65,64
264,22,50,45,45
265,22,56,51,53
266,22,58,54,58
267,22,51,49,54
268,22,40,40,45
269,22,29,28,35
270,22,20,19,27
271,22,21,21,30
272,22,25,25,34
273,22,26,26,34
274,22,22,22,30
275,22,19,20,26
276,22,18,19,24
277,22,19,20,25
278,22,23,22,27
279,22,25,24,29
280,22,27,26,30
281,22,34,33,36
282,22,45,45,47
283,22,55,53,55
284,22,51,49,50
285,22,40,38,38
286,22,29,28,26
287,22,24,23,21
288,22,24,23,21
289,22,22,20,18
290,22,22,20,18
291,22,27,23,20
292,22,27,22,19
293,22,33,28,24
294,22,43,38,34
295,22,54,48,43
296,22,59,52,46
297,22,49,42,36
298,22,76,69,62
299,22,130,123,115
262,23,121,113,112
263,23,74,68,68
264,23,51,45,46
265,23,55,50,53
266,23,59,54,59
267,23,53,50,56
268,23,42,39,47
269,23,30,28,36
270,23,22,22,30
271,23,22,22,32
272,23,25,25,34
273,23,26,26,34
274,23,23,23,31
275,23,21,21,27
276,23,20,21,26
277,23,22,22,27
278,23,24,23,28
279,23,24,23,28
280,23,26,26,29
281,23,34,34,36
282,23,46,46,47
283,23,55,53,55
284,23,51,49,50
285,23,40,38,38
286,23,29,28,26
287,23,25,24,22
288,23,26,24,22
289,23,24,21,20
290,23,25,21,19
291,23,28,23,20
292,23,25,20,17
293,23,30,25,22
294,23,40,35,31
295,23,53,47,42
296,23,59,52,46
297,23,47,40,34
298,23,72,65,58
299,23,126,119,111
262,24,125,118,116
263,24,77,71,70
264,24,51,46,47
265,24,55,51,53
266,24,59,56,59
267,24,54,52,56
268,24,43,42,47
269,24,30,30,36
270,24,24,24,32
271,24,25,25,34
272,24,26,26,35
273,24,26,26,34
274,24,24,24,32
275,24,22,23,29
276,24,22,23,28
277,24,23,23,28
278,24,24,24,29
279,24,24,23,28
280,24,27,27,30
281,24,35,35,37
282,24,46,46,48
283,24,56,54,55
284,24,52,50,51
285,24,41,40,39
286,24,30,29,27
287,24,26,25,23
288,24,26,25,23
289,24,24,23,21
290,24,24,21,20
291,24,26,22,19
292,24,25,20,17
293,24,29,24,20
294,24,39,34,30
295,24,52,47,42
296,24,59,52,47
297,24,46,39,33
298,24,70,63,55
299,24,123,116,108
262,25,133,124,124
263,25,80,74,74
264,25,50,44,46
265,25,55,50,53
266,25,61,56,61
267,25,56,53,58
268,25,45,43,50
269,25,35,34,42
270,25,26,25,35
271,25,23,23,34
272,25,24,24,33
273,25,24,24,32
274,25,22,22,30
275,25,21,22,28
276,25,21,22,27
277,25,21,22,27
278,25,23,22,27
279,25,24,23,28
280,25,29,29,32
281,25,38,38,40
282,25,49,48,50
283,25,57,56,57
284,25,56,54,54
285,25,46,45,44
286,25,35,34,32
287,25,27,26,24
288,25,24,23,21
289,25,25,23,22
290,25,26,23,21
291,25,27,22,19
292,25,31,27,24
293,25,31,26,23
294,25,39,34,30
295,25,52,46,42
296,25,58,51,45
297,25,49,42,36
298,25,67,60,53
299,25,114,107,99
263,26,83,77,76
264,26,51,46,46
265,26,55,50,52
266,26,61,57,61
267,26,56,54,59
268,26,46,45,50
269,26,37,36,43
270,26,25,25,33
271,26,23,22,32
272,26,23,23,32
273,26,22,22,30
274,26,21,21,29
275,26,20,21,27
276,26,20,21,26
277,26,20,21,26
278,26,22,21,26
279,26,23,22,27
280,26,30,29,32
281,26,39,39,41
282,26,49,49,50
283,26,57,55,56
284,26,55,53,54
285,26,46,45,44
286,26,35,34,32
287,26,26,25,23
288,26,23,22,20
289,26,24,23,21
290,26,24,22,20
291,26,24,20,17
292,26,29,24,21
293,26,30,25,22
294,26,37,33,29
295,26,50,45,40
296,26,57,50,44
297,26,48,41,36
298,26,63,56,49
299,26,108,101,93
263,27,88,81,81
264,27,52,46,48
265,27,53,48,51
266,27,62,57,63
267,27,58,54,60
268,27,47,45,52
269,27,38,37,45
270,27,26,26,35
271,27,24,23,33
272,27,24,24,33
273,27,24,24,32
274,27,23,23,31
275,27,22,22,29
276,27,21,22,27
277,27,22,22,27
278,27,23,22,27
279,27,24,23,28
280,27,31,30,33
281,27,40,40,42
282,27,47,47,49
283,27,55,53,54
284,27,53,51,52
285,27,45,44,43
286,27,34,33,31
287,27,25,24,22
288,27,23,21,19
289,27,24,22,21
290,27,25,21,19
291,27,22,17,14
292,27,25,20,17
293,27,28,23,19
294,27,36,31,27
295,27,49,43,38
296,27,56,49,43
297,27,48,41,35
298,27,60,53,46
299,27,101,94,86
263,28,92,86,85
264,28,52,46,47
265,28,50,45,47
266,28,61,58,61
267,28,57,55,60
268,28,46,45,51
269,28,39,38,45
270,28,28,28,36
271,28,26,26,36
272,28,27,27,36
273,28,27,27,36
274,28,26,27,34
275,28,25,26,32
276,28,25,26,31
277,28,25,25,30
278,28,26,25,30
279,28,26,25,30
280,28,33,32,35
281,28,40,40,42
282,28,46,46,48
283,28,52,50,51
284,28,51,49,50
285,28,45,43,43
286,28,34,33,31
287,28,25,24,22
288,28,22,21,19
289,28,23,22,20
290,28,23,21,19
291,28,21,17,14
292,28,23,18,15
293,28,28,23,19
294,28,37,32,28
295,28,49,43,38
296,28,56,49,43
297,28,50,43,37
298,28,58,51,44
299,28,96,89,81
263,29,97,91,91
264,29,52,46,48
265,29,47,42,45
266,29,62,57,62
267,29,59,55,61
268,29,47,45,52
269,29,39,38,46
270,29,28,28,37
271,29,26,26,36
272,29,27,27,36
273,29,28,28,36
274,29,27,27,35
275,29,26,27,33
276,29,25,26,31
277,29,25,26,31
278,29,26,25,30
279,29,26,25,30
280,29,33,32,35
281,29,39,39,41
282,29,44,44,46
283,29,49,48,49
284,29,50,48,49
285,29,46,44,44
286,29,36,35,33
287,29,26,25,23
288,29,22,21,19
289,29,24,21,20
290,29,25,21,20
291,29,24,19,16
292,29,22,17,14
293,29,28,23,20
294,29,38,33,29
295,29,49,43,39
296,29,56,49,44
297,29,52,45,39
298,29,58,50,43
299,29,92,85,77
263,30,103,97,96
264,30,53,48,49
265,30,45,41,43
266,30,62,59,62
267,30,60,57,62
268,30,48,47,52
269,30,41,40,46
270,30,27,27,34
271,30,23,23,33
272,30,24,24,34
273,30,25,25,33
274,30,25,25,33
275,30,24,24,30
276,30,23,24,29
277,30,22,23,28
278,30,23,22,27
279,30,24,23,28
280,30,31,31,34
281,30,37,38,40
282,30,41,41,43
283,30,47,46,47
284,30,50,48,49
285,30,47,46,45
286,30,39,38,36
287,30,28,27,25
288,30,23,22,20
289,30,23,22,20
290,30,25,23,21
291,30,25,21,18
292,30,22,17,14
293,30,30,25,21
294,30,39,34,30
295,30,47,42,38
296,30,56,49,44
297,30,54,47,41
298,30,57,50,43
299,30,89,82,74
263,31,110,103,104
264,31,56,51,53
265,31,46,41,44
266,31,65,61,66
267,31,64,60,66
268,31,52,49,56
269,31,43,43,51
270,31,26,26,35
271,31,22,22,32
272,31,24,24,33
273,31,25,25,33
274,31,24,24,32
275,31,23,24,30
276,31,22,24,28
277,31,22,23,27
278,31,22,22,26
279,31,23,22,27
280,31,30,29,32
281,31,35,36,37
282,31,39,39,40
283,31,46,44,45
284,31,50,49,50
285,31,49,48,47
286,31,41,40,39
287,31,30,29,27
288,31,24,23,21
289,31,24,21,20
290,31,27,23,22
291,31,28,23,20
292,31,21,16,13
293,31,29,24,21
294,31,39,34,30
295,31,46,40,36
296,31,55,49,43
297,31,54,47,41
298,31,55,48,41
299,31,85,78,70
263,32,114,108,107
264,32,59,54,54
265,32,46,42,44
266,32,66,63,66
267,32,65,62,67
268,32,53,52,58
269,32,45,45,52
270,32,28,27,35
271,32,22,24,31
272,32,24,26,33
273,32,25,27,34
274,32,25,26,33
275,32,24,26,31
276,32,24,25,30
277,32,23,25,29
278,32,23,24,28
279,32,23,24,28
280,32,28,28,31
281,32,33,33,35
282,32,37,37,39
283,32,44,44,45
284,32,51,49,51
285,32,51,49,50
286,32,43,41,42
287,32,32,31,30
288,32,25,24,22
289,32,23,22,20
290,32,26,24,22
291,32,27,23,20
292,32,20,15,12
293,32,28,23,19
294,32,38,33,29
295,32,44,39,35
296,32,54,47,41
297,32,53,46,40
298,32,54,47,40
299,32,83,76,68
263,33,120,112,111
264,33,62,57,57
265,33,42,38,39
266,33,61,57,60
267,33,63,60,64
268,33,53,52,56
269,33,43,44,49
270,33,27,29,34
271,33,22,25,30
272,33,23,26,31
273,33,25,28,33
274,33,24,27,32
275,33,21,24,29
276,33,20,23,28
277,33,21,24,29
278,33,23,26,29
279,33,22,24,27
280,33,24,25,28
281,33,28,29,30
282,33,34,35,37
283,33,44,45,47
284,33,51,51,53
285,33,50,49,51
286,33,41,40,42
287,33,31,31,31
288,33,25,25,25
289,33,23,22,21
290,33,24,22,20
291,33,26,22,20
292,33,22,17,15
293,33,23,18,15
294,33,32,27,23
295,33,45,39,35
296,33,53,46,41
297,33,55,48,42
298,33,53,46,38
299,33,76,69,61
263,34,121,116,113
264,34,64,59,58
265,34,40,36,36
266,34,57,54,55
267,34,61,60,62
268,34,53,54,57
269,34,43,45,49
270,34,27,30,35
271,34,22,25,30
272,34,22,27,31
273,34,23,28,32
274,34,23,27,32
275,34,20,23,28
276,34,19,22,27
277,34,21,24,28
278,34,22,26,29
279,34,21,24,27
280,34,23,25,28
281,34,28,29,30
282,34,34,35,37
283,34,45,46,48
284,34,53,54,56
285,34,51,52,54
286,34,42,42,44
287,34,32,32,34
288,34,26,26,27
289,34,23,23,22
290,34,24,22,20
291,34,26,22,20
292,34,22,18,15
293,34,22,17,13
294,34,31,26,22
295,34,45,39,35
296,34,53,46,41
297,34,55,48,42
298,34,52,45,38
299,34,74,67,59
300,34,131,124,116
263,35,127,120,119
264,35,69,64,63
265,35,40,35,36
266,35,53,49,51
267,35,61,58,62
268,35,56,56,60
269,35,45,47,51
270,35,28,31,36
271,35,22,26,30
272,35,22,26,31
273,35,24,27,32
274,35,23,27,32
275,35,20,23,28
276,35,19,22,27
277,35,20,23,27
278,35,23,25,29
279,35,22,23,27
280,35,22,23,26
281,35,25,26,28
282,35,32,33,35
283,35,45,45,47
284,35,53,54,56
285,35,52,52,54
286,35,42,42,44
287,35,30,30,32
288,35,24,24,24
289,35,22,21,21
290,35,24,21,21
291,35,26,22,21
292,35,22,18,15
293,35,22,17,13
294,35,30,25,21
295,35,43,37,33
296,35,52,46,40
297,35,56,49,43
298,35,51,45,37
299,35,70,64,55
300,35,126,119,111
264,36,75,70,69
265,36,39,35,34
266,36,47,45,46
267,36,59,58,60
268,36,59,59,62
269,36,46,47,52
270,36,29,32,37
271,36,23,26,31
272,36,21,26,30
273,36,23,26,31
274,36,23,26,31
275,36,20,23,28
276,36,18,21,26
277,36,19,22,26
278,36,23,24,28
279,36,23,24,28
280,36,21,22,25
281,36,21,22,24
282,36,28,29,31
283,36,42,42,44
284,36,51,51,53
285,36,50,50,52
286,36,39,39,41
287,36,27,27,29
288,36,21,21,21
289,36,20,19,18
290,36,22,20,19
291,36,25,21,19
292,36,23,18,15
293,36,22,17,13
294,36,29,24,20
295,36,42,36,31
296,36,52,45,39
297,36,56,49,43
298,36,51,44,37
299,36,66,59,51
300,36,119,112,104
264,37,82,77,76
265,37,39,35,36
266,37,45,41,44
267,37,60,57,61
268,37,62,61,65
269,37,46,47,51
270,37,30,33,38
271,37,24,27,32
272,37,22,25,30
273,37,23,26,31
274,37,24,27,32
275,37,20,23,28
276,37,18,21,26
277,37,18,20,25
278,37,22,23,27
279,37,23,24,28
280,37,21,22,24
281,37,21,22,23
282,37,27,28,30
283,37,41,41,43
284,37,51,51,53
285,37,50,50,52
286,37,38,38,40
287,37,25,25,27
288,37,21,20,21
289,37,21,20,20
290,37,23,21,21
291,37,25,22,20
292,37,23,18,16
293,37,22,17,13
294,37,28,23,19
295,37,40,34,29
296,37,50,44,38
297,37,56,49,43
298,37,50,43,36
299,37,62,55,47
300,37,112,104,96
264,38,89,84,82
265,38,42,38,38
266,38,43,40,41
267,38,60,59,61
268,38,63,63,66
269,38,44,45,50
270,38,32,34,38
271,38,24,27,32
272,38,22,25,30
273,38,23,25,30
274,38,24,27,32
275,38,21,24,29
276,38,18,20,25
277,38,18,20,24
278,38,21,22,26
279,38,23,24,28
280,38,23,24,26
281,38,23,24,26
282,38,29,30,32
283,38,43,43,45
284,38,53,53,55
285,38,52,51,54
286,38,40,39,42
287,38,26,26,28
288,38,23,22,23
289,38,25,24,23
290,38,27,24,23
291,38,26,22,19
292,38,24,19,16
293,38,22,17,13
294,38,26,21,17
295,38,37,32,27
296,38,49,43,37
297,38,57,50,44
298,38,49,42,35
299,38,57,51,42
300,38,106,98,90
264,39,94,90,89
265,39,44,40,41
266,39,44,39,42
267,39,62,59,63
268,39,64,63,67
269,39,42,42,47
270,39,33,34,39
271,39,25,27,32
272,39,23,24,29
273,39,25,25,30
274,39,26,27,32
275,39,23,24,29
276,39,18,20,25
277,39,18,19,24
278,39,21,22,26
279,39,24,25,29
280,39,25,25,28
281,39,25,25,27
282,39,31,30,33
283,39,44,42,45
284,39,54,52,55
285,39,52,51,53
286,39,40,39,41
287,39,27,25,28
288,39,24,22,23
289,39,28,25,26
290,39,31,26,26
291,39,27,22,20
292,39,24,19,17
293,39,22,17,13
294,39,26,21,17
295,39,36,31,26
296,39,49,42,37
297,39,57,50,44
298,39,49,42,35
299,39,54,47,39
300,39,101,94,85
264,40,98,93,91
265,40,46,42,41
266,40,43,40,41
267,40,61,59,62
268,40,63,63,67
269,40,42,41,46
270,40,33,34,39
271,40,26,28,33
272,40,23,24,29
273,40,25,25,30
274,40,26,27,32
275,40,23,24,29
276,40,19,20,26
277,40,18,19,24
278,40,20,21,25
279,40,23,24,29
280,40,25,25,28
281,40,25,25,27
282,40,29,28,30
283,40,42,40,43
284,40,52,50,53
285,40,50,48,51
286,40,38,36,39
287,40,25,23,26
288,40,23,20,22
289,40,28,25,25
290,40,31,27,25
291,40,28,23,20
292,40,25,20,17
293,40,22,17,14
294,40,25,20,16
295,40,35,30,25
296,40,48,41,35
297,40,57,49,44
298,40,49,42,35
299,40,53,46,38
300,40,97,89,81
264,41,102,97,97
265,41,45,41,42
266,41,45,41,44
267,41,60,57,61
268,41,62,61,66
269,41,48,48,53
270,41,37,38,43
271,41,27,29,34
272,41,22,24,29
273,41,22,23,28
274,41,25,26,31
275,41,25,26,31
276,41,22,23,29
277,41,21,21,26
278,41,21,20,25
279,41,20,19,24
280,41,24,23,26
281,41,26,24,27
282,41,27,25,28
283,41,38,36,39
284,41,49,47,50
285,41,50,48,51
286,41,41,39,42
287,41,29,27,30
288,41,25,22,24
289,41,27,23,24
290,41,30,25,25
291,41,30,24,23
292,41,24,19,16
293,41,23,18,15
294,41,27,22,18
295,41,34,29,24
296,41,46,39,34
297,41,52,45,39
298,41,52,45,38
299,41,57,50,43
300,41,87,80,72
264,42,106,101,99
265,42,46,42,41
266,42,44,42,43
267,42,58,57,59
268,42,61,61,64
269,42,49,49,53
270,42,38,39,44
271,42,28,29,34
272,42,23,24,29
273,42,22,23,28
274,42,26,26,31
275,42,25,26,31
276,42,23,24,29
277,42,22,22,27
278,42,22,21,26
279,42,20,19,23
280,42,21,19,23
281,42,22,20,23
282,42,24,21,24
283,42,34,32,35
284,42,46,44,47
285,42,50,48,51
286,42,43,41,44
287,42,31,29,32
288,42,26,22,24
289,42,25,21,21
290,42,27,22,21
291,42,29,24,21
292,42,24,19,16
293,42,23,18,15
294,42,26,21,17
295,42,33,28,23
296,42,44,38,33
297,42,51,44,38
298,42,52,45,38
299,42,57,50,42
300,42,84,77,69
264,43,111,105,105
265,43,47,43,44
266,43,44,40,43
267,43,57,55,59
268,43,61,60,64
269,43,49,48,53
270,43,39,39,44
271,43,30,30,35
272,43,24,24,30
273,43,23,23,29
274,43,26,26,31
275,43,26,25,31
276,43,24,23,29
277,43,23,22,27
278,43,23,21,26
279,43,21,19,24
280,43,20,18,22
281,43,20,18,20
282,43,23,20,23
283,43,34,30,34
284,43,47,42,46
285,43,53,48,52
286,43,48,43,47
287,43,36,31,35
288,43,27,23,24
289,43,23,20,20
290,43,25,20,21
291,43,27,21,21
292,43,23,18,16
293,43,24,19,15
294,43,26,21,17
295,43,31,26,22
296,43,43,37,32
297,43,51,44,38
298,43,51,44,37
299,43,54,47,39
300,43,80,73,65
264,44,117,112,110
265,44,48,44,44
266,44,41,38,39
267,44,55,54,56
268,44,61,60,63
269,44,49,48,53
270,44,40,41,46
271,44,31,32,37
272,44,25,25,31
273,44,24,23,29
274,44,26,25,31
275,44,26,25,31
276,44,24,23,29
277,44,23,22,28
278,44,24,22,27
279,44,22,20,25
280,44,22,20,24
281,44,22,20,23
282,44,26,23,26
283,44,34,29,33
284,44,45,40,44
285,44,52,47,51
286,44,50,45,49
287,44,39,34,37
288,44,28,23,25
289,44,23,19,20
290,44,24,20,18
291,44,25,20,18
292,44,23,18,15
293,44,24,19,15
294,44,26,21,17
295,44,30,25,21
296,44,43,36,31
297,44,51,44,38
298,44,50,43,36
299,44,52,45,37
300,44,76,69,61
264,45,123,118,117
265,45,50,46,46
266,45,41,36,39
267,45,55,53,57
268,45,61,60,65
269,45,49,48,53
270,45,42,42,47
271,45,33,33,39
272,45,27,26,32
273,45,25,24,30
274,45,26,25,31
275,45,25,24,30
276,45,24,23,29
277,45,23,22,28
278,45,24,22,27
279,45,23,21,26
280,45,24,22,26
281,45,25,23,26
282,45,28,25,28
283,45,33,28,32
284,45,41,36,40
285,45,47,42,46
286,45,47,42,46
287,45,37,32,36
288,45,26,20,23
289,45,22,16,18
290,45,23,17,18
291,45,24,18,18
292,45,24,18,16
293,45,26,21,17
294,45,26,22,18
295,45,30,25,21
296,45,43,36,30
297,45,52,45,39
298,45,52,45,38
299,45,51,44,35
300,45,72,64,56
264,46,129,124,122
265,46,52,48,47
266,46,38,35,36
267,46,53,52,54
268,46,61,61,64
269,46,49,48,53
270,46,44,43,49
271,46,36,35,41
272,46,28,27,33
273,46,25,24,30
274,46,26,25,31
275,46,25,24,30
276,46,23,22,28
277,46,23,22,28
278,46,25,23,28
279,46,24,22,27
280,46,23,21,25
281,46,25,23,25
282,46,29,26,29
283,46,32,28,32
284,46,38,33,37
285,46,44,39,43
286,46,45,39,43
287,46,35,29,33
288,46,24,18,20
289,46,21,14,15
290,46,22,16,16
291,46,24,19,16
292,46,25,20,17
293,46,28,23,19
294,46,28,23,19
295,46,31,25,21
296,46,44,37,31
297,46,54,47,41
298,46,53,46,39
299,46,50,43,35
300,46,68,61,53
265,47,53,49,49
266,47,37,33,36
267,47,54,51,55
268,47,62,61,66
269,47,50,49,54
270,47,46,45,51
271,47,37,36,42
272,47,29,28,34
273,47,25,24,30
274,47,26,25,31
275,47,25,23,30
276,47,24,21,28
277,47,24,21,28
278,47,25,23,28
279,47,25,23,27
280,47,23,19,23
281,47,25,20,24
282,47,32,27,31
283,47,36,31,35
284,47,41,36,40
285,47,48,43,46
286,47,49,43,47
287,47,38,32,36
288,47,26,20,22
289,47,23,17,18
290,47,24,18,19
291,47,24,18,18
292,47,26,20,18
293,47,29,24,20
294,47,29,24,20
295,47,31,26,22
296,47,45,38,32
297,47,56,49,42
298,47,54,47,40
299,47,50,43,35
300,47,66,59,51
301,47,132,124,115
265,48,55,49,50
266,48,38,33,34
267,48,53,50,53
268,48,63,60,65
269,48,52,50,55
270,48,46,45,51
271,48,37,36,42
272,48,28,27,34
273,48,25,24,30
274,48,26,25,31
275,48,26,24,31
276,48,25,23,29
277,48,25,23,28
278,48,26,24,29
279,48,25,23,27
280,48,21,17,21
281,48,24,20,23
282,48,34,29,33
283,48,39,34,38
284,48,46,42,44
285,48,55,50,51
286,48,56,50,52
287,48,44,38,40
288,48,31,25,26
289,48,28,22,22
290,48,28,22,21
291,48,25,20,17
292,48,27,22,19
293,48,30,25,21
294,48,30,25,21
295,48,32,27,22
296,48,46,39,33
297,48,57,50,44
298,48,56,49,42
299,48,51,44,36
300,48,65,58,50
301,48,128,119,111
265,49,67,58,61
266,49,40,33,36
267,49,48,41,47
268,49,60,54,60
269,49,57,53,59
270,49,48,45,52
271,49,36,34,41
272,49,27,25,33
273,49,25,22,29
274,49,29,26,33
275,49,32,29,35
276,49,31,29,35
277,49,30,28,33
278,49,26,24,28
279,49,20,18,22
280,49,16,12,16
281,49,21,16,19
282,49,31,27,28
283,49,34,28,30
284,49,48,42,44
285,49,64,58,60
286,49,67,61,62
287,49,50,44,45
288,49,37,31,31
289,49,34,28,27
290,49,31,26,23
291,49,26,21,18
292,49,28,23,20
293,49,26,21,18
294,49,26,21,17
295,49,32,26,22
296,49,46,40,34
297,49,56,49,43
298,49,56,49,42
299,49,52,45,37
300,49,62,55,47
301,49,116,107,99
265,50,74,65,66
266,50,44,34,37
267,50,49,40,44
268,50,60,52,58
269,50,58,53,59
270,50,49,45,53
271,50,36,34,42
272,50,28,26,34
273,50,26,23,30
274,50,29,26,33
275,50,30,28,33
276,50,29,27,32
277,50,27,25,30
278,50,24,22,25
279,50,20,17,20
280,50,20,16,18
281,50,25,20,22
282,50,29,25,26
283,50,31,26,26
284,50,47,41,41
285,50,65,59,59
286,50,68,62,63
287,50,53,47,47
288,50,42,37,35
289,50,36,31,29
290,50,31,26,23
291,50,24,19,16
292,50,26,21,18
293,50,23,18,15
294,50,22,17,13
295,50,28,23,18
296,50,42,36,30
297,50,52,44,39
298,50,53,46,39
299,50,49,43,35
300,50,58,51,43
301,50,111,102,94
265,51,82,73,76
266,51,46,38,42
267,51,49,39,45
268,51,60,51,58
269,51,59,53,61
270,51,49,46,54
271,51,37,36,44
272,51,29,27,34
273,51,26,24,31
274,51,28,25,31
275,51,27,25,30
276,51,25,23,28
277,51,23,21,25
278,51,21,19,23
279,51,20,18,20
280,51,22,18,20
281,51,25,21,22
282,51,29,25,26
283,51,33,28,28
284,51,53,47,47
285,51,72,66,66
286,51,75,69,69
287,51,60,54,54
288,51,46,41,39
289,51,36,31,28
290,51,28,23,20
291,51,24,19,16
292,51,26,21,18
293,51,24,19,15
294,51,22,17,13
295,51,27,21,17
296,51,39,32,27
297,51,50,42,36
298,51,53,46,39
299,51,50,43,35
300,51,57,50,42
301,51,107,98,90
265,52,90,81,82
266,52,48,39,42
267,52,47,38,43
268,52,60,52,58
269,52,61,55,63
270,52,49,45,53
271,52,36,34,42
272,52,29,27,34
273,52,26,23,30
274,52,26,23,30
275,52,23,21,27
276,52,21,19,24
277,52,21,19,23
278,52,22,20,23
279,52,22,20,23
280,52,20,17,19
281,52,22,18,19
282,52,28,24,25
283,52,37,32,32
284,52,61,55,55
285,52,83,77,77
286,52,86,80,80
287,52,68,62,61
288,52,49,44,41
289,52,33,28,25
290,52,26,21,18
291,52,27,22,19
292,52,29,24,21
293,52,27,22,19
294,52,26,20,17
295,52,29,23,19
296,52,39,32,26
297,52,50,43,37
298,52,55,48,41
299,52,54,47,38
300,52,59,51,43
301,52,102,93,85
265,53,96,87,89
266,53,48,39,43
267,53,44,35,41
268,53,60,51,58
269,53,64,58,66
270,53,48,45,53
271,53,35,33,41
272,53,28,26,34
273,53,25,22,30
274,53,25,22,29
275,53,22,20,26
276,53,21,19,24
277,53,21,19,23
278,53,24,22,25
279,53,25,23,26
280,53,19,16,17
281,53,19,15,16
282,53,29,25,25
283,53,37,31,32
284,53,61,55,55
285,53,84,78,78
286,53,90,84,84
287,53,70,64,64
288,53,47,42,39
289,53,31,26,23
290,53,25,20,17
291,53,28,23,20
292,53,30,25,22
293,53,30,25,21
294,53,29,24,20
295,53,30,24,19
296,53,37,31,25
297,53,49,42,36
298,53,57,50,43
299,53,55,48,40
300,53,57,50,42
301,53,98,89,81
265,54,102,93,95
266,54,48,39,42
267,54,41,32,37
268,54,58,49,55
269,54,64,58,65
270,54,49,46,53
271,54,35,34,42
272,54,28,26,34
273,54,25,22,30
274,54,25,22,29
275,54,24,21,27
276,54,22,20,25
277,54,23,21,25
278,54,25,23,26
279,54,26,24,27
280,54,20,17,19
281,54,22,19,20
282,54,32,27,28
283,54,31,25,26
284,54,50,44,44
285,54,78,72,72
286,54,91,85,86
287,54,71,65,65
288,54,44,39,36
289,54,31,26,23
290,54,27,22,19
291,54,26,21,18
292,54,28,23,20
293,54,29,24,20
294,54,28,23,19
295,54,29,23,19
296,54,35,28,22
297,54,47,40,34
298,54,55,48,41
299,54,53,46,38
300,54,53,45,37
301,54,94,86,77
265,55,109,100,103
266,55,49,40,44
267,55,38,29,35
268,55,55,46,53
269,55,63,56,64
270,55,51,47,56
271,55,38,36,44
272,55,29,27,35
273,55,26,24,31
274,55,27,24,31
275,55,26,23,29
276,55,24,22,27
277,55,24,22,27
278,55,25,23,26
279,55,25,23,25
280,55,23,20,21
281,55,29,25,26
282,55,38,34,35
283,55,29,23,23
284,55,44,38,38
285,55,80,74,74
286,55,103,97,97
287,55,80,74,74
288,55,46,41,38
289,55,32,27,24
290,55,28,23,20
291,55,25,20,17
292,55,26,21,18
293,55,29,24,20
294,55,29,24,20
295,55,29,23,19
296,55,33,26,21
297,55,45,38,32
298,55,53,46,39
299,55,50,43,35
300,55,49,41,33
301,55,93,84,75
265,56,114,105,106
266,56,50,41,44
267,56,36,27,32
268,56,51,43,49
269,56,61,55,62
270,56,53,49,57
271,56,40,38,46
272,56,31,29,37
273,56,27,25,32
274,56,27,24,31
275,56,27,24,30
276,56,25,24,29
277,56,25,23,27
278,56,24,22,25
279,56,23,20,23
280,56,24,21,23
281,56,33,29,30
282,56,42,38,39
283,56,31,25,25
284,56,46,40,40
285,56,88,82,82
286,56,116,110,110
287,56,92,86,86
288,56,50,44,42
289,56,32,27,24
290,56,28,23,20
291,56,25,20,17
292,56,26,21,18
293,56,29,24,21
294,56,30,25,21
295,56,30,25,20
296,56,34,27,21
297,56,45,38,32
298,56,54,47,40
299,56,50,43,36
300,56,48,41,33
301,56,92,83,74
265,57,121,112,115
266,57,58,49,54
267,57,36,26,33
268,57,47,38,46
269,57,63,57,65
270,57,54,50,59
271,57,43,42,49
272,57,35,33,40
273,57,28,25,32
274,57,26,23,30
275,57,26,23,29
276,57,26,24,29
277,57,24,22,27
278,57,23,21,24
279,57,23,21,24
280,57,26,23,25
281,57,29,25,26
282,57,31,27,28
283,57,36,31,31
284,57,48,42,42
285,57,85,79,79
286,57,115,109,109
287,57,94,88,88
288,57,53,48,46
289,57,36,31,28
290,57,30,25,22
291,57,25,20,17
292,57,27,22,19
293,57,28,23,20
294,57,27,22,18
295,57,27,21,17
296,57,32,26,20
297,57,45,38,32
298,57,54,47,40
299,57,51,44,36
300,57,49,42,34
301,57,84,75,66
265,58,127,118,119
266,58,63,54,57
267,58,36,27,31
268,58,44,35,42
269,58,61,55,62
270,58,54,51,58
271,58,44,42,50
272,58,35,33,41
273,58,28,26,33
274,58,25,22,29
275,58,26,23,29
276,58,26,24,29
277,58,24,22,27
278,58,23,21,24
279,58,23,21,24
280,58,24,21,23
281,58,26,23,24
282,58,31,26,27
283,58,38,33,33
284,58,45,39,39
285,58,81,75,75
286,58,115,109,109
287,58,100,95,94
288,58,58,53,51
289,58,36,31,28
290,58,29,24,21
291,58,26,21,18
292,58,28,23,20
293,58,28,23,20
294,58,26,22,18
295,58,27,21,17
296,58,32,26,20
297,58,45,38,32
298,58,53,46,39
299,58,51,44,36
300,58,49,42,34
301,58,82,73,65
266,59,68,59,63
267,59,36,27,33
268,59,41,32,40
269,59,59,52,60
270,59,55,51,59
271,59,45,44,52
272,59,35,33,41
273,59,29,26,33
274,59,25,22,29
275,59,25,23,28
276,59,25,23,28
277,59,25,23,27
278,59,23,21,24
279,59,23,21,24
280,59,24,21,23
281,59,27,23,24
282,59,32,28,29
283,59,40,34,34
284,59,43,37,37
285,59,80,74,74
286,59,121,115,115
287,59,113,107,106
288,59,66,61,59
289,59,38,34,30
290,59,29,24,21
291,59,26,21,18
292,59,28,23,20
293,59,28,23,20
294,59,26,22,18
295,59,27,21,17
296,59,33,26,20
297,59,45,38,31
298,59,53,46,39
299,59,51,44,36
300,59,50,43,35
301,59,82,73,65
266,60,73,64,66
267,60,36,27,32
268,60,39,30,37
269,60,59,52,59
270,60,56,52,60
271,60,46,45,53
272,60,36,34,42
273,60,29,26,33
274,60,25,23,29
275,60,25,23,28
276,60,25,23,28
277,60,24,22,26
278,60,23,21,24
279,60,23,21,23
280,60,27,24,26
281,60,31,27,28
282,60,32,28,29
283,60,39,33,34
284,60,43,37,37
285,60,85,79,79
287,60,127,121,121
288,60,73,68,66
289,60,41,36,33
290,60,31,26,23
291,60,28,23,20
292,60,28,23,20
293,60,28,23,19
294,60,26,21,17
295,60,27,21,17
296,60,33,26,20
297,60,44,37,31
298,60,52,45,38
299,60,51,44,36
300,60,50,43,35
301,60,81,73,64
266,61,77,68,72
267,61,37,27,33
268,61,38,29,37
269,61,60,53,61
270,61,58,54,62
271,61,48,46,55
272,61,38,36,44
273,61,30,27,34
274,61,25,23,29
275,61,25,23,28
276,61,25,23,28
277,61,24,22,26
278,61,23,21,24
279,61,22,20,23
280,61,31,28,30
281,61,33,29,30
282,61,28,24,25
283,61,35,29,29
284,61,42,35,35
285,61,91,85,85
288,61,79,74,72
289,61,42,38,34
290,61,32,27,24
291,61,29,24,21
292,61,28,23,20
293,61,27,22,19
294,61,26,21,17
295,61,27,22,17
296,61,33,27,21
297,61,43,36,30
298,61,50,43,36
299,61,50,43,36
300,61,51,43,35
301,61,81,72,63
266,62,81,72,74
267,62,37,28,33
268,62,37,29,35
269,62,62,55,62
270,62,59,55,63
271,62,49,48,56
272,62,38,37,44
273,62,30,27,34
274,62,25,23,29
275,62,24,22,27
276,62,24,22,27
277,62,23,21,25
278,62,22,20,23
279,62,22,20,23
280,62,30,27,29
281,62,31,27,28
282,62,25,21,22
283,62,32,27,27
284,62,38,32,32
285,62,92,86,86
288,62,89,84,82
289,62,43,38,35
290,62,30,25,22
291,62,30,25,22
292,62,28,23,20
293,62,27,22,18
294,62,26,21,17
295,62,28,22,17
296,62,33,27,21
297,62,43,36,30
298,62,49,42,35
299,62,50,43,35
300,62,51,43,35
301,62,80,71,62
266,63,84,75,79
267,63,37,28,34
268,63,35,27,34
269,63,61,54,63
270,63,60,56,65
271,63,50,49,57
272,63,39,38,45
273,63,30,28,35
274,63,26,23,30
275,63,24,22,28
276,63,23,22,27
277,63,23,21,25
278,63,22,20,23
279,63,22,20,23
280,63,27,24,26
281,63,29,25,26
282,63,29,25,25
283,63,36,30,31
284,63,35,29,29
285,63,92,86,86
288,63,108,103,101
289,63,49,44,42
290,63,29,24,21
291,63,30,25,22
292,63,28,23,20
293,63,27,22,18
294,63,26,21,17
295,63,28,22,17
296,63,33,27,21
297,63,42,35,29
298,63,49,42,35
299,63,50,43,35
300,63,51,44,36
301,63,79,71,62
266,64,86,79,81
267,64,36,30,33
268,64,33,27,32
269,64,58,53,59
270,64,60,57,64
271,64,51,49,57
272,64,40,38,45
273,64,31,29,36
274,64,26,24,31
275,64,24,22,28
276,64,23,21,27
277,64,23,21,26
278,64,21,21,23
279,64,22,21,23
280,64,23,21,23
281,64,27,24,24
282,64,34,30,29
283,64,40,36,36
284,64,33,28,28
285,64,91,85,85
288,64,129,124,121
289,64,58,52,49
290,64,29,23,20
291,64,31,26,23
292,64,28,23,20
293,64,26,21,18
294,64,26,21,17
295,64,27,22,17
296,64,33,26,21
297,64,42,35,29
298,64,49,42,35
299,64,49,43,34
300,64,51,44,36
301,64,79,71,62
266,65,88,83,82
267,65,39,34,34
268,65,34,29,29
269,65,51,46,48
270,65,62,59,64
271,65,52,48,57
272,65,42,40,48
273,65,38,37,43
274,65,28,27,33
275,65,22,21,27
276,65,24,24,29
277,65,25,25,29
278,65,20,20,23
279,65,23,23,25
280,65,18,18,19
281,65,20,19,18
282,65,30,28,27
283,65,30,29,27
284,65,23,20,17
285,65,82,78,75
289,65,69,61,58
290,65,29,22,19
291,65,31,26,23
292,65,24,19,16
293,65,25,20,17
294,65,26,21,18
295,65,25,20,16
296,65,30,23,20
297,65,44,35,32
298,65,50,43,38
299,65,48,41,34
300,65,49,42,35
301,65,79,71,63
266,66,93,89,86
267,66,41,37,34
268,66,29,25,22
269,66,43,39,39
270,66,61,58,63
271,66,54,51,59
272,66,44,41,49
273,66,38,37,43
274,66,28,27,33
275,66,21,22,26
276,66,24,25,29
277,66,25,26,30
278,66,19,20,22
279,66,21,23,23
280,66,20,21,20
281,66,24,24,22
282,66,32,32,30
283,66,32,31,28
284,66,22,21,17
285,66,74,72,68
289,66,72,65,60
290,66,30,23,20
291,66,30,25,22
292,66,23,18,15
293,66,25,20,17
294,66,26,21,18
295,66,24,19,16
296,66,29,22,19
297,66,44,36,33
298,66,50,42,38
299,66,47,40,34
300,66,48,41,35
301,66,78,69,62
266,67,103,99,96
267,67,46,42,39
268,67,25,21,18
269,67,36,32,32
270,67,59,56,61
271,67,56,53,60
272,67,46,44,50
273,67,37,36,42
274,67,27,25,32
275,67,22,23,27
276,67,24,25,29
277,67,24,25,28
278,67,20,21,23
279,67,20,22,23
280,67,22,23,23
281,67,27,28,26
282,67,34,34,32
283,67,34,33,30
284,67,25,23,19
285,67,69,65,61
289,67,75,67,63
290,67,31,24,21
291,67,29,24,21
292,67,22,17,14
293,67,24,19,16
294,67,25,20,17
295,67,24,19,16
296,67,28,21,18
297,67,43,34,32
298,67,49,42,37
299,67,47,40,34
300,67,48,41,35
301,67,75,66,60
302,67,134,125,118
266,68,114,110,107
267,68,53,49,46
268,68,25,21,18
269,68,35,31,30
270,68,57,55,59
271,68,58,56,62
272,68,48,46,53
273,68,36,35,41
274,68,26,25,30
275,68,23,23,27
276,68,23,24,28
277,68,23,24,27
278,68,20,21,23
279,68,20,22,21
280,68,21,22,21
281,68,25,25,23
282,68,30,30,28
283,68,32,31,28
284,68,27,26,22
285,68,64,62,57
289,68,77,69,66
290,68,29,22,19
291,68,28,23,20
292,68,22,17,14
293,68,25,20,17
294,68,26,21,18
295,68,24,18,15
296,68,28,21,18
297,68,42,33,31
298,68,48,41,36
299,68,46,39,33
300,68,48,40,34
301,68,73,64,57
302,68,133,124,117
266,69,121,117,114
267,69,59,55,51
268,69,24,20,18
269,69,34,30,29
270,69,53,51,55
271,69,59,56,62
272,69,51,49,55
273,69,38,36,42
274,69,28,27,32
275,69,25,25,29
276,69,22,24,26
277,69,21,22,24
278,69,20,21,23
279,69,19,20,22
280,69,19,20,20
281,69,20,20,19
282,69,23,23,21
283,69,28,27,24
284,69,30,28,26
285,69,63,59,57
289,69,80,73,70
290,69,27,20,17
291,69,28,24,21
292,69,22,18,15
293,69,25,20,17
294,69,26,21,18
295,69,24,19,16
296,69,28,20,18
297,69,41,33,30
298,69,47,40,35
299,69,47,40,33
300,69,48,41,35
301,69,72,64,57
302,69,133,124,117
266,70,127,123,120
267,70,62,58,55
268,70,23,19,17
269,70,32,28,28
270,70,47,44,49
271,70,58,55,62
272,70,54,51,58
273,70,39,39,43
274,70,31,30,34
275,70,27,27,30
276,70,22,23,25
277,70,19,20,22
278,70,20,21,23
279,70,20,22,21
280,70,20,21,21
281,70,20,19,19
282,70,20,19,18
283,70,26,25,23
284,70,31,30,28
285,70,57,54,51
289,70,84,76,74
290,70,28,20,17
291,70,29,23,21
292,70,23,18,15
293,70,26,21,18
294,70,27,22,19
295,70,25,19,16
296,70,28,20,18
297,70,41,33,30
298,70,47,40,35
299,70,47,40,34
300,70,49,42,36
301,70,72,64,57
302,70,133,124,117
267,71,69,65,61
268,71,25,21,19
269,71,31,28,27
270,71,41,39,41
271,71,56,54,58
272,71,55,54,59
273,71,42,41,46
274,71,33,33,37
275,71,29,29,32
276,71,21,22,24
277,71,16,18,19
278,71,20,22,22
279,71,21,23,22
280,71,25,26,26
281,71,25,25,25
282,71,22,21,21
283,71,27,26,24
284,71,32,30,28
285,71,49,44,42
286,71,117,113,109
289,71,89,81,79
290,71,30,23,20
291,71,28,23,20
292,71,23,18,15
293,71,27,22,19
294,71,28,23,20
295,71,26,20,17
296,71,28,21,18
297,71,41,32,30
298,71,48,40,36
299,71,48,41,35
300,71,50,43,37
301,71,73,64,58
267,72,75,71,68
268,72,28,24,22
269,72,32,28,28
270,72,37,34,37
271,72,54,52,57
272,72,57,56,61
273,72,43,43,47
274,72,35,35,39
275,72,30,31,34
276,72,21,22,24
277,72,16,17,18
278,72,20,22,21
279,72,21,23,22
280,72,29,30,30
281,72,31,31,31
282,72,26,26,25
283,72,29,29,27
284,72,31,29,27
285,72,39,36,34
286,72,103,99,96
289,72,91,83,81
290,72,32,25,23
291,72,29,23,21
292,72,23,18,15
293,72,27,22,19
294,72,29,24,21
295,72,26,20,17
296,72,28,20,17
297,72,41,32,30
298,72,48,41,36
299,72,48,41,35
300,72,50,43,37
301,72,74,65,59
267,73,81,77,74
268,73,36,32,29
269,73,30,27,26
270,73,30,27,29
271,73,54,52,55
272,73,60,58,61
273,73,42,42,45
274,73,36,36,38
275,73,28,28,31
276,73,21,22,24
277,73,18,19,21
278,73,18,20,19
279,73,23,25,24
280,73,29,30,29
281,73,29,29,29
282,73,25,25,25
283,73,26,25,23
284,73,25,23,21
285,73,31,26,25
286,73,91,86,85
289,73,87,78,79
290,73,31,23,23
291,73,29,24,21
292,73,23,18,15
293,73,27,22,19
294,73,28,23,20
295,73,24,19,16
296,73,26,18,15
297,73,41,33,30
298,73,50,43,38
299,73,49,42,36
300,73,48,40,34
301,73,79,71,64
267,74,83,79,76
268,74,35,31,28
269,74,29,25,24
270,74,25,23,24
271,74,50,48,51
272,74,59,58,61
273,74,45,44,46
274,74,37,37,39
275,74,27,28,30
276,74,22,23,25
277,74,21,22,23
278,74,20,22,21
279,74,23,25,24
280,74,23,24,23
281,74,24,24,24
282,74,26,26,26
283,74,25,24,22
284,74,24,23,22
285,74,29,26,25
286,74,84,80,79
289,74,88,80,81
290,74,31,24,23
291,74,28,23,20
292,74,23,18,15
293,74,26,21,18
294,74,27,22,19
295,74,24,18,15
296,74,27,19,16
297,74,42,34,31
298,74,50,43,38
299,74,48,41,35
300,74,48,41,35
301,74,82,73,66
267,75,87,83,80
268,75,32,28,26
269,75,27,23,22
270,75,22,19,19
271,75,46,43,45
272,75,58,56,57
273,75,48,48,48
274,75,40,40,40
275,75,27,28,28
276,75,23,25,25
277,75,24,26,25
278,75,21,23,22
279,75,22,24,23
280,75,19,19,19
281,75,23,23,23
282,75,31,31,31
283,75,27,26,26
284,75,29,27,27
285,75,34,29,31
286,75,81,76,77
289,75,95,86,87
290,75,35,27,27
291,75,28,23,20
292,75,22,17,14
293,75,26,21,18
294,75,26,21,18
295,75,24,18,15
296,75,28,20,17
297,75,42,34,31
298,75,49,42,37
299,75,47,40,34
300,75,49,42,36
301,75,84,76,69
267,76,95,91,88
268,76,35,31,29
269,76,27,23,20
270,76,19,17,16
271,76,40,38,38
272,76,55,53,54
273,76,52,51,51
274,76,43,43,43
275,76,27,29,28
276,76,25,27,26
277,76,27,29,28
278,76,23,25,24
279,76,22,24,23
280,76,16,17,16
281,76,20,20,20
282,76,31,31,31
283,76,24,23,24
284,76,28,25,26
285,76,34,30,31
286,76,74,69,71
289,76,94,85,87
290,76,34,26,26
291,76,27,22,19
292,76,22,17,14
293,76,25,20,17
294,76,26,21,18
295,76,24,18,15
296,76,29,21,18
297,76,42,34,31
298,76,47,40,35
299,76,46,39,33
300,76,50,43,37
301,76,87,78,72
267,77,105,101,98
268,77,42,38,36
269,77,27,23,22
270,77,19,17,17
271,77,35,33,34
272,77,50,49,49
273,77,53,53,53
274,77,46,46,46
275,77,28,30,29
276,77,26,28,27
277,77,29,31,30
278,77,23,25,24
279,77,22,24,23
280,77,15,16,15
281,77,16,16,16
282,77,25,24,24
283,77,19,18,18
284,77,25,22,23
285,77,31,27,29
286,77,65,59,61
289,77,86,76,79
290,77,31,23,24
291,77,25,20,19
292,77,21,16,13
293,77,24,19,16
294,77,24,20,17
295,77,24,18,15
296,77,30,23,20
297,77,43,34,32
298,77,46,38,34
299,77,45,37,32
300,77,51,44,38
301,77,90,81,75
267,78,114,110,107
268,78,50,46,43
269,78,26,23,21
270,78,22,20,19
271,78,31,30,29
272,78,44,43,43
273,78,52,52,52
274,78,49,50,49
275,78,30,32,31
276,78,27,29,28
277,78,29,31,30
278,78,21,23,22
279,78,22,24,23
280,78,20,21,20
281,78,20,20,20
282,78,23,23,23
283,78,25,23,24
284,78,29,27,28
285,78,34,31,31
286,78,60,55,57
287,78,119,113,115
288,78,132,123,126
289,78,82,72,75
290,78,33,25,27
291,78,25,19,18
292,78,21,16,13
293,78,23,18,15
294,78,24,19,16
295,78,24,19,16
296,78,32,25,22
297,78,43,35,32
298,78,45,37,33
299,78,43,36,30
300,78,53,45,39
301,78,94,85,78
267,79,121,117,114
268,79,57,53,49
269,79,25,22,19
270,79,26,25,23
271,79,29,28,26
272,79,38,38,36
273,79,50,50,48
274,79,51,51,50
275,79,32,34,32
276,79,28,30,29
277,79,29,31,30
278,79,20,22,21
279,79,22,24,23
280,79,25,26,26
281,79,23,23,23
282,79,21,21,21
283,79,32,30,31
284,79,36,33,34
285,79,36,31,34
286,79,54,49,52
287,79,103,97,101
288,79,115,106,111
289,79,77,67,71
290,79,37,28,30
291,79,25,18,18
292,79,21,16,13
293,79,23,18,15
294,79,22,18,15
295,79,23,18,15
296,79,33,26,23
297,79,44,36,33
298,79,45,37,33
299,79,43,36,29
300,79,54,46,40
301,79,96,87,81
267,80,125,121,118
268,80,60,56,53
269,80,25,21,18
270,80,30,28,26
271,80,28,27,25
272,80,34,34,32
273,80,49,49,47
274,80,52,52,51
275,80,35,35,35
276,80,30,31,32
277,80,28,29,32
278,80,18,19,21
279,80,21,22,24
280,80,24,24,26
281,80,18,18,20
282,80,14,14,16
283,80,30,29,31
284,80,34,32,34
285,80,30,27,30
286,80,43,38,42
287,80,84,79,83
288,80,93,87,91
289,80,65,59,62
290,80,34,28,29
291,80,24,19,18
292,80,21,16,13
293,80,23,18,15
294,80,22,18,15
295,80,24,19,16
296,80,34,27,24
297,80,43,35,32
298,80,45,36,32
299,80,44,35,29
300,80,55,46,41
301,80,100,91,84
268,81,67,59,57
269,81,30,25,22
270,81,30,28,26
271,81,24,24,22
272,81,31,31,30
273,81,48,48,47
274,81,49,49,49
275,81,40,40,41
276,81,33,32,35
277,81,26,25,30
278,81,17,16,21
279,81,20,20,24
280,81,26,25,30
281,81,23,22,27
282,81,17,16,21
283,81,25,24,28
284,81,35,34,37
285,81,36,35,37
286,81,44,42,45
287,81,72,70,71
288,81,73,71,72
289,81,58,56,56
290,81,41,39,36
291,81,29,25,22
292,81,23,19,16
293,81,22,17,14
294,81,24,19,16
295,81,28,22,19
296,81,33,25,22
297,81,39,30,28
298,81,45,35,32
299,81,48,38,33
300,81,59,48,44
301,81,115,104,98
268,82,72,65,63
269,82,31,26,24
270,82,31,29,27
271,82,23,23,20
272,82,28,28,26
273,82,45,45,45
274,82,50,50,51
275,82,41,41,43
276,82,32,31,35
277,82,25,24,29
278,82,18,17,23
279,82,20,19,25
280,82,22,21,27
281,82,22,21,27
282,82,20,19,25
283,82,21,21,25
284,82,33,32,36
285,82,36,36,38
286,82,43,42,43
287,82,67,67,67
288,82,72,72,71
289,82,58,57,56
290,82,39,39,36
291,82,27,26,22
292,82,22,19,16
293,82,21,17,14
294,82,23,18,15
295,82,28,22,19
296,82,34,26,23
297,82,40,30,28
298,82,46,35,32
299,82,49,36,33
300,82,62,48,44
301,82,122,109,104
268,83,80,74,71
269,83,33,29,26
270,83,33,31,29
271,83,21,21,19
272,83,22,22,21
273,83,41,41,41
274,83,51,51,53
275,83,42,41,45
276,83,32,31,35
277,83,24,23,28
278,83,20,19,25
279,83,19,18,24
280,83,17,16,22
281,83,20,19,25
282,83,24,23,29
283,83,18,17,22
284,83,30,29,33
285,83,34,34,37
286,83,40,40,41
287,83,62,62,62
288,83,74,74,73
289,83,59,58,56
290,83,38,36,33
291,83,27,24,21
292,83,22,18,15
293,83,20,15,13
294,83,23,17,14
295,83,30,21,19
296,83,37,27,25
297,83,43,32,30
298,83,47,35,32
299,83,49,35,32
300,83,63,49,45
301,83,129,116,110
268,84,92,86,83
269,84,35,31,28
270,84,34,32,30
271,84,21,20,18
272,84,19,19,17
273,84,35,35,35
274,84,50,50,50
275,84,43,43,45
276,84,32,32,35
277,84,25,24,29
278,84,23,22,28
279,84,19,18,24
280,84,13,12,18
281,84,18,17,23
282,84,26,25,31
283,84,15,14,20
284,84,26,26,29
285,84,32,32,34
286,84,37,37,37
287,84,57,57,57
288,84,73,73,72
289,84,58,58,56
290,84,35,34,32
291,84,26,24,20
292,84,22,18,15
293,84,19,14,11
294,84,21,16,13
295,84,29,23,20
296,84,38,30,27
297,84,44,34,32
298,84,46,35,33
299,84,47,35,31
300,84,64,50,47
301,84,135,122,117
268,85,105,99,96
269,85,38,34,31
270,85,32,30,28
271,85,23,22,20
272,85,19,19,17
273,85,29,29,29
274,85,45,45,47
275,85,44,44,48
276,85,35,34,38
277,85,27,26,31
278,85,24,23,29
279,85,19,18,24
280,85,13,12,18
281,85,18,17,23
282,85,27,26,32
283,85,14,13,18
284,85,23,23,27
285,85,30,29,32
286,85,33,34,35
287,85,51,51,51
288,85,68,68,66
289,85,55,55,53
290,85,35,33,31
291,85,26,23,20
292,85,23,19,16
293,85,19,15,12
294,85,21,15,13
295,85,30,22,19
296,85,41,31,29
297,85,45,35,32
298,85,47,35,32
299,85,49,36,32
300,85,68,54,51
268,86,118,111,108
269,86,41,37,34
270,86,29,28,25
271,86,26,25,23
272,86,22,22,21
273,86,24,24,24
274,86,39,39,39
275,86,45,45,48
276,86,40,39,43
277,86,30,29,34
278,86,25,24,30
279,86,18,17,23
280,86,14,13,19
281,86,19,18,24
282,86,24,23,29
283,86,15,14,19
284,86,23,23,26
285,86,27,27,28
286,86,31,31,31
287,86,47,47,47
288,86,58,58,56
289,86,49,49,47
290,86,35,34,32
291,86,25,24,20
292,86,24,20,17
293,86,20,16,13
294,86,21,16,13
295,86,29,22,20
296,86,41,32,30
297,86,44,34,32
298,86,45,34,31
299,86,50,37,34
300,86,73,59,56
268,87,127,120,118
269,87,44,39,36
270,87,26,25,22
271,87,30,30,27
272,87,27,27,25
273,87,21,21,21
274,87,32,32,33
275,87,47,46,50
276,87,45,44,49
277,87,33,32,37
278,87,25,24,30
279,87,19,18,24
280,87,18,17,23
281,87,21,20,26
282,87,21,20,26
283,87,17,16,22
284,87,23,22,27
285,87,24,24,27
286,87,28,28,30
287,87,44,44,44
288,87,47,47,45
289,87,44,44,42
290,87,37,35,33
291,87,27,24,20
292,87,25,22,18
293,87,22,17,14
294,87,23,17,14
295,87,31,23,20
296,87,41,32,30
297,87,43,32,30
298,87,45,33,30
299,87,52,39,36
300,87,78,64,61
269,88,47,42,39
270,88,25,23,20
271,88,32,32,30
272,88,29,30,28
273,88,18,18,18
274,88,27,27,27
275,88,46,45,47
276,88,49,48,52
277,88,37,36,41
278,88,24,23,29
279,88,19,18,24
280,88,21,20,26
281,88,22,21,27
282,88,19,18,24
283,88,19,18,23
284,88,23,23,27
285,88,24,24,25
286,88,27,27,28
287,88,42,42,42
288,88,40,40,39
289,88,40,40,38
290,88,37,36,33
291,88,27,25,21
292,88,26,22,19
293,88,24,19,16
294,88,24,18,15
295,88,29,23,20
296,88,40,31,29
297,88,42,32,30
298,88,43,33,30
299,88,53,41,37
300,88,84,70,66
269,89,61,56,54
270,89,32,31,28
271,89,30,30,28
272,89,23,24,22
273,89,13,13,13
274,89,20,20,22
275,89,33,32,36
276,89,52,51,56
277,89,50,49,54
278,89,20,19,25
279,89,18,17,23
280,89,21,20,26
281,89,20,19,25
282,89,18,17,23
283,89,20,19,24
284,89,23,22,27
285,89,26,26,29
286,89,29,29,30
287,89,35,35,35
288,89,38,38,37
289,89,39,39,37
290,89,37,35,33
291,89,30,27,24
292,89,22,18,15
293,89,26,22,19
294,89,28,22,20
295,89,28,20,18
296,89,37,28,26
297,89,45,34,32
298,89,44,32,29
299,89,56,43,40
300,89,100,86,83
269,90,71,67,64
270,90,30,28,25
271,90,35,34,32
272,90,28,29,27
273,90,11,11,11
274,90,23,23,24
275,90,34,34,36
276,90,45,44,48
277,90,45,44,49
278,90,28,27,33
279,90,17,16,22
280,90,17,16,22
281,90,19,18,24
282,90,18,17,22
283,90,20,19,24
284,90,24,23,26
285,90,26,26,27
286,90,28,28,29
287,90,34,34,34
288,90,40,40,38
289,90,42,42,40
290,90,39,38,35
291,90,30,28,25
292,90,21,17,14
293,90,27,22,19
294,90,28,23,20
295,90,27,21,18
296,90,38,30,27
297,90,46,37,34
298,90,45,35,32
299,90,61,48,45
300,90,110,96,93
269,91,83,78,75
270,91,29,27,25
271,91,32,31,29
272,91,31,31,30
273,91,17,18,18
274,91,23,23,25
275,91,31,31,35
276,91,41,40,45
277,91,44,43,48
278,91,34,33,38
279,91,21,20,26
280,91,17,16,22
281,91,18,17,23
282,91,18,17,22
283,91,21,20,25
284,91,23,22,27
285,91,24,24,27
286,91,27,27,28
287,91,33,33,33
288,91,41,41,39
289,91,46,46,44
290,91,44,42,40
291,91,33,29,26
292,91,22,18,15
293,91,26,21,18
294,91,28,22,19
295,91,28,20,18
296,91,39,30,28
297,91,47,37,35
298,91,49,37,34
299,91,69,55,52
300,91,121,107,104
269,92,93,88,85
270,92,35,33,31
271,92,25,25,22
272,92,29,29,28
273,92,26,26,26
274,92,16,16,16
275,92,22,22,24
276,92,41,41,44
277,92,49,48,53
278,92,34,33,38
279,92,26,25,31
280,92,20,19,25
281,92,16,15,21
282,92,17,16,22
283,92,22,21,26
284,92,24,23,26
285,92,23,23,25
286,92,25,25,25
287,92,32,32,32
288,92,42,42,41
289,92,49,49,47
290,92,47,46,43
291,92,35,32,28
292,92,24,20,17
293,92,26,21,18
294,92,26,21,18
295,92,26,20,18
296,92,38,31,28
297,92,45,36,34
298,92,48,37,34
299,92,73,61,57
300,92,131,118,114
269,93,103,99,96
270,93,44,42,40
271,93,27,27,25
272,93,30,30,29
273,93,28,28,28
274,93,12,12,14
275,93,18,18,22
276,93,36,36,40
277,93,46,45,50
278,93,37,36,42
279,93,27,26,32
280,93,19,18,24
281,93,16,15,21
282,93,18,16,22
283,93,22,21,26
284,93,24,23,27
285,93,23,22,26
286,93,24,24,25
287,93,31,31,31
288,93,42,42,40
289,93,50,50,48
290,93,49,47,45
291,93,37,34,31
292,93,25,21,18
293,93,26,21,18
294,93,26,19,17
295,93,27,19,17
296,93,39,30,28
297,93,44,34,32
298,93,47,35,32
299,93,77,64,61
269,94,116,112,109
270,94,50,48,46
271,94,34,34,32
272,94,33,33,31
273,94,24,24,24
274,94,16,16,17
275,94,23,24,25
276,94,28,28,32
277,94,36,35,40
278,94,45,44,50
279,94,26,25,31
280,94,17,16,22
281,94,17,16,22
282,94,19,17,23
283,94,22,21,26
284,94,24,23,27
285,94,23,23,25
286,94,24,24,24
287,94,31,31,30
288,94,41,41,39
289,94,48,48,46
290,94,47,46,44
291,94,38,35,32
292,94,26,22,19
293,94,26,21,18
294,94,25,20,17
295,94,27,21,18
296,94,40,32,30
297,94,44,34,32
298,94,46,35,32
299,94,80,68,64
270,95,52,50,48
271,95,28,28,26
272,95,31,31,30
273,95,28,28,29
274,95,21,21,23
275,95,27,26,30
276,95,26,25,30
277,95,31,30,35
278,95,47,46,52
279,95,29,28,34
280,95,20,19,25
281,95,18,17,23
282,95,19,18,23
283,95,22,21,26
284,95,24,23,28
285,95,23,23,27
286,95,25,25,26
287,95,30,30,31
288,95,39,39,37
289,95,44,44,42
290,95,44,43,40
291,95,38,34,31
292,95,25,21,18
293,95,25,21,18
294,95,27,20,18
295,95,30,22,20
296,95,45,35,33
297,95,46,35,33
298,95,49,36,34
299,95,86,72,69
270,96,59,55,54
271,96,19,17,16
272,96,25,24,23
273,96,38,37,38
274,96,22,22,24
275,96,26,25,27
276,96,30,30,33
277,96,35,34,39
278,96,41,39,44
279,96,36,35,40
280,96,26,25,31
281,96,19,18,24
282,96,19,18,24
283,96,22,20,26
284,96,23,22,27
285,96,24,23,27
286,96,25,25,28
287,96,30,30,32
288,96,37,37,38
289,96,41,41,40
290,96,41,40,38
291,96,35,34,30
292,96,24,20,17
293,96,25,21,18
294,96,27,22,19
295,96,31,25,23
296,96,46,38,36
297,96,47,37,35
298,96,51,40,37
299,96,91,79,75
270,97,110,103,103
271,97,48,44,44
272,97,26,22,24
273,97,30,26,29
274,97,19,15,18
275,97,25,20,24
276,97,36,31,35
277,97,40,36,41
278,97,37,33,38
279,97,38,36,41
280,97,28,26,31
281,97,20,18,23
282,97,21,19,25
283,97,20,18,24
284,97,18,17,23
285,97,21,20,26
286,97,26,26,30
287,97,31,30,35
288,97,35,34,38
289,97,38,37,41
290,97,39,37,38
291,97,33,30,28
292,97,20,17,14
293,97,24,20,17
294,97,29,23,20
295,97,34,27,24
296,97,47,38,36
297,97,41,31,28
298,97,54,42,39
299,97,102,89,84
271,98,111,106,107
272,98,50,45,46
273,98,21,16,18
274,98,39,34,38
275,98,40,34,39
276,98,23,18,21
277,98,27,24,26
278,98,64,59,63
279,98,42,37,43
280,98,25,22,28
281,98,22,20,25
282,98,23,21,26
283,98,20,19,24
284,98,19,18,24
285,98,21,20,26
286,98,25,24,30
287,98,28,27,33
288,98,30,29,35
289,98,31,30,36
290,98,32,31,33
291,98,29,27,25
292,98,17,14,11
293,98,23,19,16
294,98,30,26,22
295,98,35,28,25
296,98,42,33,30
297,98,35,26,22
298,98,57,46,41
299,98,112,100,94
272,99,130,124,123
273,99,73,68,68
274,99,48,42,44
275,99,45,40,41
276,99,33,29,30
277,99,33,29,30
278,99,58,54,55
279,99,51,46,50
280,99,33,30,33
281,99,22,20,23
282,99,21,19,22
283,99,21,19,22
284,99,22,19,24
285,99,23,21,26
286,99,24,23,28
287,99,25,24,29
288,99,26,25,29
289,99,27,25,29
290,99,30,28,29
291,99,32,28,27
292,99,20,16,14
293,99,22,17,14
294,99,28,22,19
295,99,35,27,24
296,99,42,32,30
297,99,39,28,26
298,99,69,57,54
299,99,127,113,109
274,100,88,82,82
275,100,70,65,64
276,100,67,63,62
277,100,62,58,57
278,100,53,49,48
279,100,50,46,47
280,100,34,31,32
281,100,21,18,19
282,100,18,16,17
283,100,18,16,18
284,100,22,19,22
285,100,24,22,25
286,100,24,24,26
287,100,24,24,26
288,100,25,25,27
289,100,25,25,27
290,100,29,28,29
291,100,34,32,30
292,100,29,26,23
293,100,22,18,14
294,100,22,17,13
295,100,32,26,22
296,100,48,39,36
297,100,47,37,33
298,100,79,69,64
299,100,137,124,119
275,101,127,122,119
276,101,86,81,78
277,101,72,67,64
278,101,77,73,71
279,101,56,52,51
280,101,38,34,33
281,101,26,22,21
282,101,18,15,15
283,101,17,15,16
284,101,22,20,20
285,101,24,23,23
286,101,24,22,23
287,101,23,21,22
288,101,25,24,24
289,101,25,25,25
290,101,26,24,24
291,101,30,27,24
292,101,37,34,30
293,101,27,23,19
294,101,22,15,12
295,101,32,24,21
296,101,50,41,37
297,101,47,37,32
298,101,84,72,67
277,102,106,101,97
278,102,77,73,69
279,102,61,57,54
280,102,48,44,42
281,102,34,30,27
282,102,22,18,15
283,102,19,17,14
284,102,23,21,18
285,102,24,22,19
286,102,21,20,17
287,102,20,19,17
288,102,23,22,20
289,102,25,25,23
290,102,23,21,18
291,102,21,18,14
292,102,37,34,30
293,102,31,27,22
294,102,27,21,17
295,102,35,29,25
296,102,45,37,32
297,102,39,30,25
298,102,86,75,69
278,103,101,96,90
279,103,69,65,60
280,103,53,49,45
281,103,39,35,31
282,103,23,19,15
283,103,19,16,13
284,103,24,20,17
285,103,24,21,17
286,103,20,19,15
287,103,20,19,15
288,103,25,24,20
289,103,29,28,24
290,103,26,25,20
291,103,22,19,14
292,103,32,29,24
293,103,28,24,18
294,103,32,26,20
295,103,44,37,31
296,103,45,37,31
297,103,43,33,29
298,103,101,90,85
278,104,112,107,101
279,104,86,81,75
280,104,62,59,52
281,104,40,37,31
282,104,22,19,14
283,104,18,15,10
284,104,24,20,15
285,104,24,21,16
286,104,21,20,15
287,104,23,22,17
288,104,31,30,25
289,104,35,33,28
290,104,34,32,27
291,104,31,27,22
292,104,29,26,21
293,104,23,19,13
294,104,33,28,22
295,104,49,43,37
296,104,47,40,34
297,104,55,46,40
298,104,121,111,105
279,105,118,114,105
280,105,87,83,74
281,105,57,53,45
282,105,35,30,24
283,105,25,22,15
284,105,28,25,18
285,105,30,27,21
286,105,31,28,22
287,105,35,32,27
288,105,37,34,29
289,105,34,31,26
290,105,32,29,24
291,105,35,32,27
292,105,41,38,31
293,105,37,33,26
294,105,39,33,27
295,105,44,36,30
296,105,44,35,28
297,105,79,68,62
280,106,119,115,106
281,106,89,85,76
282,106,63,59,52
283,106,47,44,37
284,106,41,38,31
285,106,34,31,24
286,106,28,25,18
287,106,27,24,17
288,106,32,29,24
289,106,35,32,27
290,106,35,32,27
291,106,34,31,24
292,106,27,24,16
293,106,36,32,25
294,106,41,36,30
295,106,45,40,33
296,106,73,65,58
297,106,126,118,110
282,107,129,125,117
283,107,103,98,92
284,107,73,68,62
285,107,47,43,36
286,107,34,31,24
287,107,39,36,29
288,107,48,45,40
289,107,50,47,42
290,107,47,44,39
291,107,45,42,35
292,107,42,39,31
293,107,61,58,48
294,107,76,71,62
295,107,91,84,77
296,107,134,125,118
286,108,122,118,112
287,108,104,101,94
288,108,92,89,83
289,108,83,80,73
290,108,83,80,73
291,108,98,95,86
292,108,118,115,105
