299,384,125,117,112
300,384,121,112,108
294,385,132,125,121
295,385,112,104,101
296,385,93,85,82
297,385,76,68,66
298,385,62,54,52
299,385,49,41,39
300,385,44,36,34
301,385,71,61,60
291,386,102,96,90
292,386,84,78,73
293,386,69,63,58
294,386,59,53,50
295,386,55,49,46
296,386,58,50,48
297,386,61,53,51
298,386,62,54,52
299,386,58,50,48
300,386,52,44,42
301,386,58,48,47
302,386,109,99,98
287,387,113,106,100
288,387,87,80,74
289,387,69,62,56
290,387,60,53,47
291,387,59,54,48
292,387,56,51,45
293,387,54,49,45
294,387,52,47,43
295,387,49,43,40
296,387,47,39,37
297,387,49,41,39
298,387,57,49,47
299,387,64,56,54
300,387,63,55,53
301,387,47,37,36
302,387,68,58,57
303,387,126,116,114
282,388,133,126,120
283,388,110,103,97
284,388,92,85,79
285,388,79,71,66
286,388,70,63,57
287,388,62,55,50
288,388,54,47,42
289,388,47,40,35
290,388,43,37,31
291,388,41,36,30
292,388,38,33,27
293,388,39,34,30
294,388,43,38,34
295,388,46,41,37
296,388,50,43,41
297,388,54,46,44
298,388,58,50,48
299,388,60,52,50
300,388,55,47,45
301,388,46,36,35
302,388,49,39,38
303,388,94,84,81
279,389,118,110,106
280,389,96,88,85
281,389,79,71,68
282,389,68,60,56
283,389,54,46,43
284,389,45,38,34
285,389,44,36,33
286,389,47,40,36
287,389,53,45,42
288,389,56,48,45
289,389,58,50,46
290,389,57,50,46
291,389,55,50,44
292,389,53,48,42
293,389,54,49,44
294,389,56,51,48
295,389,58,52,49
296,389,57,50,47
297,389,57,49,47
298,389,57,49,47
299,389,56,48,46
300,389,54,45,43
301,389,57,47,46
302,389,56,46,44
303,389,82,72,70
275,390,117,109,106
276,390,93,85,82
277,390,75,67,64
278,390,62,54,51
279,390,53,45,42
280,390,50,42,39
281,390,51,43,40
282,390,54,46,43
283,390,54,46,43
284,390,52,44,41
285,390,49,41,38
286,390,48,40,37
287,390,50,42,39
288,390,52,44,41
289,390,55,47,44
290,390,54,48,43
291,390,51,46,40
292,390,53,48,42
293,390,58,53,48
294,390,59,54,50
295,390,55,49,46
296,390,48,41,38
297,390,46,38,36
298,390,51,43,41
299,390,56,48,46
300,390,59,50,49
301,390,54,44,43
302,390,52,42,40
303,390,69,59,56
304,390,113,104,100
271,391,114,106,103
272,391,96,88,85
273,391,81,73,70
274,391,69,61,58
275,391,55,47,44
276,391,45,37,34
277,391,41,33,30
278,391,45,37,34
279,391,49,41,38
280,391,49,41,38
281,391,52,44,41
282,391,58,50,47
283,391,62,54,51
284,391,61,53,50
285,391,56,48,45
286,391,51,43,40
287,391,50,42,39
288,391,50,42,39
289,391,52,44,41
290,391,55,48,44
291,391,57,52,46
292,391,52,47,41
293,391,50,45,40
294,391,49,45,41
295,391,52,46,43
296,391,55,47,45
297,391,57,49,47
298,391,59,51,49
299,391,57,49,47
300,391,53,44,42
301,391,51,42,40
302,391,45,35,33
303,391,50,40,39
304,391,84,74,71
267,392,119,112,107
268,392,97,90,84
269,392,81,74,69
270,392,70,62,59
271,392,57,49,46
272,392,47,39,36
273,392,48,40,37
274,392,56,48,45
275,392,61,53,50
276,392,60,52,49
277,392,54,46,43
278,392,48,40,37
279,392,44,36,33
280,392,49,41,38
281,392,55,47,44
282,392,57,49,46
283,392,57,49,46
284,392,54,46,44
285,392,52,44,42
286,392,51,43,40
287,392,52,44,41
288,392,52,44,41
289,392,51,43,40
290,392,49,42,38
291,392,48,43,37
292,392,50,45,39
293,392,54,49,44
294,392,58,53,49
295,392,59,53,49
296,392,57,49,47
297,392,56,48,46
298,392,56,48,46
299,392,56,48,46
300,392,57,49,47
301,392,68,58,57
302,392,53,43,42
303,392,40,31,29
304,392,57,48,44
305,392,112,103,98
263,393,127,119,116
264,393,104,96,93
265,393,81,74,70
266,393,65,57,54
267,393,57,49,45
268,393,55,47,44
269,393,56,48,45
270,393,56,48,46
271,393,58,50,48
272,393,57,49,46
273,393,50,42,40
274,393,43,35,33
275,393,44,36,34
276,393,50,42,40
277,393,55,47,45
278,393,56,48,46
279,393,55,47,44
280,393,54,46,44
281,393,53,45,43
282,393,52,44,42
283,393,50,42,40
284,393,50,42,40
285,393,50,42,40
286,393,52,44,42
287,393,53,45,43
288,393,54,46,44
289,393,54,46,43
290,393,52,45,41
291,393,50,45,39
292,393,50,45,39
293,393,51,46,42
294,393,53,48,44
295,393,54,48,45
296,393,56,48,46
297,393,55,47,45
298,393,53,45,43
299,393,51,43,41
300,393,52,43,42
301,393,63,54,52
302,393,61,52,50
303,393,51,41,40
304,393,49,39,37
305,393,78,69,64
259,394,121,113,110
260,394,95,87,84
261,394,80,72,69
262,394,66,58,55
263,394,56,48,45
264,394,53,45,42
265,394,54,46,43
266,394,54,46,43
267,394,54,46,43
268,394,53,45,42
269,394,51,43,41
270,394,55,47,45
271,394,56,48,46
272,394,55,47,45
273,394,50,42,40
274,394,47,39,37
275,394,48,40,38
276,394,50,42,40
277,394,51,43,41
278,394,52,44,42
279,394,55,47,45
280,394,56,48,46
281,394,54,46,44
282,394,52,44,42
283,394,49,41,39
284,394,49,41,39
285,394,49,41,39
286,394,50,42,40
287,394,52,44,42
288,394,52,44,42
289,394,52,44,42
290,394,51,44,40
291,394,49,44,38
292,394,49,44,38
293,394,50,45,40
294,394,50,45,42
295,394,51,46,42
296,394,54,46,44
297,394,54,46,44
298,394,53,45,43
299,394,51,43,41
300,394,50,42,40
301,394,52,42,41
302,394,60,50,48
303,394,59,49,46
304,394,50,41,36
305,394,58,49,44
306,394,130,120,114
255,395,132,124,121
256,395,107,99,96
257,395,84,76,73
258,395,60,52,49
259,395,50,42,39
260,395,55,47,44
261,395,51,43,40
262,395,46,38,35
263,395,46,38,35
264,395,49,41,38
265,395,51,43,40
266,395,52,44,41
267,395,53,45,42
268,395,52,44,41
269,395,53,45,42
270,395,54,46,44
271,395,53,45,43
272,395,51,43,41
273,395,50,42,40
274,395,52,44,42
275,395,54,46,44
276,395,52,44,42
277,395,48,40,38
278,395,48,40,38
279,395,53,45,43
280,395,54,46,44
281,395,53,45,43
282,395,52,44,42
283,395,49,41,39
284,395,48,40,38
285,395,48,40,38
286,395,48,40,38
287,395,49,41,39
288,395,49,41,39
289,395,49,41,39
290,395,49,42,39
291,395,49,44,39
292,395,48,43,37
293,395,47,42,37
294,395,47,42,38
295,395,49,43,39
296,395,52,44,42
297,395,53,45,43
298,395,53,45,43
299,395,53,45,43
300,395,52,43,42
301,395,49,39,38
302,395,56,46,44
303,395,59,49,48
304,395,54,44,41
305,395,50,40,35
306,395,92,82,76
254,396,133,125,122
255,396,79,71,68
256,396,48,40,37
257,396,49,41,38
258,396,55,47,44
259,396,56,48,45
260,396,51,43,40
261,396,49,41,38
262,396,49,41,38
263,396,52,44,41
264,396,56,48,45
265,396,58,50,47
266,396,57,49,46
267,396,54,46,43
268,396,52,44,41
269,396,52,44,41
270,396,53,45,43
271,396,53,45,43
272,396,52,44,43
273,396,51,43,41
274,396,52,43,42
275,396,53,45,43
276,396,52,44,42
277,396,49,41,39
278,396,48,40,38
279,396,51,43,41
280,396,52,43,42
281,396,51,43,41
282,396,50,42,40
283,396,49,41,39
284,396,48,40,38
285,396,48,40,38
286,396,48,40,38
287,396,48,40,38
288,396,49,41,39
289,396,49,41,39
290,396,49,42,39
291,396,48,43,39
292,396,47,42,36
293,396,46,41,36
294,396,45,40,36
295,396,47,40,37
296,396,50,42,40
297,396,52,43,42
298,396,53,45,43
299,396,54,46,44
300,396,54,46,44
301,396,56,47,45
302,396,53,42,41
303,396,50,40,37
304,396,53,44,39
305,396,56,47,42
306,396,58,48,42
307,396,104,93,86
248,397,115,105,103
249,397,84,75,73
250,397,67,59,57
251,397,77,69,67
252,397,103,95,93
253,397,112,104,102
254,397,91,83,81
255,397,57,49,47
256,397,41,33,31
257,397,48,40,38
258,397,55,47,45
259,397,51,43,41
260,397,42,34,32
261,397,48,40,38
262,397,56,48,46
263,397,60,52,50
264,397,58,50,48
265,397,51,43,40
266,397,45,37,35
267,397,45,37,35
268,397,51,43,41
269,397,56,48,46
270,397,51,42,43
271,397,55,46,47
272,397,57,48,49
273,397,53,44,44
274,397,46,37,38
275,397,47,38,38
276,397,50,41,42
277,397,52,43,44
278,397,51,42,42
279,397,48,39,40
280,397,48,39,39
281,397,48,39,40
282,397,48,39,40
283,397,48,39,40
284,397,48,39,40
285,397,48,39,40
286,397,48,39,40
287,397,48,39,40
288,397,50,41,42
289,397,51,42,42
290,397,51,43,41
291,397,49,44,40
292,397,47,42,36
293,397,45,40,35
294,397,44,39,35
295,397,46,39,36
296,397,49,41,39
297,397,51,43,41
298,397,54,46,44
299,397,55,47,45
300,397,56,48,46
301,397,59,50,48
302,397,52,41,41
303,397,42,32,30
304,397,44,34,31
305,397,59,50,45
306,397,43,33,27
307,397,67,56,50
308,397,130,119,112
243,398,132,122,120
244,398,106,96,94
245,398,88,78,76
246,398,75,65,63
247,398,64,54,52
248,398,53,43,41
249,398,57,48,46
250,398,52,44,42
251,398,40,32,30
252,398,44,36,34
253,398,53,45,43
254,398,55,47,45
255,398,53,45,43
256,398,56,48,46
257,398,60,52,50
258,398,56,48,46
259,398,54,46,44
260,398,56,48,46
261,398,53,45,43
262,398,51,43,41
263,398,52,44,42
264,398,54,46,44
265,398,55,47,45
266,398,53,45,43
267,398,50,42,40
268,398,47,40,37
269,398,47,39,37
270,398,48,40,40
271,398,55,46,48
272,398,58,49,50
273,398,52,43,44
274,398,43,34,35
275,398,43,34,35
276,398,48,39,40
277,398,53,44,45
278,398,51,42,43
279,398,47,38,39
280,398,46,37,38
281,398,47,38,39
282,398,48,39,40
283,398,49,40,41
284,398,49,40,41
285,398,49,40,41
286,398,48,39,40
287,398,49,40,41
288,398,51,42,43
289,398,52,43,43
290,398,52,44,42
291,398,50,45,41
292,398,48,43,37
293,398,46,41,36
294,398,45,40,36
295,398,46,40,37
296,398,50,42,40
297,398,52,44,42
298,398,54,46,44
299,398,56,48,46
300,398,56,47,45
301,398,52,43,42
302,398,51,41,40
303,398,42,33,31
304,398,36,27,23
305,398,51,42,37
306,398,46,35,30
307,398,54,43,36
308,398,95,85,77
240,399,117,107,105
241,399,96,86,84
242,399,77,67,65
243,399,61,51,49
244,399,48,38,36
245,399,41,31,29
246,399,43,32,30
247,399,51,41,39
248,399,59,49,47
249,399,60,51,49
250,399,57,49,47
251,399,57,49,47
252,399,62,54,52
253,399,63,55,53
254,399,59,51,49
255,399,53,45,43
256,399,52,44,42
257,399,56,48,46
258,399,57,49,47
259,399,53,45,43
260,399,48,40,38
261,399,48,40,38
262,399,49,41,39
263,399,50,42,40
264,399,51,43,41
265,399,51,43,41
266,399,49,41,39
267,399,49,41,39
268,399,51,44,41
269,399,53,45,43
270,399,51,42,43
271,399,54,45,46
272,399,54,45,46
273,399,51,42,43
274,399,47,38,39
275,399,46,37,38
276,399,49,40,41
277,399,49,40,41
278,399,48,39,40
279,399,47,38,39
280,399,47,38,39
281,399,49,40,41
282,399,50,41,42
283,399,51,42,43
284,399,51,42,43
285,399,50,41,42
286,399,49,40,41
287,399,49,40,41
288,399,50,41,42
289,399,51,42,41
290,399,51,44,41
291,399,51,46,42
292,399,49,44,39
293,399,48,43,38
294,399,47,42,38
295,399,48,42,38
296,399,51,43,41
297,399,53,45,43
298,399,55,47,45
299,399,56,48,46
300,399,55,47,45
301,399,46,36,35
302,399,48,38,37
303,399,48,38,36
304,399,41,32,29
305,399,43,34,29
306,399,50,39,34
307,399,51,41,35
308,399,70,60,52
309,399,126,116,107
237,400,129,118,116
238,400,85,74,72
239,400,69,57,55
240,400,52,41,38
241,400,43,32,30
242,400,48,37,35
243,400,62,50,48
244,400,67,56,54
245,400,64,53,51
246,400,57,46,44
247,400,52,42,40
248,400,52,41,39
249,400,54,45,43
250,400,54,46,44
251,400,51,43,42
252,400,50,42,40
253,400,51,43,41
254,400,52,44,42
255,400,53,45,43
256,400,55,47,46
257,400,55,47,45
258,400,53,45,44
259,400,52,44,42
260,400,52,43,42
261,400,51,43,42
262,400,52,44,43
263,400,53,45,43
264,400,52,44,43
265,400,50,42,40
266,400,47,39,37
267,400,47,39,37
268,400,49,41,39
269,400,51,43,41
270,400,52,43,44
271,400,52,43,44
272,400,51,42,43
273,400,49,40,41
274,400,50,41,42
275,400,51,42,43
276,400,49,41,41
277,400,45,37,37
278,400,44,35,36
279,400,47,39,39
280,400,49,40,41
281,400,50,42,42
282,400,51,43,43
283,400,52,44,45
284,400,52,44,44
285,400,50,42,43
286,400,49,40,41
287,400,48,40,40
288,400,49,41,41
289,400,49,42,41
290,400,51,44,41
291,400,51,46,42
292,400,50,45,41
293,400,49,44,40
294,400,48,43,39
295,400,49,43,40
296,400,51,44,42
297,400,53,46,44
298,400,55,47,45
299,400,55,48,46
300,400,54,47,45
301,400,46,38,37
302,400,45,37,36
303,400,50,42,40
304,400,51,42,40
305,400,40,32,28
306,400,49,40,35
307,400,48,39,33
308,400,54,45,38
309,400,99,90,81
236,401,130,119,115
237,401,78,67,63
238,401,53,40,37
239,401,61,47,44
240,401,60,46,43
241,401,59,45,43
242,401,58,45,42
243,401,52,38,35
244,401,51,37,34
245,401,62,50,46
246,401,72,62,57
247,401,72,61,57
248,401,64,54,51
249,401,54,46,44
250,401,48,40,39
251,401,46,37,37
252,401,48,39,39
253,401,51,42,43
254,401,53,44,44
255,401,53,44,45
256,401,52,44,44
257,401,52,43,44
258,401,50,41,42
259,401,48,39,40
260,401,48,39,40
261,401,51,42,43
262,401,53,44,45
263,401,53,45,45
264,401,52,43,43
265,401,48,39,40
266,401,46,37,37
267,401,46,37,37
268,401,47,38,39
269,401,48,40,40
270,401,49,43,43
271,401,50,44,45
272,401,51,44,44
273,401,50,43,43
274,401,48,41,41
275,401,47,40,41
276,401,46,40,40
277,401,47,40,40
278,401,46,40,40
279,401,45,39,39
280,401,46,39,39
281,401,47,40,40
282,401,48,41,42
283,401,50,44,44
284,401,50,44,44
285,401,48,41,41
286,401,46,40,40
287,401,48,42,42
288,401,50,44,44
289,401,49,43,43
290,401,48,42,41
291,401,49,44,41
292,401,49,44,41
293,401,49,44,41
294,401,49,44,42
295,401,49,43,43
296,401,49,43,43
297,401,50,44,45
298,401,51,45,47
299,401,51,45,47
300,401,51,45,47
301,401,49,43,45
302,401,47,39,41
303,401,47,39,38
304,401,46,38,36
305,401,39,32,28
306,401,47,40,34
307,401,45,39,31
308,401,41,35,26
309,401,62,55,47
236,402,89,76,73
237,402,56,42,39
238,402,52,38,35
239,402,57,42,39
240,402,59,44,41
241,402,64,49,46
242,402,73,58,54
243,402,84,69,66
244,402,93,79,75
245,402,101,87,84
246,402,104,91,88
247,402,98,87,83
248,402,82,72,69
249,402,63,54,52
250,402,50,42,41
251,402,48,39,40
252,402,50,41,42
253,402,53,44,45
254,402,54,45,46
255,402,53,44,45
256,402,51,42,43
257,402,51,42,43
258,402,49,40,41
259,402,47,38,39
260,402,48,39,40
261,402,50,41,42
262,402,52,43,44
263,402,52,43,44
264,402,50,41,42
265,402,48,39,40
266,402,46,37,38
267,402,46,37,38
268,402,46,37,38
269,402,47,38,39
270,402,48,42,42
271,402,49,43,43
272,402,50,44,44
273,402,50,44,44
274,402,47,41,41
275,402,46,40,40
276,402,46,40,40
277,402,47,41,41
278,402,47,41,41
279,402,45,39,39
280,402,46,40,40
281,402,47,41,41
282,402,47,41,41
283,402,50,44,44
284,402,50,44,44
285,402,47,41,41
286,402,46,40,40
287,402,48,42,42
288,402,50,44,44
289,402,49,43,43
290,402,47,41,40
291,402,48,43,40
292,402,49,44,41
293,402,49,43,42
294,402,49,43,43
295,402,50,44,44
296,402,50,44,46
297,402,50,44,46
298,402,50,44,46
299,402,50,44,46
300,402,50,44,46
301,402,52,46,48
302,402,47,40,42
303,402,43,37,36
304,402,42,36,34
305,402,38,33,29
306,402,47,42,36
307,402,49,44,38
308,402,45,40,33
309,402,57,52,43
310,402,120,113,104
235,403,100,89,85
236,403,50,38,34
237,403,42,28,25
238,403,64,49,46
239,403,88,73,70
240,403,94,79,76
241,403,91,76,72
242,403,94,79,74
243,403,111,96,91
244,403,117,103,98
245,403,111,98,93
246,403,106,93,87
247,403,103,92,86
248,403,88,77,73
249,403,67,57,55
250,403,54,45,45
251,403,51,42,43
252,403,52,43,44
253,403,53,44,45
254,403,53,44,45
255,403,50,41,42
256,403,49,40,41
257,403,49,40,41
258,403,48,39,40
259,403,48,39,40
260,403,50,41,42
261,403,49,40,41
262,403,49,40,41
263,403,49,40,41
264,403,48,39,40
265,403,47,38,39
266,403,47,38,39
267,403,47,38,39
268,403,47,38,39
269,403,47,38,39
270,403,47,41,41
271,403,48,42,42
272,403,49,43,43
273,403,49,43,43
274,403,46,40,40
275,403,46,40,40
276,403,46,40,40
277,403,47,41,41
278,403,47,41,41
279,403,45,39,39
280,403,46,40,40
281,403,47,41,41
282,403,48,42,42
283,403,50,44,44
284,403,50,44,44
285,403,47,41,41
286,403,45,39,39
287,403,47,41,41
288,403,50,44,44
289,403,48,42,43
290,403,47,41,40
291,403,47,42,39
292,403,48,43,40
293,403,49,44,43
294,403,51,44,45
295,403,51,45,45
296,403,51,45,47
297,403,51,45,47
298,403,50,44,46
299,403,49,43,45
300,403,50,44,46
301,403,56,50,52
302,403,48,42,44
303,403,41,35,36
304,403,40,35,33
305,403,38,33,30
306,403,45,40,37
307,403,49,44,39
308,403,47,42,36
309,403,50,46,37
310,403,88,81,73
235,404,80,69,65
236,404,57,44,40
237,404,68,54,51
238,404,91,77,74
239,404,94,79,76
240,404,103,88,86
241,404,103,88,84
242,404,100,85,80
243,404,112,97,92
244,404,109,95,89
245,404,91,78,72
246,404,80,68,61
247,404,81,70,64
248,404,66,56,51
249,404,57,49,46
250,404,53,45,44
251,404,50,41,42
252,404,51,42,43
253,404,52,43,44
254,404,51,42,43
255,404,48,39,40
256,404,47,38,39
257,404,48,39,40
258,404,47,38,39
259,404,48,39,40
260,404,49,41,42
261,404,48,39,40
262,404,47,38,39
263,404,46,37,38
264,404,46,37,38
265,404,47,38,39
266,404,48,39,40
267,404,48,39,40
268,404,48,39,40
269,404,48,39,40
270,404,46,39,39
271,404,47,41,41
272,404,48,42,42
273,404,48,42,42
274,404,46,40,40
275,404,46,40,40
276,404,47,41,41
277,404,48,42,42
278,404,47,41,41
279,404,45,39,39
280,404,46,40,40
281,404,48,42,42
282,404,48,42,42
283,404,51,45,45
284,404,50,44,44
285,404,47,41,41
286,404,45,39,39
287,404,47,41,41
288,404,49,43,43
289,404,48,42,42
290,404,46,40,39
291,404,46,41,38
292,404,47,42,39
293,404,49,43,42
294,404,51,44,45
295,404,51,45,45
296,404,52,46,47
297,404,51,45,47
298,404,50,44,46
299,404,48,42,44
300,404,49,43,45
301,404,58,52,54
302,404,51,45,46
303,404,43,37,37
304,404,42,37,34
305,404,40,35,31
306,404,42,37,32
307,404,45,40,34
308,404,43,38,32
309,404,39,35,26
310,404,55,49,39
311,404,118,110,101
234,405,90,80,75
235,405,59,48,44
236,405,47,34,31
237,405,49,34,32
238,405,64,49,46
239,405,91,76,71
240,405,108,93,88
241,405,102,87,82
242,405,89,74,69
243,405,90,76,70
244,405,85,72,65
245,405,72,60,52
246,405,68,56,48
247,405,74,64,55
248,405,62,52,45
249,405,53,45,41
250,405,48,41,40
251,405,46,39,39
252,405,47,40,40
253,405,48,42,42
254,405,47,41,41
255,405,45,39,39
256,405,45,38,38
257,405,46,40,40
258,405,46,40,40
259,405,46,40,40
260,405,47,41,41
261,405,46,40,40
262,405,45,39,39
263,405,44,37,37
264,405,44,37,38
265,405,45,39,39
266,405,46,40,40
267,405,47,41,41
268,405,47,41,41
269,405,47,41,41
270,405,45,39,39
271,405,46,40,40
272,405,48,42,42
273,405,48,42,42
274,405,47,41,41
275,405,47,41,41
276,405,48,42,42
277,405,48,42,42
278,405,47,41,41
279,405,45,39,39
280,405,46,40,40
281,405,47,41,41
282,405,48,42,42
283,405,50,44,44
284,405,50,44,44
285,405,47,41,41
286,405,45,39,39
287,405,47,41,41
288,405,50,44,44
289,405,49,43,43
290,405,46,40,40
291,405,45,40,38
292,405,47,42,39
293,405,48,43,42
294,405,50,44,44
295,405,51,45,45
296,405,51,45,47
297,405,50,44,46
298,405,49,43,45
299,405,47,41,43
300,405,48,42,44
301,405,56,50,52
302,405,52,46,48
303,405,48,42,42
304,405,47,41,40
305,405,43,38,36
306,405,41,36,31
307,405,40,35,30
308,405,39,34,28
309,405,36,32,23
310,405,40,33,25
311,405,94,85,76
233,406,113,104,100
234,406,54,45,40
235,406,52,42,37
236,406,57,44,40
237,406,61,47,44
238,406,68,54,51
239,406,76,61,56
240,406,82,67,62
241,406,73,58,53
242,406,58,43,38
243,406,57,42,35
244,406,58,45,37
245,406,56,44,35
246,406,57,45,37
247,406,62,51,43
248,406,55,45,38
249,406,49,41,37
250,406,45,38,37
251,406,43,37,37
252,406,45,39,39
253,406,48,42,42
254,406,46,40,40
255,406,44,38,38
256,406,43,37,37
257,406,46,40,40
258,406,46,40,40
259,406,46,40,40
260,406,45,39,39
261,406,45,39,39
262,406,45,39,39
263,406,45,39,39
264,406,45,39,39
265,406,46,40,40
266,406,46,40,40
267,406,46,40,40
268,406,48,42,42
269,406,48,42,42
270,406,44,38,38
271,406,45,39,39
272,406,47,41,41
273,406,48,42,42
274,406,47,41,41
275,406,48,42,42
276,406,49,43,43
277,406,49,43,43
278,406,48,42,42
279,406,46,40,40
280,406,46,40,40
281,406,46,40,40
282,406,47,41,41
283,406,50,44,44
284,406,50,44,44
285,406,47,41,41
286,406,46,40,40
287,406,48,42,42
288,406,51,45,45
289,406,50,44,44
290,406,47,41,41
291,406,46,41,38
292,406,47,42,39
293,406,48,43,42
294,406,50,43,44
295,406,50,44,44
296,406,50,44,46
297,406,50,44,46
298,406,49,43,45
299,406,48,42,44
300,406,48,42,45
301,406,52,46,48
302,406,53,47,48
303,406,52,46,45
304,406,51,46,43
305,406,47,42,38
306,406,42,37,32
307,406,39,34,29
308,406,40,36,29
309,406,41,37,28
310,406,43,37,28
311,406,71,63,53
312,406,125,116,105
233,407,79,70,66
234,407,47,37,33
235,407,52,41,37
236,407,52,40,36
237,407,55,40,38
238,407,61,47,43
239,407,58,43,38
240,407,62,47,42
241,407,67,52,46
242,407,73,58,51
243,407,82,67,60
244,407,87,74,66
245,407,82,69,60
246,407,69,57,48
247,407,57,47,38
248,407,54,45,37
249,407,50,41,37
250,407,45,38,36
251,407,43,37,37
252,407,47,41,41
253,407,50,44,44
254,407,48,42,42
255,407,45,39,39
256,407,44,38,38
257,407,45,39,39
258,407,45,39,39
259,407,44,38,38
260,407,43,37,37
261,407,45,39,39
262,407,47,41,41
263,407,48,42,42
264,407,48,42,42
265,407,46,40,40
266,407,46,40,40
267,407,47,41,41
268,407,49,43,43
269,407,49,43,43
270,407,44,38,38
271,407,44,38,38
272,407,47,41,41
273,407,48,42,42
274,407,48,42,42
275,407,49,43,43
276,407,50,44,44
277,407,50,44,44
278,407,49,43,43
279,407,46,40,40
280,407,45,39,39
281,407,45,39,39
282,407,46,40,40
283,407,49,43,43
284,407,49,43,43
285,407,47,41,41
286,407,46,40,40
287,407,49,43,43
288,407,52,46,46
289,407,51,45,45
290,407,48,42,42
291,407,47,42,39
292,407,47,42,39
293,407,48,42,41
294,407,48,42,42
295,407,48,42,42
296,407,49,43,45
297,407,49,43,45
298,407,49,43,45
299,407,49,43,45
300,407,49,43,45
301,407,50,44,46
302,407,55,49,50
303,407,55,49,50
304,407,51,45,44
305,407,46,41,39
306,407,43,38,34
307,407,40,34,30
308,407,39,34,28
309,407,44,40,31
310,407,49,43,34
311,407,51,43,33
312,407,90,81,70
232,408,95,87,84
233,408,55,47,43
234,408,58,49,44
235,408,67,56,52
236,408,61,49,45
237,408,62,48,44
238,408,75,61,56
239,408,81,66,61
240,408,84,69,62
241,408,93,78,71
242,408,105,90,83
243,408,112,97,89
244,408,109,95,87
245,408,92,79,70
246,408,67,55,45
247,408,47,37,27
248,408,50,40,32
249,408,49,41,36
250,408,46,39,37
251,408,45,39,39
252,408,48,42,42
253,408,51,45,45
254,408,50,44,44
255,408,46,40,40
256,408,44,39,39
257,408,45,39,39
258,408,45,39,39
259,408,43,37,37
260,408,42,36,36
261,408,44,39,38
262,408,47,42,41
263,408,49,43,43
264,408,49,43,43
265,408,46,41,41
266,408,46,40,40
267,408,47,41,41
268,408,48,43,43
269,408,49,43,43
270,408,44,38,38
271,408,45,39,39
272,408,47,41,41
273,408,48,42,42
274,408,48,42,42
275,408,49,43,43
276,408,50,44,44
277,408,51,45,45
278,408,50,44,44
279,408,48,42,42
280,408,45,39,39
281,408,44,38,38
282,408,45,39,39
283,408,48,42,42
284,408,48,42,42
285,408,47,41,41
286,408,47,41,41
287,408,50,44,44
288,408,53,47,47
289,408,52,46,46
290,408,50,44,43
291,408,48,43,40
292,408,47,42,39
293,408,47,41,40
294,408,47,41,41
295,408,47,41,42
296,408,48,42,44
297,408,48,42,44
298,408,49,43,45
299,408,49,43,45
300,408,49,43,45
301,408,50,44,46
302,408,56,50,51
303,408,57,51,51
304,408,50,45,43
305,408,44,39,36
306,408,41,36,32
307,408,37,32,26
308,408,36,31,24
309,408,42,38,29
310,408,49,43,33
311,408,38,30,20
312,408,65,56,45
232,409,80,71,69
233,409,42,32,29
234,409,56,45,41
235,409,79,68,64
236,409,87,75,69
237,409,90,77,71
238,409,97,84,78
239,409,104,90,84
240,409,103,88,81
241,409,101,85,78
242,409,101,87,79
243,409,102,88,79
244,409,99,86,77
245,409,93,81,70
246,409,83,72,60
247,409,70,60,48
248,409,59,50,40
249,409,50,44,37
250,409,46,41,39
251,409,45,41,40
252,409,45,41,40
253,409,46,41,41
254,409,45,41,40
255,409,45,41,40
256,409,46,41,41
257,409,46,42,41
258,409,47,42,42
259,409,46,42,41
260,409,47,43,42
261,409,46,42,41
262,409,45,41,40
263,409,44,40,39
264,409,43,39,38
265,409,42,38,37
266,409,43,39,38
267,409,44,40,39
268,409,45,41,40
269,409,46,42,41
270,409,47,42,41
271,409,47,41,41
272,409,47,41,41
273,409,47,41,41
274,409,48,42,42
275,409,49,43,43
276,409,50,44,44
277,409,50,44,44
278,409,49,43,43
279,409,48,42,42
280,409,47,41,41
281,409,46,40,40
282,409,45,39,39
283,409,48,42,42
284,409,49,43,43
285,409,48,42,42
286,409,47,41,41
287,409,49,43,43
288,409,53,47,47
289,409,53,47,47
290,409,52,47,46
291,409,51,46,43
292,409,48,43,39
293,409,46,40,39
294,409,46,40,40
295,409,48,42,43
296,409,50,44,45
297,409,50,44,46
298,409,49,43,45
299,409,49,43,45
300,409,50,44,46
301,409,49,43,45
302,409,52,46,47
303,409,55,49,49
304,409,55,49,48
305,409,50,45,42
306,409,43,38,34
307,409,38,33,28
308,409,37,32,25
309,409,41,36,28
310,409,47,41,31
311,409,39,31,21
312,409,50,41,31
313,409,103,93,83
232,410,89,81,78
233,410,49,40,37
234,410,49,39,34
235,410,79,68,63
236,410,96,84,78
237,410,102,89,83
238,410,105,92,86
239,410,102,88,81
240,410,100,85,78
241,410,97,83,74
242,410,92,78,69
243,410,83,69,58
244,410,71,58,47
245,410,63,51,38
246,410,59,48,34
247,410,57,47,33
248,410,53,45,33
249,410,49,43,37
250,410,47,43,40
251,410,46,42,41
252,410,45,41,40
253,410,44,40,39
254,410,44,40,39
255,410,44,40,39
256,410,45,41,40
257,410,45,41,40
258,410,46,42,41
259,410,46,42,41
260,410,46,42,41
261,410,45,41,40
262,410,44,40,39
263,410,43,39,38
264,410,42,38,37
265,410,42,38,37
266,410,43,39,38
267,410,44,40,39
268,410,44,40,39
269,410,45,41,40
270,410,49,43,43
271,410,49,42,43
272,410,48,42,42
273,410,47,41,41
274,410,47,41,41
275,410,49,43,43
276,410,49,43,43
277,410,49,43,43
278,410,49,43,43
279,410,48,42,42
280,410,47,41,41
281,410,46,40,40
282,410,45,39,39
283,410,48,42,42
284,410,49,43,43
285,410,48,42,42
286,410,46,40,40
287,410,48,42,42
288,410,52,46,46
289,410,53,47,47
290,410,52,46,45
291,410,51,46,43
292,410,47,43,39
293,410,45,40,39
294,410,46,40,40
295,410,48,42,43
296,410,50,44,46
297,410,49,43,45
298,410,49,43,45
299,410,49,43,45
300,410,50,44,46
301,410,48,42,44
302,410,50,44,45
303,410,53,48,47
304,410,54,49,47
305,410,51,47,43
306,410,45,41,36
307,410,41,36,31
308,410,39,35,28
309,410,40,36,27
310,410,45,38,29
311,410,54,46,36
312,410,57,48,37
313,410,72,62,52
232,411,114,105,103
233,411,63,54,50
234,411,49,38,34
235,411,68,57,52
236,411,90,78,73
237,411,99,86,80
238,411,93,80,74
239,411,87,72,66
240,411,78,63,55
241,411,68,54,45
242,411,63,49,39
243,411,64,50,39
244,411,68,56,44
245,411,75,63,50
246,411,77,66,51
247,411,70,61,46
248,411,59,51,38
249,411,51,45,38
250,411,48,44,41
251,411,47,43,42
252,411,45,41,40
253,411,44,40,39
254,411,43,39,38
255,411,43,39,38
256,411,43,39,38
257,411,44,40,39
258,411,45,41,40
259,411,45,41,40
260,411,44,40,39
261,411,44,40,39
262,411,44,40,39
263,411,44,40,39
264,411,43,39,38
265,411,43,39,38
266,411,43,39,38
267,411,43,39,38
268,411,43,39,38
269,411,44,40,39
270,411,49,44,43
271,411,50,44,44
272,411,48,42,42
273,411,47,41,41
274,411,46,40,40
275,411,47,41,41
276,411,48,42,42
277,411,49,43,43
278,411,49,43,43
279,411,49,43,43
280,411,48,42,42
281,411,46,40,40
282,411,45,39,39
283,411,48,42,42
284,411,49,43,43
285,411,48,42,42
286,411,46,40,40
287,411,48,42,42
288,411,51,45,45
289,411,52,46,46
290,411,51,45,44
291,411,50,45,42
292,411,47,42,39
293,411,46,40,39
294,411,47,41,41
295,411,48,42,43
296,411,50,44,45
297,411,49,43,45
298,411,49,43,45
299,411,49,43,45
300,411,50,44,46
301,411,48,42,44
302,411,50,44,46
303,411,52,46,47
304,411,54,48,47
305,411,53,48,45
306,411,50,45,40
307,411,46,41,36
308,411,42,37,31
309,411,40,36,27
310,411,42,36,27
311,411,58,49,41
312,411,56,47,37
313,411,50,40,30
314,411,114,104,95
233,412,80,71,68
234,412,52,43,38
235,412,54,44,39
236,412,70,58,53
237,412,78,64,58
238,412,72,58,50
239,412,71,57,49
240,412,70,55,47
241,412,69,55,46
242,412,74,60,48
243,412,81,67,54
244,412,89,76,62
245,412,96,84,69
246,412,96,85,69
247,412,86,77,61
248,412,71,63,49
249,412,56,50,42
250,412,48,43,40
251,412,47,43,42
252,412,45,41,40
253,412,44,40,39
254,412,43,39,38
255,412,43,39,38
256,412,44,40,39
257,412,45,41,40
258,412,46,42,41
259,412,45,41,40
260,412,43,39,38
261,412,43,39,38
262,412,44,40,39
263,412,44,40,39
264,412,44,40,39
265,412,43,39,38
266,412,43,39,38
267,412,43,39,38
268,412,41,37,36
269,412,43,38,37
270,412,50,44,44
271,412,50,44,44
272,412,48,42,42
273,412,46,40,40
274,412,45,39,39
275,412,46,40,40
276,412,47,41,41
277,412,48,42,42
278,412,49,43,43
279,412,49,43,43
280,412,48,42,42
281,412,46,40,40
282,412,45,39,39
283,412,48,42,42
284,412,48,42,42
285,412,47,41,41
286,412,45,39,39
287,412,46,40,40
288,412,50,44,44
289,412,51,45,45
290,412,50,44,43
291,412,49,44,41
292,412,46,41,39
293,412,46,40,39
294,412,47,41,41
295,412,49,43,43
296,412,49,43,45
297,412,48,42,44
298,412,48,42,44
299,412,49,43,45
300,412,50,44,46
301,412,48,42,44
302,412,49,43,44
303,412,51,45,44
304,412,52,47,44
305,412,53,48,44
306,412,53,48,42
307,412,50,45,39
308,412,46,41,34
309,412,42,37,28
310,412,40,33,24
311,412,43,36,26
312,412,44,35,25
313,412,47,37,28
314,412,84,74,65
233,413,107,98,95
234,413,56,45,41
235,413,55,44,40
236,413,57,45,39
237,413,60,47,41
238,413,69,56,49
239,413,76,62,54
240,413,81,66,57
241,413,86,72,62
242,413,93,79,68
243,413,100,86,73
244,413,104,91,77
245,413,105,94,78
246,413,100,89,72
247,413,86,78,61
248,413,68,61,47
249,413,54,49,41
250,413,47,45,41
251,413,45,44,42
252,413,44,42,40
253,413,42,41,39
254,413,42,41,39
255,413,42,41,39
256,413,43,42,40
257,413,45,44,42
258,413,47,45,43
259,413,45,44,42
260,413,42,40,39
261,413,41,40,38
262,413,42,41,39
263,413,42,41,39
264,413,42,41,39
265,413,41,40,38
266,413,41,40,38
267,413,40,40,38
268,413,40,38,36
269,413,43,38,37
270,413,49,43,43
271,413,49,44,43
272,413,47,41,41
273,413,46,40,40
274,413,44,38,38
275,413,45,39,39
276,413,47,41,41
277,413,47,41,41
278,413,48,42,42
279,413,49,43,43
280,413,48,42,42
281,413,46,40,40
282,413,45,39,39
283,413,48,42,42
284,413,48,42,42
285,413,46,40,40
286,413,44,38,38
287,413,45,39,39
288,413,48,42,42
289,413,49,43,43
290,413,48,42,41
291,413,47,42,39
292,413,46,41,38
293,413,46,41,40
294,413,48,42,42
295,413,49,43,43
296,413,49,43,45
297,413,47,41,43
298,413,47,41,43
299,413,48,42,44
300,413,50,44,46
301,413,48,42,44
302,413,48,42,45
303,413,49,43,44
304,413,50,45,44
305,413,53,48,44
306,413,54,49,44
307,413,52,47,42
308,413,49,44,37
309,413,44,40,31
310,413,42,35,27
311,413,35,28,19
312,413,38,29,19
313,413,50,40,30
314,413,62,52,43
315,413,131,121,112
234,414,71,61,57
235,414,64,54,49
236,414,57,44,39
237,414,62,48,42
238,414,86,72,64
239,414,94,80,71
240,414,96,82,71
241,414,96,82,70
242,414,96,82,69
243,414,94,81,67
244,414,92,79,65
245,414,91,79,63
246,414,86,76,58
247,414,73,65,47
248,414,56,49,33
249,414,52,47,37
250,414,50,48,43
251,414,47,47,45
252,414,45,44,42
253,414,43,42,40
254,414,43,42,40
255,414,43,42,40
256,414,45,44,42
257,414,47,46,44
258,414,47,46,44
259,414,46,45,43
260,414,42,41,39
261,414,42,41,39
262,414,42,41,39
263,414,42,41,39
264,414,41,40,38
265,414,41,40,38
266,414,41,40,38
267,414,41,40,38
268,414,41,40,38
269,414,42,40,38
270,414,46,42,41
271,414,47,41,41
272,414,45,39,39
273,414,44,38,38
274,414,44,38,38
275,414,45,39,39
276,414,47,41,41
277,414,47,41,41
278,414,48,42,42
279,414,48,42,42
280,414,48,42,42
281,414,47,41,41
282,414,46,40,40
283,414,47,41,41
284,414,47,41,41
285,414,45,39,39
286,414,43,37,37
287,414,44,38,38
288,414,47,41,41
289,414,48,42,42
290,414,47,41,40
291,414,46,41,38
292,414,46,41,38
293,414,46,41,40
294,414,48,42,42
295,414,50,44,44
296,414,49,43,45
297,414,47,41,43
298,414,46,40,42
299,414,48,42,44
300,414,49,43,45
301,414,48,42,44
302,414,48,42,43
303,414,48,43,42
304,414,49,44,42
305,414,51,46,42
306,414,53,48,42
307,414,53,48,42
308,414,51,46,39
309,414,48,44,35
310,414,47,40,30
311,414,43,35,26
312,414,44,36,25
313,414,48,38,28
314,414,50,40,31
315,414,117,107,98
234,415,112,101,97
235,415,63,52,48
236,415,57,44,39
237,415,72,59,52
238,415,89,75,67
239,415,95,81,72
240,415,98,84,73
241,415,98,84,72
242,415,92,78,65
243,415,79,66,52
244,415,68,55,40
245,415,65,53,36
246,415,67,57,38
247,415,67,59,40
248,415,63,56,39
249,415,59,54,44
250,415,55,53,48
251,415,51,50,48
252,415,49,48,46
253,415,47,46,44
254,415,45,44,42
255,415,44,43,41
256,415,44,43,41
257,415,46,45,43
258,415,47,46,44
259,415,46,45,43
260,415,44,43,41
261,415,43,42,40
262,415,42,41,39
263,415,41,40,38
264,415,40,39,37
265,415,40,39,37
266,415,41,40,38
267,415,41,41,39
268,415,43,41,39
269,415,44,41,40
270,415,44,39,38
271,415,43,37,37
272,415,43,37,37
273,415,43,37,37
274,415,44,38,38
275,415,45,39,39
276,415,47,41,41
277,415,48,42,42
278,415,48,42,42
279,415,47,41,41
280,415,48,42,42
281,415,47,41,41
282,415,46,40,40
283,415,47,41,41
284,415,47,41,41
285,415,45,39,39
286,415,43,37,37
287,415,43,37,37
288,415,46,40,40
289,415,46,40,40
290,415,45,39,38
291,415,45,40,37
292,415,45,40,38
293,415,47,41,40
294,415,49,43,43
295,415,50,44,44
296,415,49,43,45
297,415,47,41,43
298,415,46,40,42
299,415,47,41,43
300,415,49,43,45
301,415,48,42,44
302,415,47,41,43
303,415,47,41,43
304,415,48,42,42
305,415,49,44,41
306,415,50,45,42
307,415,52,47,42
308,415,52,47,40
309,415,51,47,38
310,415,52,45,37
311,415,51,43,35
312,415,50,41,31
313,415,48,38,29
314,415,47,37,28
315,415,85,75,66
235,416,57,47,41
236,416,51,40,33
237,416,74,64,54
238,416,75,62,53
239,416,84,70,59
240,416,79,65,53
241,416,69,55,42
242,416,61,47,34
243,416,59,45,30
244,416,66,53,36
245,416,80,67,49
246,416,91,80,60
247,416,93,82,63
248,416,86,76,59
249,416,73,65,54
250,416,62,56,52
251,416,56,52,50
252,416,53,49,46
253,416,50,45,44
254,416,47,43,41
255,416,45,42,40
256,416,45,43,41
257,416,45,44,42
258,416,46,45,43
259,416,45,44,42
260,416,45,44,42
261,416,44,43,41
262,416,42,41,40
263,416,41,40,38
264,416,40,39,37
265,416,39,38,36
266,416,41,40,38
267,416,42,41,39
268,416,43,42,40
269,416,44,42,40
270,416,42,39,37
271,416,41,37,35
272,416,40,36,35
273,416,41,37,36
274,416,43,39,37
275,416,45,40,39
276,416,46,42,41
277,416,47,43,42
278,416,47,43,42
279,416,47,41,41
280,416,47,42,41
281,416,46,41,40
282,416,46,40,40
283,416,46,41,40
284,416,46,40,40
285,416,44,38,38
286,416,42,36,36
287,416,43,37,37
288,416,45,39,39
289,416,45,39,39
290,416,45,39,39
291,416,45,39,39
292,416,45,39,39
293,416,47,41,41
294,416,49,43,43
295,416,50,44,44
296,416,48,42,44
297,416,46,40,42
298,416,45,39,41
299,416,47,41,43
300,416,48,42,44
301,416,48,42,44
302,416,47,41,43
303,416,47,41,42
304,416,47,41,41
305,416,48,43,41
306,416,49,44,41
307,416,51,46,42
308,416,52,47,43
309,416,53,48,42
310,416,55,48,42
311,416,51,43,36
312,416,49,40,34
313,416,54,43,37
314,416,50,39,33
315,416,51,40,35
316,416,107,96,90
235,417,88,78,73
236,417,54,43,37
237,417,55,44,36
238,417,62,48,39
239,417,75,61,50
240,417,79,65,53
241,417,79,65,51
242,417,80,65,49
243,417,84,68,52
244,417,91,76,59
245,417,95,79,62
246,417,94,80,60
247,417,95,81,62
248,417,100,87,71
249,417,91,80,68
250,417,73,62,57
251,417,56,46,44
252,417,49,41,38
253,417,49,41,39
254,417,45,39,36
255,417,42,38,35
256,417,47,43,41
257,417,52,50,48
258,417,49,48,46
259,417,43,43,41
260,417,41,41,41
261,417,40,40,40
262,417,39,39,37
263,417,38,38,36
264,417,37,37,35
265,417,37,38,34
266,417,39,40,35
267,417,41,41,37
268,417,43,42,39
269,417,44,43,39
270,417,43,42,38
271,417,41,40,36
272,417,39,38,34
273,417,38,37,33
274,417,40,37,34
275,417,42,38,35
276,417,44,40,37
277,417,45,41,38
278,417,46,42,39
279,417,45,41,38
280,417,43,39,37
281,417,43,39,36
282,417,43,39,36
283,417,43,38,36
284,417,42,37,34
285,417,41,36,33
286,417,40,35,33
287,417,42,37,34
288,417,43,38,35
289,417,42,37,36
290,417,42,36,36
291,417,43,37,38
292,417,45,39,41
293,417,46,40,42
294,417,48,42,44
295,417,48,42,44
296,417,47,41,43
297,417,46,40,42
298,417,46,40,42
299,417,46,40,42
300,417,47,41,43
301,417,49,43,45
302,417,49,43,45
303,417,48,42,44
304,417,48,42,43
305,417,48,42,42
306,417,49,43,43
307,417,50,44,44
308,417,51,45,45
309,417,52,46,46
310,417,53,46,44
311,417,51,42,40
312,417,51,42,40
313,417,56,46,44
314,417,58,48,46
315,417,50,40,37
316,417,87,77,74
236,418,70,60,52
237,418,40,29,20
238,418,58,47,37
239,418,73,61,50
240,418,84,70,58
241,418,91,76,62
242,418,97,80,65
243,418,101,85,69
244,418,104,89,71
245,418,100,86,67
246,418,95,80,60
247,418,94,77,59
248,418,99,83,67
249,418,84,69,59
250,418,66,52,47
251,418,56,44,40
252,418,52,42,38
253,418,51,43,40
254,418,47,40,37
255,418,42,38,35
256,418,43,39,36
257,418,45,43,41
258,418,43,43,40
259,418,41,40,39
260,418,40,40,40
261,418,40,40,40
262,418,39,39,38
263,418,39,38,36
264,418,38,38,36
265,418,38,39,34
266,418,39,41,36
267,418,41,41,36
268,418,42,41,36
269,418,43,42,37
270,418,42,43,38
271,418,41,42,37
272,418,40,40,35
273,418,39,38,34
274,418,39,37,34
275,418,39,38,34
276,418,40,39,35
277,418,42,41,37
278,418,43,42,38
279,418,43,41,38
280,418,42,39,36
281,418,42,38,36
282,418,43,39,36
283,418,43,38,35
284,418,42,37,34
285,418,40,35,32
286,418,40,35,32
287,418,42,37,34
288,418,43,38,35
289,418,42,36,35
290,418,41,35,36
291,418,43,37,39
292,418,45,39,41
293,418,46,40,42
294,418,47,41,43
295,418,47,41,43
296,418,47,41,43
297,418,46,40,42
298,418,46,40,42
299,418,46,40,42
300,418,47,41,43
301,418,45,39,41
302,418,45,39,41
303,418,45,39,41
304,418,45,39,41
305,418,46,40,42
306,418,46,40,42
307,418,46,40,42
308,418,47,41,43
309,418,48,42,44
310,418,49,43,45
311,418,52,44,46
312,418,58,48,49
313,418,60,50,50
314,418,49,39,38
315,418,55,45,43
316,418,74,65,61
317,418,114,105,100
236,419,98,88,82
237,419,43,32,25
238,419,60,47,38
239,419,81,68,57
240,419,90,76,64
241,419,92,77,64
242,419,94,77,62
243,419,96,80,64
244,419,99,84,66
245,419,97,81,62
246,419,89,73,54
247,419,82,64,46
248,419,81,65,48
249,419,72,57,46
250,419,65,51,44
251,419,62,49,45
252,419,58,47,43
253,419,55,45,42
254,419,51,42,40
255,419,46,39,37
256,419,42,37,34
257,419,40,36,35
258,419,41,39,37
259,419,41,40,38
260,419,39,39,37
261,419,39,39,37
262,419,40,40,38
263,419,40,40,38
264,419,40,40,38
265,419,41,40,36
266,419,41,40,36
267,419,42,41,36
268,419,42,41,36
269,419,42,41,36
270,419,41,42,37
271,419,41,41,38
272,419,41,41,39
273,419,41,40,38
274,419,40,39,37
275,419,38,37,35
276,419,38,37,35
277,419,39,38,36
278,419,41,40,38
279,419,42,41,39
280,419,42,39,38
281,419,43,39,38
282,419,44,40,38
283,419,44,38,38
284,419,42,36,36
285,419,40,34,34
286,419,40,35,34
287,419,43,37,36
288,419,43,37,37
289,419,42,36,36
290,419,42,36,37
291,419,43,37,39
292,419,45,39,43
293,419,46,40,44
294,419,47,41,45
295,419,47,41,45
296,419,46,40,44
297,419,46,40,44
298,419,46,40,44
299,419,46,40,44
300,419,47,41,45
301,419,46,40,44
302,419,47,41,44
303,419,48,42,46
304,419,48,42,46
305,419,47,41,45
306,419,46,40,44
307,419,46,40,44
308,419,47,41,45
309,419,49,43,47
310,419,53,44,48
311,419,59,49,51
312,419,61,51,52
313,419,57,47,48
314,419,51,41,40
315,419,57,47,46
316,419,58,48,46
317,419,82,73,69
236,420,131,121,113
237,420,70,60,51
238,420,52,41,31
239,420,75,63,51
240,420,88,75,62
241,420,92,77,63
242,420,89,73,58
243,420,82,66,50
244,420,77,62,43
245,420,70,55,36
246,420,66,50,31
247,420,66,49,30
248,420,72,56,40
249,420,77,63,51
250,420,79,65,58
251,420,74,62,56
252,420,64,53,47
253,420,55,46,40
254,420,52,44,40
255,420,51,43,40
256,420,46,41,38
257,420,42,37,36
258,420,42,40,39
259,420,43,41,39
260,420,40,39,37
261,420,40,40,38
262,420,41,41,39
263,420,41,41,40
264,420,42,42,40
265,420,43,42,38
266,420,42,41,37
267,420,41,40,36
268,420,41,40,35
269,420,40,40,36
270,420,41,41,39
271,420,42,42,40
272,420,43,42,40
273,420,43,42,40
274,420,41,40,38
275,420,39,38,36
276,420,37,36,35
277,420,37,36,35
278,420,39,38,37
279,420,42,40,39
280,420,43,40,38
281,420,43,39,39
282,420,44,40,39
283,420,44,38,38
284,420,42,36,36
285,420,41,35,35
286,420,41,35,35
287,420,43,37,37
288,420,43,37,37
289,420,42,36,37
290,420,42,36,39
291,420,44,38,42
292,420,45,39,43
293,420,46,40,44
294,420,46,40,44
295,420,46,40,44
296,420,45,39,43
297,420,45,39,43
298,420,45,39,43
299,420,46,40,44
300,420,47,41,45
301,420,46,40,44
302,420,47,41,45
303,420,47,41,45
304,420,46,40,44
305,420,44,38,42
306,420,42,36,40
307,420,41,35,39
308,420,43,37,41
309,420,48,42,46
310,420,53,46,49
311,420,60,52,54
312,420,57,48,48
313,420,49,39,38
314,420,68,58,57
315,420,58,48,47
316,420,46,36,33
317,420,65,56,50
318,420,129,120,114
237,421,100,88,81
238,421,44,31,23
239,421,54,41,32
240,421,65,51,40
241,421,68,53,41
242,421,68,52,38
243,421,68,52,37
244,421,76,60,44
245,421,84,68,51
246,421,87,72,53
247,421,89,72,55
248,421,92,76,61
249,421,97,82,71
250,421,96,82,74
251,421,84,72,65
252,421,65,55,48
253,421,52,43,37
254,421,49,41,36
255,421,50,43,40
256,421,49,44,41
257,421,45,41,39
258,421,45,42,40
259,421,44,41,40
260,421,41,39,38
261,421,41,40,38
262,421,42,41,39
263,421,42,42,40
264,421,42,42,40
265,421,43,42,38
266,421,42,41,37
267,421,43,40,36
268,421,42,40,35
269,421,40,39,36
270,421,42,42,40
271,421,43,43,43
272,421,44,43,44
273,421,44,42,44
274,421,42,40,42
275,421,40,38,40
276,421,38,36,39
277,421,38,36,38
278,421,39,37,40
279,421,41,39,41
280,421,42,38,41
281,421,43,38,41
282,421,44,39,42
283,421,43,37,41
284,421,42,36,39
285,421,40,34,38
286,421,40,34,38
287,421,42,36,40
288,421,43,37,40
289,421,42,36,40
290,421,42,36,40
291,421,44,38,42
292,421,45,39,43
293,421,46,40,44
294,421,46,40,44
295,421,45,39,43
296,421,45,39,43
297,421,45,39,43
298,421,45,39,43
299,421,46,40,44
300,421,47,41,45
301,421,50,44,48
302,421,51,45,49
303,421,50,44,48
304,421,48,42,46
305,421,45,39,43
306,421,42,36,40
307,421,42,36,40
308,421,46,40,44
309,421,51,45,49
310,421,58,50,53
311,421,59,50,52
312,421,51,42,42
313,421,48,38,37
314,421,78,68,67
315,421,63,53,51
316,421,46,36,33
317,421,56,48,42
318,421,96,87,81
237,422,123,112,105
238,422,53,42,34
239,422,47,34,25
240,422,63,49,39
241,422,79,64,53
242,422,86,70,57
243,422,86,70,56
244,422,89,73,58
245,422,92,77,59
246,422,94,78,59
247,422,96,79,61
248,422,100,84,67
249,422,102,87,74
250,422,96,83,73
251,422,83,71,62
252,422,65,55,46
253,422,52,42,35
254,422,45,37,31
255,422,44,38,33
256,422,46,40,37
257,422,46,42,39
258,422,45,41,39
259,422,43,40,39
260,422,41,40,38
261,422,42,41,39
262,422,42,42,40
263,422,42,42,40
264,422,42,42,40
265,422,43,42,38
266,422,42,41,37
267,422,43,40,36
268,422,42,40,35
269,422,41,39,36
270,422,42,42,41
271,422,43,43,44
272,422,44,43,45
273,422,44,42,45
274,422,42,40,43
275,422,40,38,42
276,422,40,38,41
277,422,40,38,41
278,422,40,38,41
279,422,41,39,42
280,422,41,37,41
281,422,42,36,41
282,422,43,38,42
283,422,43,37,41
284,422,41,35,39
285,422,39,33,38
286,422,39,33,38
287,422,42,36,40
288,422,42,36,40
289,422,41,35,39
290,422,42,36,40
291,422,44,38,42
292,422,45,39,43
293,422,45,39,43
294,422,45,39,43
295,422,45,39,43
296,422,44,38,42
297,422,44,38,42
298,422,45,39,43
299,422,46,40,44
300,422,47,41,45
301,422,50,44,48
302,422,50,44,48
303,422,48,42,46
304,422,47,41,45
305,422,44,38,42
306,422,41,35,39
307,422,42,36,40
308,422,45,39,43
309,422,49,43,47
310,422,53,47,49
311,422,51,43,44
312,422,50,40,41
313,422,56,46,45
314,422,68,58,56
315,422,66,56,54
316,422,55,46,42
317,422,51,43,37
318,422,73,65,58
319,422,126,117,108
238,423,93,81,73
239,423,54,40,31
240,423,62,48,38
241,423,81,66,54
242,423,91,75,61
243,423,95,79,64
244,423,101,85,69
245,423,104,88,72
246,423,100,84,66
247,423,91,74,57
248,423,86,70,53
249,423,84,69,56
250,423,80,66,56
251,423,73,61,52
252,423,68,57,48
253,423,60,49,42
254,423,48,38,32
255,423,40,32,27
256,423,42,35,31
257,423,46,40,37
258,423,44,39,36
259,423,42,39,37
260,423,43,42,39
261,423,43,42,40
262,423,43,42,40
263,423,43,42,40
264,423,43,42,39
265,423,44,40,37
266,423,44,40,37
267,423,43,39,36
268,423,43,39,36
269,423,43,40,38
270,423,44,42,44
271,423,43,42,46
272,423,42,40,46
273,423,42,40,45
274,423,42,40,45
275,423,43,41,45
276,423,43,41,46
277,423,43,41,46
278,423,42,40,45
279,423,40,38,43
280,423,40,37,42
281,423,41,36,42
282,423,42,37,43
283,423,42,35,42
284,423,40,33,40
285,423,39,32,39
286,423,39,32,39
287,423,41,34,41
288,423,42,35,41
289,423,41,34,41
290,423,41,35,40
291,423,44,38,42
292,423,45,39,43
293,423,45,39,43
294,423,45,39,43
295,423,44,38,42
296,423,43,37,41
297,423,44,38,42
298,423,45,39,43
299,423,47,41,45
300,423,47,41,45
301,423,45,39,43
302,423,44,38,42
303,423,43,37,41
304,423,43,37,41
305,423,42,36,40
306,423,42,36,40
307,423,42,36,40
308,423,42,36,40
309,423,44,37,41
310,423,45,38,41
311,423,46,38,39
312,423,55,45,45
313,423,64,54,53
314,423,50,40,38
315,423,59,49,47
316,423,64,55,51
317,423,57,48,42
318,423,57,48,41
319,423,96,87,78
238,424,133,121,113
239,424,58,45,37
240,424,59,45,35
241,424,80,65,53
242,424,92,76,62
243,424,93,77,62
244,424,93,77,61
245,424,92,76,60
246,424,86,70,53
247,424,77,60,43
248,424,72,56,39
249,424,67,53,38
250,424,65,51,40
251,424,68,55,45
252,424,75,62,53
253,424,71,60,51
254,424,54,45,37
255,424,40,31,25
256,424,39,32,27
257,424,45,40,35
258,424,44,39,36
259,424,42,38,35
260,424,44,42,39
261,424,44,43,41
262,424,44,43,41
263,424,43,43,41
264,424,43,42,39
265,424,44,40,37
266,424,44,40,37
267,424,44,40,37
268,424,44,40,37
269,424,44,40,39
270,424,45,42,44
271,424,43,42,46
272,424,41,40,45
273,424,41,39,44
274,424,42,40,45
275,424,43,41,46
276,424,44,42,47
277,424,44,42,47
278,424,42,41,46
279,424,40,39,44
280,424,40,37,42
281,424,41,36,42
282,424,42,36,43
283,424,41,34,41
284,424,40,33,40
285,424,38,31,38
286,424,39,32,39
287,424,40,33,40
288,424,41,34,41
289,424,40,33,40
290,424,40,34,40
291,424,43,37,41
292,424,43,37,41
293,424,44,38,42
294,424,45,39,42
295,424,44,38,42
296,424,44,38,41
297,424,43,37,41
298,424,44,38,42
299,424,46,40,44
300,424,47,41,45
301,424,51,45,49
302,424,52,46,50
303,424,54,48,52
304,424,55,49,53
305,424,57,51,55
306,424,57,51,55
307,424,56,50,54
308,424,55,49,53
309,424,54,48,52
310,424,53,47,49
311,424,52,44,44
312,424,58,49,48
313,424,64,55,53
314,424,41,31,29
315,424,51,41,38
316,424,68,59,53
317,424,65,56,49
318,424,45,36,29
319,424,78,69,61
239,425,86,72,65
240,425,61,47,37
241,425,70,55,43
242,425,81,65,52
243,425,78,62,47
244,425,69,53,37
245,425,69,53,37
246,425,73,56,40
247,425,77,60,44
248,425,86,69,53
249,425,80,64,49
250,425,76,61,49
251,425,83,70,59
252,425,92,79,70
253,425,88,77,68
254,425,69,60,52
255,425,50,42,34
256,425,42,35,28
257,425,41,36,31
258,425,41,36,33
259,425,42,38,35
260,425,46,42,39
261,425,47,43,40
262,425,50,46,44
263,425,51,48,46
264,425,49,46,44
265,425,44,40,37
266,425,42,38,35
267,425,43,39,36
268,425,45,40,38
269,425,44,40,39
270,425,43,41,43
271,425,43,42,46
272,425,43,41,46
273,425,41,38,43
274,425,40,38,43
275,425,42,40,45
276,425,43,41,46
277,425,42,40,45
278,425,41,39,44
279,425,40,38,43
280,425,42,38,43
281,425,42,37,43
282,425,40,34,41
283,425,39,32,39
284,425,39,32,39
285,425,39,32,39
286,425,40,33,40
287,425,42,35,42
288,425,42,35,42
289,425,41,34,41
290,425,40,34,39
291,425,40,34,38
292,425,38,32,35
293,425,40,34,36
294,425,44,38,40
295,425,47,41,43
296,425,47,41,43
297,425,44,38,40
298,425,43,37,39
299,425,44,38,40
300,425,46,40,42
301,425,38,32,34
302,425,39,33,35
303,425,45,39,41
304,425,50,44,46
305,425,51,45,47
306,425,50,44,46
307,425,48,42,44
308,425,48,42,44
309,425,52,46,48
310,425,57,50,52
311,425,53,44,45
312,425,48,38,36
313,425,48,38,35
314,425,53,43,41
315,425,62,53,49
316,425,61,52,46
317,425,49,40,33
318,425,45,36,29
319,425,85,76,67
239,426,123,110,102
240,426,66,52,43
241,426,49,34,24
242,426,66,49,38
243,426,76,60,46
244,426,74,58,44
245,426,80,64,49
246,426,85,69,53
247,426,86,69,53
248,426,100,83,67
249,426,100,83,68
250,426,97,82,67
251,426,99,85,72
252,426,100,88,76
253,426,92,80,70
254,426,73,63,54
255,426,55,46,38
256,426,47,40,32
257,426,48,42,36
258,426,50,45,40
259,426,50,45,41
260,426,47,43,40
261,426,47,43,40
262,426,50,46,44
263,426,51,47,46
264,426,49,45,43
265,426,44,40,37
266,426,43,38,35
267,426,44,40,37
268,426,45,41,38
269,426,43,39,38
270,426,42,40,41
271,426,42,41,45
272,426,41,40,45
273,426,40,38,43
274,426,40,38,43
275,426,44,42,46
276,426,45,43,48
277,426,44,42,46
278,426,42,40,45
279,426,42,40,45
280,426,43,39,44
281,426,42,36,42
282,426,41,36,42
283,426,41,34,41
284,426,41,34,41
285,426,41,34,41
286,426,42,35,42
287,426,43,36,43
288,426,43,36,43
289,426,43,36,41
290,426,44,37,42
291,426,46,40,42
292,426,45,39,40
293,426,45,39,39
294,426,45,39,40
295,426,46,40,40
296,426,44,38,39
297,426,43,37,37
298,426,44,38,38
299,426,45,39,40
300,426,49,43,43
301,426,57,51,52
302,426,55,49,49
303,426,47,41,41
304,426,41,35,35
305,426,40,34,34
306,426,43,37,37
307,426,46,40,40
308,426,46,40,41
309,426,44,38,38
310,426,40,34,34
311,426,41,34,32
312,426,51,42,38
313,426,65,55,51
314,426,66,57,52
315,426,53,44,39
316,426,46,37,30
317,426,58,49,42
318,426,95,86,79
240,427,84,69,61
241,427,46,31,21
242,427,60,43,32
243,427,77,61,49
244,427,83,67,53
245,427,94,78,63
246,427,98,82,67
247,427,93,76,60
248,427,101,84,68
249,427,98,81,66
250,427,92,76,62
251,427,89,75,62
252,427,86,74,62
253,427,78,66,55
254,427,64,52,43
255,427,50,40,31
256,427,44,36,28
257,427,47,40,34
258,427,50,44,39
259,427,50,45,42
260,427,49,45,42
261,427,47,43,40
262,427,47,43,42
263,427,48,44,44
264,427,47,43,42
265,427,45,40,38
266,427,45,40,37
267,427,46,41,38
268,427,46,41,39
269,427,43,39,38
270,427,42,40,40
271,427,43,42,44
272,427,42,42,44
273,427,41,39,42
274,427,41,39,42
275,427,44,42,45
276,427,45,43,46
277,427,43,41,44
278,427,41,39,42
279,427,42,40,43
280,427,41,37,41
281,427,41,36,40
282,427,42,37,41
283,427,44,38,42
284,427,45,39,43
285,427,45,39,43
286,427,44,38,42
287,427,44,38,42
288,427,45,39,43
289,427,45,39,43
290,427,42,36,39
291,427,37,31,31
292,427,37,31,31
293,427,38,32,31
294,427,40,34,33
295,427,44,38,37
296,427,48,42,42
297,427,51,45,45
298,427,51,45,45
299,427,48,42,42
300,427,44,38,38
301,427,40,34,34
302,427,43,37,37
303,427,49,43,43
304,427,55,49,49
305,427,59,53,53
306,427,60,54,53
307,427,57,51,51
308,427,51,45,45
309,427,44,38,38
310,427,40,33,31
311,427,49,41,38
312,427,61,51,48
313,427,71,62,57
314,427,92,83,77
315,427,121,112,106
240,428,115,102,93
241,428,67,52,43
242,428,61,44,34
243,428,75,58,46
244,428,85,69,55
245,428,95,79,64
246,428,97,81,66
247,428,90,73,57
248,428,87,70,54
249,428,79,63,47
250,428,75,59,44
251,428,75,60,45
252,428,74,60,47
253,428,71,59,47
254,428,64,53,42
255,428,56,46,37
256,428,51,42,33
257,428,50,42,36
258,428,50,44,39
259,428,51,46,42
260,428,50,46,43
261,428,47,43,40
262,428,46,42,40
263,428,46,43,42
264,428,47,43,41
265,428,46,41,38
266,428,47,42,39
267,428,48,43,40
268,428,46,42,39
269,428,43,39,38
270,428,43,41,40
271,428,43,42,42
272,428,42,41,42
273,428,41,39,40
274,428,41,39,40
275,428,43,41,43
276,428,43,41,42
277,428,40,38,40
278,428,39,37,38
279,428,41,39,40
280,428,41,38,39
281,428,41,37,39
282,428,44,39,41
283,428,47,41,44
284,428,48,42,44
285,428,48,42,44
286,428,47,41,43
287,428,45,39,42
288,428,46,40,42
289,428,47,41,43
290,428,46,40,41
291,428,43,38,35
292,428,48,43,39
293,428,50,45,41
294,428,48,43,40
295,428,45,40,36
296,428,42,37,33
297,428,43,38,35
298,428,46,41,37
299,428,48,43,39
300,428,48,43,39
301,428,50,45,41
302,428,51,46,42
303,428,49,44,41
304,428,46,41,37
305,428,42,37,33
306,428,41,35,32
307,428,46,41,38
308,428,59,54,50
309,428,75,70,66
310,428,90,84,81
311,428,118,112,107
241,429,92,77,68
242,429,53,36,27
243,429,61,44,34
244,429,79,63,50
245,429,83,67,53
246,429,81,64,49
247,429,81,64,48
248,429,74,58,41
249,429,69,53,37
250,429,69,53,38
251,429,73,57,42
252,429,76,62,48
253,429,79,67,54
254,429,78,67,56
255,429,72,63,53
256,429,62,53,45
257,429,53,45,39
258,429,48,42,37
259,429,49,43,40
260,429,51,47,44
261,429,47,43,40
262,429,44,41,39
263,429,44,40,39
264,429,45,41,40
265,429,45,40,39
266,429,47,41,41
267,429,49,43,41
268,429,48,42,40
269,429,44,39,37
270,429,40,39,37
271,429,40,40,39
272,429,40,39,39
273,429,39,37,38
274,429,40,39,39
275,429,43,41,42
276,429,42,40,41
277,429,40,38,38
278,429,39,37,38
279,429,43,41,41
280,429,43,40,41
281,429,43,39,40
282,429,46,41,42
283,429,49,43,44
284,429,50,44,45
285,429,49,43,45
286,429,48,42,44
287,429,47,41,43
288,429,47,41,43
289,429,48,42,43
290,429,49,43,42
291,429,49,44,40
292,429,48,43,38
293,429,46,41,37
294,429,45,40,36
295,429,47,42,37
296,429,50,45,41
297,429,53,48,44
298,429,51,46,42
299,429,46,41,37
300,429,42,37,33
301,429,47,42,38
302,429,48,43,39
303,429,49,44,39
304,429,53,48,43
305,429,65,60,55
306,429,84,79,75
307,429,109,104,99
241,430,114,99,90
242,430,51,34,24
243,430,48,31,20
244,430,70,54,41
245,430,71,55,42
246,430,69,52,38
247,430,79,62,46
248,430,79,62,46
249,430,80,64,48
250,430,84,68,52
251,430,87,71,55
252,430,89,75,60
253,430,92,80,65
254,430,92,81,67
255,430,84,74,63
256,430,69,60,51
257,430,55,47,39
258,430,48,41,34
259,430,49,43,38
260,430,52,47,43
261,430,47,43,40
262,430,44,40,39
263,430,44,40,40
264,430,45,40,40
265,430,44,39,38
266,430,46,40,40
267,430,50,42,41
268,430,50,43,40
269,430,45,41,38
270,430,39,37,35
271,430,37,37,35
272,430,37,37,35
273,430,39,37,35
274,430,41,40,38
275,430,44,43,41
276,430,43,42,40
277,430,41,40,38
278,430,41,40,38
279,430,47,46,44
280,430,47,45,43
281,430,46,42,41
282,430,47,43,42
283,430,49,43,43
284,430,49,43,43
285,430,49,43,43
286,430,48,42,42
287,430,47,41,41
288,430,47,41,41
289,430,48,42,41
290,430,47,42,38
291,430,46,41,35
292,430,44,40,34
293,430,45,40,34
294,430,46,41,35
295,430,48,43,37
296,430,48,43,37
297,430,46,41,35
298,430,44,39,33
299,430,42,37,31
300,430,46,41,35
301,430,70,66,59
302,430,92,87,81
303,430,113,108,102
242,431,79,63,54
243,431,48,32,21
244,431,58,42,30
245,431,67,50,37
246,431,75,58,45
247,431,90,72,58
248,431,93,75,61
249,431,98,81,66
250,431,101,85,69
251,431,101,85,69
252,431,97,83,67
253,431,95,82,68
254,431,94,81,69
255,431,87,76,65
256,431,73,63,54
257,431,60,52,44
258,431,57,50,44
259,431,56,50,46
260,431,51,46,43
261,431,47,42,39
262,431,46,40,40
263,431,46,40,40
264,431,45,39,39
265,431,43,38,37
266,431,45,39,39
267,431,50,42,41
268,431,51,44,41
269,431,48,43,40
270,431,44,42,38
271,431,42,42,37
272,431,41,41,37
273,431,42,41,37
274,431,45,44,40
275,431,47,45,42
276,431,44,43,39
277,431,41,39,36
278,431,42,40,37
279,431,48,46,43
280,431,50,47,44
281,431,49,45,42
282,431,48,44,41
283,431,48,43,40
284,431,47,42,39
285,431,47,42,39
286,431,47,42,39
287,431,47,42,39
288,431,47,42,39
289,431,46,41,38
290,431,47,42,38
291,431,49,44,38
292,431,48,44,36
293,431,47,43,34
294,431,46,41,33
295,431,44,40,32
296,431,45,41,32
297,431,57,53,44
298,431,85,81,72
299,431,122,118,109
242,432,120,106,97
243,432,58,43,33
244,432,51,35,24
245,432,65,49,37
246,432,85,69,56
247,432,102,85,72
248,432,103,85,71
249,432,100,83,68
250,432,97,80,65
251,432,93,75,60
252,432,83,68,52
253,432,77,63,47
254,432,76,63,49
255,432,73,62,49
256,432,64,54,43
257,432,56,47,37
258,432,57,49,41
259,432,56,50,43
260,432,51,46,40
261,432,47,42,37
262,432,46,41,37
263,432,46,42,37
264,432,45,40,37
265,432,43,38,35
266,432,45,39,37
267,432,49,42,39
268,432,51,44,41
269,432,50,44,41
270,432,51,48,45
271,432,50,47,44
272,432,48,45,42
273,432,47,44,41
274,432,49,45,43
275,432,50,46,43
276,432,47,43,40
277,432,42,38,35
278,432,41,37,34
279,432,45,41,38
280,432,50,46,43
281,432,51,46,43
282,432,50,44,41
283,432,47,42,39
284,432,47,42,39
285,432,48,42,39
286,432,47,42,39
287,432,46,41,38
288,432,46,41,38
289,432,47,42,38
290,432,48,43,38
291,432,50,45,39
292,432,51,47,39
293,432,63,59,50
294,432,87,83,74
295,432,118,114,105
243,433,70,57,49
244,433,58,44,35
245,433,57,41,31
246,433,68,51,41
247,433,94,77,67
248,433,92,74,62
249,433,89,70,56
250,433,87,67,53
251,433,82,62,48
252,433,71,52,37
253,433,66,48,33
254,433,71,55,40
255,433,79,65,50
256,433,79,67,53
257,433,67,58,45
258,433,57,49,37
259,433,51,44,34
260,433,49,43,32
261,433,44,38,28
262,433,43,38,29
263,433,45,42,33
264,433,49,45,37
265,433,49,44,38
266,433,48,42,37
267,433,47,42,36
268,433,48,43,38
269,433,49,44,40
270,433,52,46,46
271,433,50,43,44
272,433,44,38,39
273,433,41,35,36
274,433,43,37,37
275,433,49,43,43
276,433,53,47,47
277,433,52,46,46
278,433,45,39,39
279,433,38,32,31
280,433,44,38,36
281,433,50,44,41
282,433,50,43,41
283,433,53,45,43
284,433,56,49,46
285,433,56,48,45
286,433,52,44,41
287,433,49,42,39
288,433,56,48,45
289,433,66,58,55
290,433,83,76,72
291,433,111,104,98
243,434,96,85,78
244,434,57,44,37
245,434,44,31,22
246,434,55,40,31
247,434,79,62,54
248,434,84,66,57
249,434,77,57,45
250,434,73,52,38
251,434,78,57,42
252,434,82,63,48
253,434,88,70,55
254,434,96,79,64
255,434,101,86,71
256,434,99,87,71
257,434,85,76,61
258,434,70,62,48
259,434,52,44,31
260,434,37,31,18
261,434,41,35,24
262,434,48,44,33
263,434,52,48,38
264,434,51,47,37
265,434,48,43,35
266,434,47,43,34
267,434,47,42,34
268,434,46,41,34
269,434,44,38,33
270,434,46,38,37
271,434,49,40,42
272,434,50,42,45
273,434,50,41,43
274,434,47,38,39
275,434,46,37,38
276,434,49,40,41
277,434,55,46,47
278,434,62,53,53
279,434,66,58,56
280,434,55,47,45
281,434,45,38,36
282,434,48,40,38
283,434,53,45,43
284,434,54,46,43
285,434,57,49,46
286,434,75,67,63
287,434,110,103,99
243,435,134,121,115
244,435,70,56,49
245,435,45,31,23
246,435,52,37,29
247,435,67,50,42
248,435,81,63,54
249,435,90,71,59
250,435,94,73,60
251,435,95,73,60
252,435,98,79,65
253,435,100,81,67
254,435,96,79,66
255,435,92,77,64
256,435,90,78,64
257,435,84,74,62
258,435,72,64,51
259,435,55,48,35
260,435,40,33,21
261,435,42,36,25
262,435,49,44,33
263,435,52,49,38
264,435,52,48,39
265,435,47,42,36
266,435,45,40,34
267,435,45,40,34
268,435,46,41,35
269,435,47,41,37
270,435,52,44,42
271,435,55,46,46
272,435,54,45,46
273,435,53,44,45
274,435,53,44,45
275,435,60,51,52
276,435,75,67,66
277,435,97,89,87
278,435,119,111,109
280,435,114,106,104
281,435,88,80,77
282,435,83,75,72
283,435,109,102,98
244,436,97,84,77
245,436,62,48,40
246,436,58,42,35
247,436,65,48,41
248,436,84,66,58
249,436,103,83,74
250,436,107,86,75
251,436,100,78,65
252,436,97,77,64
253,436,92,73,61
254,436,82,65,53
255,436,74,59,47
256,436,77,65,53
257,436,82,71,59
258,436,76,67,56
259,436,63,55,45
260,436,50,43,33
261,436,45,38,28
262,436,45,40,31
263,436,49,45,36
264,436,52,48,40
265,436,49,44,38
266,436,46,41,35
267,436,46,41,35
268,436,48,43,38
269,436,49,43,40
270,436,48,40,38
271,436,54,46,44
272,436,68,59,58
273,436,86,78,77
274,436,110,102,100
244,437,130,117,110
245,437,82,67,60
246,437,59,44,37
247,437,64,46,39
248,437,87,68,61
249,437,92,72,64
250,437,86,65,56
251,437,82,60,51
252,437,87,66,57
253,437,90,72,62
254,437,88,70,60
255,437,85,70,60
256,437,90,77,67
257,437,94,83,74
258,437,89,80,70
259,437,71,62,53
260,437,50,43,33
261,437,49,42,34
262,437,49,43,36
263,437,46,42,35
264,437,43,38,32
265,437,42,37,33
266,437,49,44,40
267,437,59,53,49
268,437,67,59,56
269,437,69,62,59
270,437,76,68,65
271,437,103,95,93
245,438,102,88,81
246,438,61,45,39
247,438,57,40,33
248,438,84,65,58
249,438,89,69,62
250,438,85,64,57
251,438,84,64,57
252,438,89,70,63
253,438,95,77,69
254,438,95,79,71
255,438,92,78,69
256,438,92,79,71
257,438,89,78,70
258,438,81,72,64
259,438,65,56,49
260,438,49,42,34
261,438,55,48,41
262,438,55,49,43
263,438,45,40,34
264,438,36,30,25
265,438,40,35,31
266,438,66,60,57
267,438,95,88,85
268,438,114,105,103
269,438,122,114,111
245,439,131,117,111
246,439,77,61,56
247,439,53,36,31
248,439,73,54,49
249,439,90,70,65
250,439,96,76,70
251,439,94,74,68
252,439,91,72,66
253,439,89,71,64
254,439,84,68,61
255,439,78,64,57
256,439,72,59,53
257,439,65,54,48
258,439,62,52,47
259,439,54,46,40
260,439,45,37,31
261,439,48,41,35
262,439,54,47,43
263,439,63,55,52
264,439,73,66,62
265,439,91,83,81
266,439,118,111,109
246,440,100,85,80
247,440,56,38,34
248,440,63,45,41
249,440,75,56,53
250,440,83,63,59
251,440,83,64,60
252,440,78,59,55
253,440,73,55,51
254,440,70,53,49
255,440,66,52,46
256,440,59,47,41
257,440,54,44,39
258,440,58,49,44
259,440,55,47,42
260,440,45,38,32
261,440,45,38,33
262,440,64,57,53
263,440,99,91,88
246,441,120,104,101
247,441,64,47,44
248,441,55,37,35
249,441,65,46,45
250,441,72,52,51
251,441,69,49,47
252,441,61,41,40
253,441,58,39,37
254,441,60,43,41
255,441,62,47,44
256,441,62,48,45
257,441,66,55,51
258,441,79,70,65
259,441,99,91,86
260,441,126,118,115
247,442,98,80,78
248,442,65,47,45
249,442,57,38,37
250,442,56,37,35
251,442,54,36,34
252,442,54,36,34
253,442,56,40,37
254,442,65,51,48
255,442,84,71,67
256,442,112,101,97
248,443,105,87,85
249,443,84,66,64
250,443,81,63,61
251,443,95,77,75
252,443,126,109,106
