477,88,124,113,107
478,88,100,89,84
479,88,68,57,52
480,88,42,31,27
481,88,55,44,40
482,88,108,97,93
476,89,130,119,113
477,89,102,91,87
478,89,90,79,75
479,89,73,62,58
480,89,54,43,39
481,89,52,41,37
482,89,81,70,66
483,89,119,108,104
476,90,117,107,99
477,90,82,71,64
478,90,71,60,55
479,90,65,54,50
480,90,55,44,40
481,90,52,41,37
482,90,71,60,56
483,90,108,97,93
476,91,116,105,98
477,91,84,73,68
478,91,70,59,54
479,91,65,54,50
480,91,62,51,47
481,91,57,46,42
482,91,58,47,43
483,91,88,77,74
484,91,133,122,118
476,92,127,117,109
477,92,108,98,92
478,92,84,73,69
479,92,73,62,58
480,92,74,63,59
481,92,70,59,55
482,92,59,48,44
483,92,76,65,61
484,92,117,106,102
477,93,109,98,93
478,93,71,60,56
479,93,52,41,37
480,93,55,44,40
481,93,62,51,47
482,93,52,41,37
483,93,61,50,47
484,93,97,86,81
477,94,116,105,99
478,94,78,67,62
479,94,55,44,39
480,94,55,44,40
481,94,65,54,50
482,94,61,50,46
483,94,65,54,50
484,94,90,79,75
485,94,134,123,117
477,95,118,107,102
478,95,88,77,73
479,95,66,55,51
480,95,58,47,43
481,95,62,51,47
482,95,60,49,45
483,95,58,47,44
484,95,74,63,58
485,95,111,100,94
477,96,117,107,100
478,96,96,85,81
479,96,76,65,61
480,96,61,50,46
481,96,58,47,43
482,96,58,47,43
483,96,56,45,41
484,96,64,53,49
485,96,95,84,78
478,97,115,104,99
479,97,81,70,66
480,97,54,43,39
481,97,52,41,37
482,97,65,54,50
483,97,67,56,52
484,97,68,57,53
485,97,87,76,70
486,97,128,117,111
478,98,125,114,110
479,98,92,81,77
480,98,64,53,49
481,98,58,47,43
482,98,66,55,51
483,98,64,53,49
484,98,61,50,46
485,98,76,65,59
486,98,113,102,96
478,99,132,121,117
479,99,102,91,87
480,99,75,64,60
481,99,65,54,50
482,99,66,55,51
483,99,59,48,44
484,99,55,44,39
485,99,65,54,48
486,99,95,84,78
487,99,132,121,113
479,100,107,96,92
480,100,79,68,64
481,100,65,54,50
482,100,62,51,47
483,100,57,46,42
484,100,55,44,39
485,100,62,51,45
486,100,82,72,65
487,100,121,110,103
479,101,112,101,97
480,101,82,71,67
481,101,64,53,49
482,101,58,47,43
483,101,56,45,41
484,101,57,46,41
485,101,62,51,44
486,101,72,61,54
487,101,109,99,91
479,102,121,110,106
480,102,89,78,74
481,102,66,55,51
482,102,56,45,41
483,102,55,44,40
484,102,58,47,42
485,102,59,48,43
486,102,60,49,43
487,102,93,83,75
488,102,135,125,116
479,103,132,121,117
480,103,101,90,86
481,103,73,62,58
482,103,57,46,43
483,103,55,44,40
484,103,58,47,43
485,103,58,47,41
486,103,53,42,36
487,103,77,66,58
488,103,117,107,98
480,104,110,99,95
481,104,81,70,66
482,104,61,50,46
483,104,55,44,41
484,104,59,48,43
485,104,59,48,42
486,104,51,41,34
487,104,66,55,47
488,104,102,91,82
480,105,114,103,99
481,105,90,79,75
482,105,68,57,53
483,105,56,45,41
484,105,55,44,40
485,105,61,50,44
486,105,55,44,38
487,105,57,46,39
488,105,81,71,62
489,105,126,116,107
480,106,119,108,104
481,106,94,83,79
482,106,71,60,56
483,106,56,45,41
484,106,54,43,39
485,106,60,49,44
486,106,56,45,39
487,106,54,44,36
488,106,72,62,53
489,106,112,102,93
480,107,127,116,112
481,107,101,90,86
482,107,75,64,60
483,107,58,47,43
484,107,54,43,38
485,107,60,49,43
486,107,58,47,41
487,107,54,43,35
488,107,64,54,45
489,107,96,86,77
481,108,112,101,97
482,108,83,72,68
483,108,61,50,47
484,108,54,43,39
485,108,59,48,42
486,108,60,49,43
487,108,53,43,35
488,108,57,47,38
489,108,82,72,63
490,108,127,117,108
481,109,123,112,108
482,109,94,83,79
483,109,69,58,54
484,109,57,46,42
485,109,59,48,42
486,109,58,48,41
487,109,55,44,37
488,109,55,45,36
489,109,73,63,54
490,109,116,106,97
481,110,133,122,118
482,110,106,95,91
483,110,78,67,63
484,110,61,50,46
485,110,58,47,41
486,110,57,46,40
487,110,57,47,39
488,110,55,46,36
489,110,65,55,46
490,110,103,93,84
482,111,116,105,101
483,111,87,76,72
484,111,65,54,50
485,111,57,46,41
486,111,55,44,38
487,111,60,49,41
488,111,56,46,37
489,111,57,47,39
490,111,90,80,71
491,111,126,116,107
482,112,124,113,109
483,112,93,82,78
484,112,69,58,54
485,112,58,47,42
486,112,53,43,37
487,112,61,51,44
488,112,57,46,40
489,112,51,41,35
490,112,78,67,61
491,112,113,103,96
482,113,133,124,119
483,113,102,93,89
484,113,75,66,61
485,113,58,48,44
486,113,50,41,36
487,113,63,54,49
488,113,61,51,47
489,113,46,37,32
490,113,56,47,41
491,113,91,82,76
492,113,132,123,116
483,114,111,103,98
484,114,82,73,69
485,114,58,48,46
486,114,51,41,38
487,114,60,50,47
488,114,61,51,49
489,114,51,41,39
490,114,52,42,38
491,114,82,73,67
492,114,123,114,107
483,115,125,116,111
484,115,96,86,82
485,115,64,54,52
486,115,54,44,42
487,115,55,45,43
488,115,58,48,46
489,115,58,48,45
490,115,48,39,35
491,115,70,61,56
492,115,108,99,93
484,116,110,100,96
485,116,75,65,63
486,116,61,51,49
487,116,50,40,38
488,116,55,45,43
489,116,62,52,50
490,116,48,39,34
491,116,60,51,46
492,116,95,86,80
493,116,129,120,114
484,117,119,110,106
485,117,84,74,72
486,117,64,54,52
487,117,48,38,36
488,117,53,43,41
489,117,65,55,53
490,117,54,44,40
491,117,59,50,45
492,117,86,77,71
493,117,120,111,104
484,118,124,115,111
485,118,94,84,82
486,118,64,54,52
487,118,50,40,38
488,118,54,44,42
489,118,63,53,50
490,118,61,52,47
491,118,60,51,46
492,118,78,69,63
493,118,111,102,95
484,119,129,120,116
485,119,106,96,94
486,119,68,58,57
487,119,55,45,43
488,119,53,43,41
489,119,55,45,42
490,119,63,54,49
491,119,58,49,44
492,119,68,59,53
493,119,99,90,83
484,120,134,125,121
485,120,115,106,103
486,120,75,65,63
487,120,59,49,47
488,120,49,39,37
489,120,46,36,34
490,120,61,51,47
491,120,53,44,39
492,120,57,48,42
493,120,87,78,71
494,120,130,121,114
485,121,111,101,99
486,121,86,76,74
487,121,64,54,52
488,121,49,39,37
489,121,48,38,36
490,121,61,52,47
491,121,55,46,41
492,121,54,45,39
493,121,74,65,59
494,121,116,107,100
485,122,119,109,107
486,122,95,85,83
487,122,68,58,56
488,122,51,41,39
489,122,51,41,39
490,122,58,49,44
491,122,54,45,40
492,122,52,43,37
493,122,66,57,50
494,122,101,92,85
485,123,131,121,119
486,123,107,97,95
487,123,73,63,61
488,123,55,45,43
489,123,55,45,42
490,123,53,44,40
491,123,53,44,39
492,123,51,42,36
493,123,57,48,42
494,123,82,73,66
495,123,124,115,106
486,124,116,106,104
487,124,80,70,68
488,124,60,50,48
489,124,58,48,46
490,124,50,41,36
491,124,52,43,38
492,124,52,43,37
493,124,51,42,35
494,124,65,56,49
495,124,111,102,93
486,125,123,113,111
487,125,88,78,76
488,125,67,57,55
489,125,60,51,48
490,125,49,40,35
491,125,53,44,39
492,125,53,44,38
493,125,49,40,33
494,125,56,47,40
495,125,99,89,81
486,126,133,123,121
487,126,99,89,87
488,126,74,64,62
489,126,61,51,49
490,126,50,41,36
491,126,54,45,40
492,126,54,45,39
493,126,50,41,35
494,126,53,44,37
495,126,85,76,68
496,126,125,115,106
487,127,112,102,100
488,127,81,71,69
489,127,60,50,48
490,127,53,44,39
491,127,55,46,41
492,127,55,46,40
493,127,52,43,36
494,127,52,43,35
495,127,72,63,55
496,127,113,104,95
487,128,121,111,109
488,128,87,77,75
489,128,61,52,48
490,128,54,45,41
491,128,54,46,40
492,128,55,46,40
493,128,53,45,38
494,128,52,43,36
495,128,64,55,48
496,128,104,95,87
487,129,126,119,113
488,129,100,93,88
489,129,74,66,61
490,129,55,47,41
491,129,50,43,37
492,129,55,48,42
493,129,57,50,44
494,129,50,43,37
495,129,55,48,42
496,129,91,83,76
497,129,132,122,115
488,130,106,99,93
489,130,75,68,62
490,130,53,46,40
491,130,48,41,35
492,130,52,45,39
493,130,54,47,41
494,130,49,42,36
495,130,52,45,39
496,130,80,73,67
497,130,119,111,105
488,131,113,106,100
489,131,76,69,63
490,131,56,49,43
491,131,50,43,37
492,131,49,42,36
493,131,49,42,36
494,131,47,40,34
495,131,50,43,37
496,131,69,61,55
497,131,105,96,91
488,132,115,108,102
489,132,80,72,67
490,132,63,56,50
491,132,56,49,44
492,132,50,43,37
493,132,46,39,33
494,132,46,39,34
495,132,50,43,37
496,132,61,53,48
497,132,93,84,79
487,133,133,125,121
488,133,101,94,90
489,133,74,66,62
490,133,63,56,52
491,133,58,50,47
492,133,50,42,39
493,133,45,37,34
494,133,47,40,36
495,133,52,44,41
496,133,60,51,48
497,133,87,77,74
498,133,129,119,115
485,134,128,120,117
486,134,116,108,105
487,134,100,92,89
488,134,80,72,69
489,134,62,54,51
490,134,57,49,46
491,134,54,46,43
492,134,48,40,37
493,134,46,38,35
494,134,51,43,40
495,134,55,47,44
496,134,60,52,49
497,134,83,73,70
498,134,119,110,105
479,135,132,124,121
480,135,120,112,109
481,135,109,101,98
482,135,103,95,92
483,135,99,91,88
484,135,94,86,83
485,135,86,78,75
486,135,81,73,70
487,135,77,69,66
488,135,67,59,56
489,135,56,48,45
490,135,54,46,43
491,135,51,43,40
492,135,49,41,38
493,135,51,43,40
494,135,55,47,44
495,135,54,46,43
496,135,58,49,46
497,135,77,67,64
498,135,111,100,96
474,136,126,115,111
475,136,119,108,105
476,136,112,101,100
477,136,101,92,90
478,136,96,88,85
479,136,90,82,79
480,136,81,73,70
481,136,76,68,65
482,136,78,70,67
483,136,83,75,72
484,136,88,80,77
485,136,90,82,79
486,136,91,83,80
487,136,79,71,68
488,136,66,58,55
489,136,59,51,48
490,136,55,47,44
491,136,51,43,40
492,136,51,43,40
493,136,56,48,45
494,136,58,50,47
495,136,53,45,42
496,136,53,45,42
497,136,70,61,58
498,136,103,94,89
471,137,127,117,108
472,137,107,96,90
473,137,92,81,78
474,137,81,70,67
475,137,71,60,59
476,137,66,54,54
477,137,69,59,58
478,137,67,59,57
479,137,67,59,57
480,137,70,62,60
481,137,75,67,65
482,137,80,72,70
483,137,87,79,77
484,137,93,85,83
485,137,97,89,86
486,137,95,87,85
487,137,85,77,75
488,137,73,65,63
489,137,64,56,53
490,137,56,48,46
491,137,53,45,43
492,137,53,45,43
493,137,54,46,44
494,137,58,50,47
495,137,58,50,48
496,137,57,47,46
497,137,66,56,53
498,137,95,84,79
471,138,119,108,103
472,138,96,85,81
473,138,79,68,66
474,138,69,57,56
475,138,61,49,49
476,138,57,47,46
477,138,60,51,49
478,138,57,49,47
479,138,54,46,44
480,138,55,47,45
481,138,59,51,49
482,138,63,55,53
483,138,71,63,61
484,138,81,73,71
485,138,90,82,80
486,138,92,84,82
487,138,85,77,75
488,138,74,66,64
489,138,64,56,54
490,138,56,48,46
491,138,52,44,42
492,138,50,42,40
493,138,51,43,41
494,138,55,47,45
495,138,59,51,49
496,138,59,50,48
497,138,63,54,51
498,138,84,75,70
499,138,129,118,114
471,139,119,108,103
472,139,94,82,80
473,139,75,63,62
474,139,63,51,51
475,139,57,45,46
476,139,55,44,45
477,139,56,46,46
478,139,53,44,43
479,139,51,43,41
480,139,51,43,41
481,139,53,45,43
482,139,56,48,46
483,139,63,55,53
484,139,74,66,64
485,139,85,77,75
486,139,90,82,80
487,139,82,74,72
488,139,71,63,61
489,139,63,55,53
490,139,56,48,46
491,139,52,44,42
492,139,48,40,38
493,139,48,40,38
494,139,52,44,42
495,139,58,50,48
496,139,61,51,50
497,139,61,50,49
498,139,73,62,60
499,139,118,107,104
471,140,123,112,108
472,140,98,87,85
473,140,77,65,65
474,140,64,51,53
475,140,57,45,47
476,140,55,44,46
477,140,52,43,42
478,140,50,43,41
479,140,53,45,43
480,140,56,48,46
481,140,58,50,48
482,140,58,50,48
483,140,62,53,52
484,140,69,61,60
485,140,78,70,68
486,140,81,73,72
487,140,76,68,66
488,140,68,60,58
489,140,63,55,53
490,140,58,50,48
491,140,54,46,44
492,140,49,40,39
493,140,46,38,36
494,140,49,41,40
495,140,56,48,46
496,140,59,51,49
497,140,57,48,46
498,140,65,54,52
499,140,107,97,93
471,141,129,118,115
472,141,107,96,94
473,141,84,72,73
474,141,67,55,56
475,141,57,45,48
476,141,54,42,45
477,141,49,40,41
478,141,48,40,40
479,141,51,42,43
480,141,55,46,46
481,141,55,46,47
482,141,53,44,45
483,141,55,46,47
484,141,61,52,53
485,141,68,59,60
486,141,71,62,62
487,141,68,59,60
488,141,64,55,56
489,141,62,53,54
490,141,60,51,52
491,141,56,48,48
492,141,51,42,43
493,141,47,38,38
494,141,48,39,39
495,141,53,44,44
496,141,56,47,46
497,141,55,45,44
498,141,63,52,49
499,141,97,86,82
472,142,115,103,103
473,142,90,78,80
474,142,69,57,60
475,142,57,45,49
476,142,54,43,47
477,142,55,45,46
478,142,53,44,45
479,142,52,43,44
480,142,52,43,44
481,142,50,41,42
482,142,48,39,40
483,142,50,41,42
484,142,58,49,50
485,142,66,57,58
486,142,69,60,61
487,142,67,58,59
488,142,63,54,55
489,142,61,52,53
490,142,61,52,53
491,142,57,48,49
492,142,51,42,43
493,142,47,38,39
494,142,47,38,39
495,142,51,42,43
496,142,53,44,44
497,142,54,45,43
498,142,61,51,49
499,142,86,75,71
500,142,126,115,109
472,143,122,110,110
473,143,95,83,84
474,143,71,59,62
475,143,59,47,51
476,143,58,47,50
477,143,59,49,50
478,143,56,47,48
479,143,53,44,45
480,143,51,42,43
481,143,49,40,41
482,143,47,38,39
483,143,50,41,42
484,143,58,49,50
485,143,67,58,59
486,143,70,61,62
487,143,69,60,61
488,143,65,56,57
489,143,62,53,54
490,143,60,51,52
491,143,56,47,48
492,143,50,41,42
493,143,46,37,38
494,143,46,37,38
495,143,50,41,42
496,143,52,42,42
497,143,55,45,43
498,143,61,50,48
499,143,75,64,60
500,143,113,102,97
472,144,128,116,116
473,144,98,86,88
474,144,74,62,64
475,144,63,51,53
476,144,61,50,52
477,144,55,46,47
478,144,51,42,43
479,144,49,40,41
480,144,48,39,40
481,144,48,39,40
482,144,48,39,40
483,144,50,41,42
484,144,56,47,48
485,144,63,54,55
486,144,66,57,58
487,144,69,60,61
488,144,68,59,60
489,144,63,54,55
490,144,59,50,51
491,144,54,45,46
492,144,48,39,40
493,144,44,35,36
494,144,46,37,38
495,144,50,41,41
496,144,51,43,42
497,144,54,46,44
498,144,59,49,47
499,144,65,54,50
500,144,102,92,86
472,145,132,121,119
473,145,103,92,91
474,145,81,69,69
475,145,68,56,56
476,145,62,50,50
477,145,57,47,47
478,145,52,43,44
479,145,49,40,41
480,145,48,39,40
481,145,49,40,41
482,145,50,41,42
483,145,50,41,42
484,145,52,43,44
485,145,58,49,50
486,145,64,55,56
487,145,68,59,60
488,145,68,59,60
489,145,66,57,58
490,145,60,51,52
491,145,51,42,43
492,145,44,35,36
493,145,44,35,36
494,145,47,38,39
495,145,50,41,42
496,145,50,42,41
497,145,54,44,42
498,145,58,47,43
499,145,57,46,40
500,145,90,79,73
501,145,131,121,113
472,146,135,124,122
473,146,109,98,96
474,146,85,74,72
475,146,68,57,55
476,146,58,48,46
477,146,53,45,43
478,146,49,41,41
479,146,47,38,39
480,146,47,38,39
481,146,49,40,41
482,146,50,41,42
483,146,50,41,42
484,146,51,42,43
485,146,57,48,49
486,146,63,54,55
487,146,67,58,59
488,146,67,58,59
489,146,65,56,57
490,146,59,50,51
491,146,50,41,42
492,146,45,36,37
493,146,44,35,36
494,146,47,38,39
495,146,50,41,42
496,146,50,41,41
497,146,53,45,42
498,146,56,46,42
499,146,53,43,36
500,146,83,72,65
501,146,122,112,103
473,147,117,106,104
474,147,92,81,79
475,147,71,59,58
476,147,58,47,46
477,147,53,42,43
478,147,48,39,39
479,147,46,37,37
480,147,45,36,37
481,147,48,39,40
482,147,49,40,41
483,147,49,40,41
484,147,50,41,42
485,147,56,47,48
486,147,62,53,54
487,147,64,55,56
488,147,65,56,57
489,147,64,55,56
490,147,59,50,51
491,147,51,42,43
492,147,46,37,38
493,147,44,35,36
494,147,47,38,39
495,147,50,41,42
496,147,50,41,41
497,147,54,43,41
498,147,55,45,41
499,147,50,39,33
500,147,74,64,56
501,147,110,101,91
473,148,127,116,114
474,148,99,88,86
475,148,77,66,64
476,148,61,51,49
477,148,53,44,43
478,148,48,39,40
479,148,46,37,38
480,148,46,37,38
481,148,47,38,39
482,148,48,39,40
483,148,47,38,39
484,148,48,39,40
485,148,53,44,45
486,148,59,50,51
487,148,61,52,53
488,148,62,53,54
489,148,63,54,55
490,148,60,51,52
491,148,53,44,45
492,148,48,39,40
493,148,46,37,38
494,148,48,39,40
495,148,50,41,42
496,148,50,41,40
497,148,52,44,41
498,148,55,45,41
499,148,49,39,33
500,148,66,56,48
501,148,100,90,81
473,149,133,122,120
474,149,104,93,91
475,149,81,70,69
476,149,66,55,54
477,149,56,46,47
478,149,50,41,42
479,149,48,39,40
480,149,47,38,39
481,149,48,39,40
482,149,47,38,39
483,149,46,37,38
484,149,46,37,38
485,149,50,41,42
486,149,55,46,47
487,149,59,50,51
488,149,62,53,54
489,149,64,55,56
490,149,62,53,54
491,149,55,46,47
492,149,50,41,42
493,149,48,39,40
494,149,49,40,41
495,149,51,42,42
496,149,50,41,40
497,149,53,42,40
498,149,55,45,41
499,149,51,40,34
500,149,62,52,44
501,149,93,84,74
502,149,132,122,113
474,150,108,97,95
475,150,83,72,70
476,150,66,56,54
477,150,57,49,47
478,150,52,44,44
479,150,50,41,42
480,150,49,40,41
481,150,50,41,42
482,150,49,40,41
483,150,46,37,38
484,150,45,36,37
485,150,48,39,40
486,150,53,44,45
487,150,58,49,50
488,150,63,54,55
489,150,66,57,58
490,150,65,56,57
491,150,60,51,52
492,150,53,44,45
493,150,50,41,42
494,150,50,41,42
495,150,51,42,43
496,150,50,41,40
497,150,51,43,40
498,150,54,44,39
499,150,52,41,35
500,150,61,51,43
501,150,91,82,72
502,150,132,122,112
474,151,113,102,100
475,151,86,74,73
476,151,67,56,55
477,151,58,48,49
478,151,53,44,45
479,151,50,41,42
480,151,49,40,41
481,151,51,42,43
482,151,50,41,42
483,151,47,38,39
484,151,46,37,38
485,151,48,39,40
486,151,54,45,46
487,151,59,50,51
488,151,64,55,56
489,151,68,59,60
490,151,68,59,60
491,151,64,55,56
492,151,57,48,49
493,151,52,43,44
494,151,52,43,44
495,151,51,42,43
496,151,50,41,41
497,151,50,40,38
498,151,51,40,36
499,151,52,41,35
500,151,61,50,42
501,151,92,82,73
502,151,135,125,116
474,152,119,108,106
475,152,89,78,77
476,152,68,58,56
477,152,57,48,47
478,152,53,44,44
479,152,51,42,42
480,152,49,40,41
481,152,50,41,42
482,152,50,41,42
483,152,48,39,40
484,152,47,38,39
485,152,50,41,42
486,152,56,47,48
487,152,60,51,52
488,152,65,56,57
489,152,70,61,62
490,152,70,61,62
491,152,65,56,57
492,152,59,50,51
493,152,54,45,46
494,152,52,43,44
495,152,51,42,43
496,152,50,41,41
497,152,48,39,36
498,152,47,37,32
499,152,51,40,34
500,152,60,49,41
501,152,93,83,74
474,153,125,114,112
475,153,97,86,84
476,153,76,64,64
477,153,58,48,49
478,153,56,47,48
479,153,54,45,46
480,153,48,39,40
481,153,44,35,36
482,153,47,38,39
483,153,49,40,41
484,153,49,40,41
485,153,50,41,42
486,153,55,46,47
487,153,60,51,52
488,153,64,55,56
489,153,67,58,59
490,153,67,58,59
491,153,64,55,56
492,153,59,50,51
493,153,55,46,47
494,153,52,43,44
495,153,50,41,42
496,153,50,40,40
497,153,46,36,33
498,153,43,33,28
499,153,51,40,34
500,153,55,44,36
501,153,89,79,69
474,154,132,121,119
475,154,105,94,92
476,154,82,72,70
477,154,59,50,49
478,154,55,47,47
479,154,54,45,46
480,154,48,39,40
481,154,45,36,37
482,154,47,38,39
483,154,48,39,40
484,154,48,39,40
485,154,49,40,41
486,154,55,46,47
487,154,58,49,50
488,154,60,51,52
489,154,62,53,54
490,154,63,54,55
491,154,60,51,52
492,154,57,48,49
493,154,54,45,46
494,154,53,44,45
495,154,51,42,44
496,154,50,41,41
497,154,46,38,35
498,154,45,35,30
499,154,51,40,35
500,154,51,41,33
501,154,83,73,63
502,154,131,121,111
475,155,113,101,100
476,155,88,77,76
477,155,61,50,51
478,155,55,45,46
479,155,54,45,46
480,155,50,41,42
481,155,46,37,38
482,155,47,38,39
483,155,46,37,38
484,155,46,37,38
485,155,48,39,40
486,155,53,44,45
487,155,55,46,47
488,155,57,48,49
489,155,58,49,50
490,155,59,50,51
491,155,57,48,49
492,155,56,47,48
493,155,55,46,47
494,155,54,45,46
495,155,52,43,45
496,155,51,41,41
497,155,49,39,37
498,155,50,40,35
499,155,55,44,38
500,155,51,40,32
501,155,78,67,58
502,155,124,114,105
475,156,116,105,103
476,156,89,79,78
477,156,62,53,52
478,156,55,46,46
479,156,53,44,46
480,156,50,41,42
481,156,47,38,39
482,156,45,36,37
483,156,44,35,36
484,156,44,35,36
485,156,46,37,38
486,156,51,42,43
487,156,54,45,46
488,156,56,47,48
489,156,58,49,50
490,156,59,50,51
491,156,58,49,50
492,156,57,48,49
493,156,56,47,48
494,156,56,47,48
495,156,54,45,46
496,156,50,42,41
497,156,49,41,38
498,156,53,43,39
499,156,59,48,42
500,156,51,41,33
501,156,73,63,54
502,156,117,107,98
475,157,122,110,109
476,157,95,83,83
477,157,68,58,58
478,157,57,48,49
479,157,52,44,45
480,157,49,40,42
481,157,48,39,40
482,157,44,35,36
483,157,42,33,34
484,157,42,33,34
485,157,44,35,36
486,157,48,39,40
487,157,54,45,46
488,157,59,50,51
489,157,62,53,54
490,157,64,55,56
491,157,64,55,56
492,157,62,53,54
493,157,59,50,51
494,157,58,49,50
495,157,54,45,46
496,157,51,42,42
497,157,49,39,36
498,157,50,39,35
499,157,58,47,41
500,157,48,38,30
501,157,67,57,48
502,157,111,101,92
475,158,134,123,121
476,158,105,96,94
477,158,78,69,68
478,158,63,54,54
479,158,55,46,47
480,158,50,41,42
481,158,49,40,41
482,158,45,36,37
483,158,43,34,35
484,158,43,34,35
485,158,45,36,37
486,158,46,37,38
487,158,53,44,45
488,158,60,51,52
489,158,66,57,58
490,158,69,60,61
491,158,70,61,62
492,158,67,58,59
493,158,64,55,56
494,158,59,50,51
495,158,55,46,47
496,158,51,43,42
497,158,46,37,34
498,158,44,35,30
499,158,55,44,38
500,158,44,33,25
501,158,60,50,41
502,158,103,93,83
476,159,120,109,109
477,159,90,80,80
478,159,70,61,61
479,159,58,49,50
480,159,52,43,44
481,159,51,42,43
482,159,47,38,39
483,159,45,36,37
484,159,46,37,38
485,159,48,39,40
486,159,47,38,39
487,159,51,42,43
488,159,58,49,50
489,159,67,58,59
490,159,74,65,66
491,159,75,66,67
492,159,71,62,63
493,159,66,57,58
494,159,60,51,52
495,159,56,47,48
496,159,53,44,43
497,159,48,38,35
498,159,46,35,31
499,159,56,46,39
500,159,43,33,25
501,159,55,45,36
502,159,95,85,75
503,159,134,124,113
476,160,130,120,119
477,160,99,90,89
478,160,76,67,67
479,160,61,52,53
480,160,54,45,46
481,160,52,43,44
482,160,49,40,41
483,160,48,39,40
484,160,49,40,41
485,160,50,41,42
486,160,47,38,40
487,160,49,40,41
488,160,56,47,48
489,160,66,57,58
490,160,75,66,67
491,160,77,68,69
492,160,74,65,65
493,160,67,58,59
494,160,61,52,53
495,160,56,48,48
496,160,53,45,44
497,160,50,41,38
498,160,51,40,36
499,160,61,50,44
500,160,46,36,28
501,160,53,43,34
502,160,88,78,68
503,160,126,116,105
477,161,110,101,98
478,161,83,74,72
479,161,62,54,52
480,161,52,44,43
481,161,51,43,41
482,161,48,39,39
483,161,47,38,39
484,161,48,39,40
485,161,49,40,43
486,161,48,39,41
487,161,52,43,45
488,161,58,49,51
489,161,65,56,58
490,161,73,64,65
491,161,76,67,68
492,161,75,66,66
493,161,70,62,60
494,161,64,56,54
495,161,57,49,48
496,161,54,45,43
497,161,49,39,36
498,161,48,37,33
499,161,60,49,43
500,161,49,39,31
501,161,51,41,32
502,161,79,69,59
503,161,122,112,100
477,162,118,110,105
478,162,88,81,77
479,162,65,58,55
480,162,53,45,43
481,162,51,43,41
482,162,48,39,39
483,162,46,37,38
484,162,46,36,38
485,162,47,38,41
486,162,46,37,40
487,162,50,41,44
488,162,57,48,51
489,162,64,55,57
490,162,71,62,64
491,162,76,67,67
492,162,76,67,67
493,162,72,64,62
494,162,66,58,56
495,162,59,51,49
496,162,55,47,43
497,162,50,42,36
498,162,48,39,33
499,162,59,48,42
500,162,48,38,30
501,162,49,39,30
502,162,74,64,54
503,162,116,106,94
477,163,132,123,119
478,163,99,91,88
479,163,72,64,61
480,163,57,49,47
481,163,54,46,44
482,163,50,41,42
483,163,47,37,39
484,163,45,36,38
485,163,46,37,40
486,163,47,38,41
487,163,49,40,43
488,163,55,46,49
489,163,62,53,55
490,163,69,60,62
491,163,75,66,67
492,163,77,68,68
493,163,74,67,65
494,163,69,61,59
495,163,61,54,51
496,163,57,48,45
497,163,53,43,39
498,163,52,41,36
499,163,57,46,40
500,163,47,37,29
501,163,47,37,28
502,163,68,58,48
503,163,108,98,86
478,164,111,103,99
479,164,80,72,69
480,164,63,55,52
481,164,58,50,48
482,164,54,45,45
483,164,49,40,41
484,164,47,38,40
485,164,49,40,43
486,164,49,40,43
487,164,48,39,42
488,164,51,42,45
489,164,57,48,50
490,164,65,56,57
491,164,72,63,64
492,164,76,67,67
493,164,75,67,65
494,164,70,63,60
495,164,63,55,52
496,164,57,49,45
497,164,54,46,40
498,164,55,45,39
499,164,56,45,39
500,164,48,38,30
501,164,47,37,27
502,164,63,53,42
503,164,97,87,76
504,164,133,123,111
478,165,119,111,108
479,165,88,80,77
480,165,68,60,58
481,165,60,52,50
482,165,54,45,45
483,165,49,40,41
484,165,47,38,40
485,165,50,41,43
486,165,49,40,43
487,165,46,37,40
488,165,47,38,41
489,165,53,44,46
490,165,60,51,53
491,165,69,60,61
492,165,74,65,65
493,165,74,66,64
494,165,71,63,61
495,165,64,56,53
496,165,57,49,46
497,165,56,47,43
498,165,58,48,43
499,165,55,45,39
500,165,50,40,32
501,165,49,39,29
502,165,58,48,39
503,165,87,77,67
504,165,127,116,105
478,166,126,118,115
479,166,97,89,87
480,166,74,66,64
481,166,61,52,51
482,166,50,41,42
483,166,46,37,38
484,166,47,38,40
485,166,49,40,43
486,166,47,38,41
487,166,45,36,39
488,166,46,37,40
489,166,50,41,44
490,166,56,47,49
491,166,64,55,57
492,166,71,62,62
493,166,73,65,63
494,166,71,63,60
495,166,64,56,53
496,166,57,49,47
497,166,56,47,43
498,166,58,48,43
499,166,53,42,37
500,166,53,42,35
501,166,51,41,32
502,166,54,44,35
503,166,77,67,57
504,166,118,108,97
479,167,110,102,99
480,167,85,77,74
481,167,64,56,54
482,167,50,42,42
483,167,47,38,39
484,167,49,40,42
485,167,50,41,44
486,167,45,36,39
487,167,45,36,39
488,167,47,38,41
489,167,50,41,43
490,167,55,46,48
491,167,62,53,54
492,167,70,61,61
493,167,73,65,63
494,167,72,64,61
495,167,66,58,55
496,167,59,50,48
497,167,56,47,43
498,167,56,45,41
499,167,50,39,34
500,167,54,43,37
501,167,52,42,34
502,167,50,40,31
503,167,68,58,48
504,167,110,100,88
479,168,121,113,111
480,168,95,87,85
481,168,70,62,60
482,168,53,44,45
483,168,50,41,42
484,168,52,43,45
485,168,53,44,47
486,168,45,36,39
487,168,46,37,40
488,168,49,40,42
489,168,51,42,44
490,168,55,46,47
491,168,62,53,54
492,168,70,61,61
493,168,74,65,64
494,168,73,65,63
495,168,67,59,56
496,168,61,53,50
497,168,57,48,44
498,168,53,44,39
499,168,47,36,32
500,168,53,42,37
501,168,53,42,35
502,168,49,39,30
503,168,61,51,41
504,168,102,92,83
479,169,130,122,120
480,169,101,93,91
481,169,77,69,67
482,169,60,51,51
483,169,52,43,44
484,169,51,42,43
485,169,50,41,44
486,169,46,37,40
487,169,46,37,40
488,169,48,39,42
489,169,50,41,43
490,169,55,46,47
491,169,62,53,54
492,169,69,61,60
493,169,74,66,64
494,169,75,67,65
495,169,71,63,60
496,169,65,57,54
497,169,60,49,47
498,169,53,43,39
499,169,49,38,33
500,169,52,41,36
501,169,55,44,38
502,169,52,41,35
503,169,50,40,32
504,169,84,74,65
505,169,136,125,114
480,170,108,100,98
481,170,82,74,72
482,170,63,55,55
483,170,54,45,46
484,170,51,42,44
485,170,51,42,44
486,170,47,38,41
487,170,46,37,40
488,170,48,39,42
489,170,50,41,44
490,170,55,46,47
491,170,61,51,53
492,170,68,60,59
493,170,74,66,64
494,170,75,67,65
495,170,72,64,61
496,170,66,59,56
497,170,60,52,48
498,170,55,45,41
499,170,54,43,39
500,170,55,44,38
501,170,54,43,38
502,170,52,41,35
503,170,52,41,33
504,170,81,71,61
505,170,130,119,108
480,171,117,109,107
481,171,91,83,81
482,171,70,61,62
483,171,58,49,50
484,171,53,44,45
485,171,52,43,45
486,171,49,40,43
487,171,46,37,40
488,171,47,38,41
489,171,50,41,43
490,171,54,45,46
491,171,59,50,51
492,171,66,58,57
493,171,72,65,63
494,171,75,67,65
495,171,73,65,62
496,171,69,60,57
497,171,62,52,50
498,171,57,46,44
499,171,59,48,45
500,171,55,44,40
501,171,51,40,35
502,171,48,38,31
503,171,52,42,33
504,171,76,66,57
505,171,119,108,96
480,172,126,118,116
481,172,100,92,91
482,172,78,69,70
483,172,62,53,54
484,172,54,45,46
485,172,51,42,45
486,172,48,39,42
487,172,46,37,40
488,172,47,38,41
489,172,49,40,43
490,172,52,43,44
491,172,56,47,48
492,172,63,54,54
493,172,71,63,61
494,172,76,68,66
495,172,75,67,65
496,172,71,62,60
497,172,63,53,51
498,172,56,46,44
499,172,61,50,48
500,172,53,42,39
501,172,45,34,30
502,172,44,33,27
503,172,50,40,32
504,172,68,58,49
505,172,104,93,83
481,173,111,103,101
482,173,86,77,78
483,173,66,57,58
484,173,54,45,46
485,173,49,40,43
486,173,47,38,41
487,173,46,37,40
488,173,47,38,41
489,173,49,40,43
490,173,51,42,43
491,173,53,44,45
492,173,59,50,50
493,173,68,60,58
494,173,76,68,66
495,173,77,69,66
496,173,73,65,62
497,173,66,55,53
498,173,59,48,46
499,173,64,53,50
500,173,54,43,40
501,173,45,34,30
502,173,44,34,29
503,173,51,40,34
504,173,62,52,44
505,173,93,81,72
506,173,132,119,110
481,174,122,114,113
482,174,95,86,86
483,174,71,62,63
484,174,55,46,48
485,174,49,40,43
486,174,46,37,40
487,174,46,37,40
488,174,47,38,41
489,174,49,40,43
490,174,50,41,42
491,174,51,42,43
492,174,56,48,47
493,174,66,58,56
494,174,76,68,66
495,174,79,71,68
496,174,76,67,65
497,174,69,60,58
498,174,63,53,51
499,174,65,54,52
500,174,55,44,41
501,174,49,38,33
502,174,49,39,32
503,174,53,43,34
504,174,59,49,40
505,174,87,75,66
506,174,127,115,105
481,175,133,125,123
482,175,104,95,95
483,175,77,68,69
484,175,58,49,51
485,175,50,41,44
486,175,47,38,41
487,175,46,37,40
488,175,47,38,41
489,175,49,40,43
490,175,49,40,41
491,175,49,40,41
492,175,54,46,45
493,175,64,56,55
494,175,76,68,66
495,175,80,72,69
496,175,77,69,66
497,175,71,61,59
498,175,65,54,52
499,175,63,52,50
500,175,55,44,41
501,175,51,40,36
502,175,53,42,38
503,175,53,42,36
504,175,55,45,36
505,175,83,72,63
506,175,124,111,102
482,176,110,102,100
483,176,81,73,72
484,176,61,52,53
485,176,52,43,44
486,176,49,40,43
487,176,47,38,41
488,176,47,38,41
489,176,49,40,42
490,176,48,39,41
491,176,47,38,39
492,176,53,44,44
493,176,64,56,54
494,176,76,68,66
495,176,81,73,70
496,176,79,71,68
497,176,71,62,60
498,176,63,53,51
499,176,59,48,46
500,176,52,41,39
501,176,52,41,37
502,176,54,43,39
503,176,51,40,34
504,176,52,42,33
505,176,77,67,58
506,176,117,106,97
482,177,118,110,107
483,177,88,80,77
484,177,65,56,55
485,177,53,44,45
486,177,50,41,43
487,177,49,40,41
488,177,48,39,40
489,177,50,41,42
490,177,52,43,44
491,177,49,40,40
492,177,51,43,42
493,177,63,55,53
494,177,77,69,67
495,177,81,73,70
496,177,82,74,71
497,177,75,67,64
498,177,63,53,52
499,177,55,45,44
500,177,52,42,40
501,177,51,41,38
502,177,53,43,39
503,177,55,45,40
504,177,52,42,36
505,177,63,52,46
506,177,98,88,81
482,178,123,116,112
483,178,94,86,83
484,178,70,61,60
485,178,55,46,45
486,178,49,40,40
487,178,47,38,39
488,178,48,39,40
489,178,50,41,42
490,178,51,42,43
491,178,49,40,40
492,178,51,42,42
493,178,61,53,52
494,178,76,68,65
495,178,82,74,71
496,178,83,75,71
497,178,76,67,64
498,178,64,54,53
499,178,59,49,48
500,178,54,44,42
501,178,51,41,39
502,178,53,43,40
503,178,57,48,44
504,178,52,43,38
505,178,57,46,41
506,178,88,77,71
482,179,133,125,121
483,179,104,96,93
484,179,79,70,69
485,179,60,51,52
486,179,50,41,42
487,179,47,38,39
488,179,47,38,39
489,179,50,41,42
490,179,49,40,41
491,179,48,39,39
492,179,51,42,42
493,179,60,51,50
494,179,72,64,62
495,179,81,73,70
496,179,84,76,73
497,179,76,67,65
498,179,64,54,53
499,179,63,53,52
500,179,57,47,46
501,179,51,41,39
502,179,52,42,40
503,179,59,50,46
504,179,52,43,38
505,179,51,41,35
506,179,77,66,60
507,179,127,116,109
483,180,114,106,103
484,180,88,79,78
485,180,68,59,58
486,180,56,47,48
487,180,49,40,41
488,180,49,40,41
489,180,51,42,43
490,180,47,38,39
491,180,47,38,39
492,180,50,42,41
493,180,57,49,47
494,180,68,60,58
495,180,81,73,70
496,180,85,77,74
497,180,77,69,66
498,180,67,57,56
499,180,67,57,56
500,180,59,49,47
501,180,50,40,38
502,180,50,40,37
503,180,59,50,45
504,180,52,43,38
505,180,47,37,32
506,180,70,58,52
507,180,118,107,101
483,181,122,114,111
484,181,96,87,86
485,181,74,65,66
486,181,61,52,53
487,181,51,42,43
488,181,51,42,43
489,181,54,45,46
490,181,46,37,38
491,181,47,38,39
492,181,50,42,41
493,181,55,47,45
494,181,63,55,53
495,181,80,72,69
496,181,85,77,74
497,181,80,71,69
498,181,72,62,61
499,181,70,60,59
500,181,60,50,48
501,181,49,39,37
502,181,48,38,36
503,181,57,48,43
504,181,51,42,37
505,181,46,36,31
506,181,64,54,48
507,181,109,98,92
483,182,130,122,120
484,182,104,96,93
485,182,80,72,71
486,182,63,55,55
487,182,53,44,45
488,182,53,44,45
489,182,57,48,49
490,182,46,37,38
491,182,47,38,39
492,182,51,42,42
493,182,53,44,43
494,182,58,50,48
495,182,78,70,67
496,182,85,77,74
497,182,83,74,72
498,182,78,68,67
499,182,71,61,60
500,182,61,51,50
501,182,52,42,40
502,182,50,40,37
503,182,55,46,41
504,182,51,42,37
505,182,47,37,31
506,182,61,50,44
507,182,98,88,81
484,183,116,107,106
485,183,89,79,80
486,183,67,58,59
487,183,55,46,47
488,183,56,47,48
489,183,59,50,51
490,183,47,37,39
491,183,49,40,41
492,183,51,43,42
493,183,51,43,41
494,183,55,47,45
495,183,77,69,66
496,183,85,77,73
497,183,85,77,74
498,183,83,73,72
499,183,72,62,61
500,183,64,54,53
501,183,58,48,46
502,183,54,45,42
503,183,54,45,40
504,183,50,41,36
505,183,47,37,31
506,183,56,45,39
507,183,86,75,68
508,183,133,123,114
484,184,127,119,117
485,184,97,89,88
486,184,72,63,64
487,184,57,48,50
488,184,58,49,50
489,184,60,51,52
490,184,48,39,40
491,184,50,41,42
492,184,52,43,43
493,184,50,42,40
494,184,53,45,43
495,184,75,67,64
496,184,84,76,73
497,184,86,77,75
498,184,86,76,75
499,184,73,63,62
500,184,68,58,56
501,184,64,54,52
502,184,58,49,46
503,184,54,45,40
504,184,51,41,36
505,184,48,38,33
506,184,53,42,36
507,184,75,64,57
508,184,125,115,106
484,185,131,123,122
485,185,102,93,94
486,185,79,70,71
487,185,61,52,53
488,185,54,45,46
489,185,53,44,45
490,185,53,44,45
491,185,54,45,46
492,185,54,46,45
493,185,52,45,42
494,185,54,46,44
495,185,65,57,54
496,185,79,70,68
497,185,85,76,74
498,185,82,72,71
499,185,77,67,66
500,185,69,59,58
501,185,62,52,50
502,185,56,47,44
503,185,54,45,40
504,185,54,45,40
505,185,54,44,38
506,185,52,41,35
507,185,62,51,45
508,185,111,101,93
485,186,108,99,99
486,186,85,76,77
487,186,64,55,56
488,186,54,45,46
489,186,54,45,46
490,186,52,43,44
491,186,52,43,44
492,186,53,45,44
493,186,54,46,44
494,186,54,46,44
495,186,61,53,50
496,186,75,68,64
497,186,84,75,73
498,186,80,71,69
499,186,76,66,65
500,186,68,58,57
501,186,60,50,48
502,186,54,44,41
503,186,52,42,38
504,186,52,43,38
505,186,52,42,37
506,186,50,39,33
507,186,58,47,41
508,186,99,89,81
485,187,118,108,109
486,187,94,85,86
487,187,68,59,60
488,187,57,48,49
489,187,57,48,49
490,187,51,42,43
491,187,49,40,41
492,187,52,44,43
493,187,55,47,45
494,187,53,45,42
495,187,56,48,45
496,187,71,63,60
497,187,82,74,71
498,187,82,72,71
499,187,78,68,67
500,187,70,60,58
501,187,61,52,49
502,187,54,45,42
503,187,51,42,37
504,187,51,42,37
505,187,52,42,37
506,187,52,41,35
507,187,58,47,40
508,187,90,80,72
485,188,128,120,119
486,188,105,96,97
487,188,75,66,67
488,188,60,51,52
489,188,59,50,51
490,188,50,41,42
491,188,47,38,38
492,188,52,44,43
493,188,56,48,46
494,188,51,43,41
495,188,51,43,40
496,188,67,59,56
497,188,81,72,70
498,188,84,74,73
499,188,81,71,70
500,188,74,64,63
501,188,65,55,53
502,188,57,48,45
503,188,53,44,39
504,188,53,44,39
505,188,54,44,39
506,188,55,44,38
507,188,59,49,42
508,188,83,73,64
509,188,125,115,106
486,189,115,106,107
487,189,84,75,76
488,189,65,56,57
489,189,60,51,52
490,189,50,41,42
491,189,47,38,39
492,189,52,44,43
493,189,55,47,45
494,189,50,42,40
495,189,49,41,39
496,189,62,54,51
497,189,77,68,66
498,189,83,73,72
499,189,82,72,71
500,189,77,67,65
501,189,69,59,57
502,189,60,50,47
503,189,54,45,40
504,189,53,44,39
505,189,55,44,39
506,189,56,45,39
507,189,58,48,41
508,189,72,62,53
509,189,113,103,94
486,190,124,115,115
487,190,93,84,85
488,190,70,61,62
489,190,59,50,51
490,190,50,41,42
491,190,50,41,42
492,190,53,44,44
493,190,52,44,43
494,190,49,41,39
495,190,50,42,40
496,190,60,52,49
497,190,73,64,62
498,190,81,71,70
499,190,81,71,70
500,190,78,68,66
501,190,70,60,58
502,190,61,51,48
503,190,54,45,40
504,190,52,43,37
505,190,52,42,36
506,190,53,42,36
507,190,54,43,37
508,190,59,49,40
509,190,105,96,86
486,191,129,120,121
487,191,100,91,92
488,191,74,65,66
489,191,57,48,49
490,191,52,43,44
491,191,55,46,47
492,191,54,46,45
493,191,50,42,40
494,191,48,40,38
495,191,53,45,43
496,191,59,51,48
497,191,69,60,58
498,191,79,69,68
499,191,81,71,70
500,191,80,70,68
501,191,73,63,61
502,191,63,54,51
503,191,56,47,42
504,191,52,43,38
505,191,51,42,36
506,191,52,42,35
507,191,53,42,35
508,191,53,42,34
509,191,95,85,76
486,192,133,125,125
487,192,106,97,98
488,192,78,69,70
489,192,57,48,49
490,192,52,44,44
491,192,57,48,49
492,192,54,46,45
493,192,48,41,39
494,192,48,40,38
495,192,55,47,45
496,192,58,50,48
497,192,66,57,55
498,192,79,69,68
499,192,83,73,72
500,192,83,73,71
501,192,77,67,65
502,192,68,58,56
503,192,59,50,46
504,192,55,46,41
505,192,53,44,38
506,192,53,43,37
507,192,54,43,37
508,192,53,43,35
509,192,83,73,64
510,192,126,115,105
487,193,119,111,109
488,193,89,81,79
489,193,62,54,52
490,193,50,42,40
491,193,52,44,42
492,193,52,44,43
493,193,51,41,42
494,193,50,41,42
495,193,54,45,46
496,193,54,45,45
497,193,61,53,51
498,193,75,67,65
499,193,79,71,68
500,193,80,72,69
501,193,77,69,66
502,193,70,62,59
503,193,62,55,49
504,193,55,47,42
505,193,52,43,37
506,193,51,42,35
507,193,51,42,35
508,193,52,42,33
509,193,68,58,49
510,193,110,100,91
487,194,126,118,116
488,194,97,89,87
489,194,70,62,60
490,194,55,47,45
491,194,54,46,44
492,194,54,45,45
493,194,51,42,44
494,194,51,42,43
495,194,54,45,46
496,194,54,45,44
497,194,60,52,50
498,194,73,65,62
499,194,77,69,66
500,194,79,71,68
501,194,77,69,66
502,194,71,63,59
503,194,62,55,50
504,194,55,48,42
505,194,52,43,37
506,194,50,41,35
507,194,51,42,34
508,194,50,40,31
509,194,62,52,43
510,194,99,89,80
488,195,107,99,97
489,195,79,71,69
490,195,61,53,51
491,195,56,48,46
492,195,54,45,45
493,195,51,42,44
494,195,51,42,43
495,195,53,44,45
496,195,54,45,46
497,195,60,52,51
498,195,71,63,61
499,195,75,67,64
500,195,78,70,67
501,195,77,69,66
502,195,71,63,60
503,195,63,56,51
504,195,57,49,43
505,195,52,44,38
506,195,51,42,35
507,195,51,42,35
508,195,51,41,33
509,195,58,48,39
510,195,91,81,71
511,195,135,125,115
488,196,114,106,104
489,196,86,78,76
490,196,65,57,55
491,196,57,48,47
492,196,53,44,44
493,196,50,41,42
494,196,50,41,42
495,196,52,43,44
496,196,54,45,46
497,196,60,51,51
498,196,69,61,60
499,196,75,67,64
500,196,78,70,67
501,196,78,70,67
502,196,74,66,62
503,196,66,59,53
504,196,59,52,46
505,196,55,46,40
506,196,53,44,37
507,196,53,44,37
508,196,55,45,36
509,196,57,47,38
510,196,82,72,63
511,196,125,115,105
488,197,119,111,109
489,197,92,84,82
490,197,69,61,59
491,197,57,49,47
492,197,52,44,43
493,197,50,41,41
494,197,49,40,41
495,197,50,41,42
496,197,53,44,45
497,197,59,51,51
498,197,68,60,58
499,197,73,65,63
500,197,78,70,67
501,197,79,71,68
502,197,76,68,64
503,197,69,62,56
504,197,62,55,49
505,197,57,49,43
506,197,55,46,39
507,197,55,46,39
508,197,56,46,37
509,197,53,43,34
510,197,73,63,54
511,197,115,105,95
488,198,126,118,116
489,198,101,93,91
490,198,75,67,65
491,198,60,52,50
492,198,55,46,46
493,198,52,43,44
494,198,50,41,42
495,198,50,41,42
496,198,53,44,45
497,198,58,50,50
498,198,66,58,56
499,198,72,64,62
500,198,78,70,67
501,198,80,72,69
502,198,78,70,66
503,198,71,64,58
504,198,64,57,51
505,198,59,51,44
506,198,56,47,41
507,198,56,47,40
508,198,55,45,36
509,198,46,36,27
510,198,63,52,44
511,198,103,93,84
489,199,111,103,101
490,199,85,77,75
491,199,67,59,57
492,199,59,51,50
493,199,56,47,48
494,199,52,43,44
495,199,51,42,43
496,199,53,44,45
497,199,58,49,49
498,199,62,54,53
499,199,69,61,59
500,199,76,68,66
501,199,79,71,69
502,199,77,69,67
503,199,71,63,60
504,199,64,56,53
505,199,59,50,46
506,199,56,47,42
507,199,56,46,41
508,199,56,45,39
509,199,44,33,26
510,199,56,45,38
511,199,94,84,75
512,199,130,120,111
489,200,120,112,110
490,200,92,84,82
491,200,73,65,63
492,200,63,55,54
493,200,59,50,51
494,200,55,46,47
495,200,52,43,44
496,200,54,45,46
497,200,57,48,48
498,200,60,52,50
499,200,66,58,56
500,200,73,65,63
501,200,78,70,68
502,200,77,69,67
503,200,71,63,60
504,200,64,56,53
505,200,59,50,46
506,200,56,47,42
507,200,56,46,41
508,200,60,50,44
509,200,46,35,29
510,200,53,42,35
511,200,87,77,68
512,200,124,114,105
489,201,128,120,118
490,201,98,90,88
491,201,75,67,65
492,201,60,52,51
493,201,54,45,46
494,201,54,45,46
495,201,56,47,48
496,201,54,45,46
497,201,53,44,45
498,201,55,46,47
499,201,62,53,53
500,201,70,62,60
501,201,76,68,66
502,201,77,69,66
503,201,73,65,62
504,201,67,59,56
505,201,61,53,49
506,201,57,48,44
507,201,57,48,43
508,201,61,50,44
509,201,46,35,29
510,201,46,35,28
511,201,74,64,55
512,201,119,109,100
489,202,131,123,121
490,202,101,93,91
491,202,77,69,67
492,202,60,51,51
493,202,52,43,44
494,202,51,42,43
495,202,53,44,45
496,202,51,42,43
497,202,50,41,42
498,202,53,44,45
499,202,61,52,53
500,202,70,61,60
501,202,76,68,66
502,202,77,69,68
503,202,74,66,63
504,202,68,60,57
505,202,63,54,51
506,202,60,51,46
507,202,58,49,44
508,202,56,46,40
509,202,46,36,30
510,202,46,36,29
511,202,66,56,48
512,202,106,96,87
490,203,110,102,100
491,203,83,75,73
492,203,64,55,55
493,203,53,44,45
494,203,51,42,43
495,203,52,43,44
496,203,50,41,42
497,203,49,40,41
498,203,51,42,43
499,203,59,50,51
500,203,70,61,61
501,203,77,68,69
502,203,79,71,71
503,203,77,68,67
504,203,71,63,61
505,203,65,56,54
506,203,62,52,50
507,203,59,49,47
508,203,51,40,36
509,203,49,38,34
510,203,50,39,34
511,203,58,47,41
512,203,87,76,70
513,203,131,120,112
490,204,122,114,112
491,204,94,86,85
492,204,72,64,63
493,204,57,48,50
494,204,52,43,45
495,204,53,44,45
496,204,52,43,44
497,204,49,40,41
498,204,49,40,41
499,204,57,48,50
500,204,68,59,60
501,204,76,67,68
502,204,79,71,71
503,204,78,70,69
504,204,74,66,64
505,204,68,59,57
506,204,65,55,53
507,204,61,50,48
508,204,49,38,34
509,204,54,43,39
510,204,55,44,39
511,204,53,42,36
512,204,72,61,55
513,204,120,110,102
490,205,132,124,122
491,205,105,97,95
492,205,80,71,71
493,205,61,52,53
494,205,54,45,46
495,205,53,44,45
496,205,52,43,44
497,205,50,41,43
498,205,49,40,43
499,205,56,47,50
500,205,65,56,58
501,205,73,64,65
502,205,78,70,70
503,205,79,71,70
504,205,76,68,66
505,205,72,63,61
506,205,68,58,56
507,205,62,52,49
508,205,52,41,37
509,205,58,47,43
510,205,59,48,43
511,205,52,41,35
512,205,64,53,47
513,205,110,99,92
491,206,112,104,102
492,206,86,77,77
493,206,64,55,56
494,206,54,45,46
495,206,52,43,44
496,206,51,42,43
497,206,50,41,43
498,206,50,41,44
499,206,54,45,48
500,206,61,52,53
501,206,69,60,61
502,206,76,67,67
503,206,79,71,70
504,206,78,70,68
505,206,74,64,62
506,206,68,57,56
507,206,61,51,49
508,206,55,44,41
509,206,59,48,44
510,206,58,47,42
511,206,53,42,37
512,206,63,52,46
513,206,98,88,80
514,206,134,124,116
491,207,120,112,110
492,207,92,84,83
493,207,69,60,61
494,207,57,48,49
495,207,53,44,45
496,207,52,43,44
497,207,52,43,44
498,207,52,43,46
499,207,54,45,48
500,207,58,49,50
501,207,64,55,56
502,207,72,63,64
503,207,78,70,70
504,207,79,70,71
505,207,75,65,64
506,207,67,57,56
507,207,61,51,48
508,207,59,48,45
509,207,56,45,41
510,207,53,42,37
511,207,54,43,37
512,207,64,53,47
513,207,87,76,70
514,207,119,108,102
491,208,126,118,116
492,208,98,90,88
493,208,75,66,65
494,208,61,53,51
495,208,56,48,46
496,208,55,46,46
497,208,55,45,47
498,208,54,45,46
499,208,54,45,45
500,208,55,46,47
501,208,61,53,53
502,208,70,62,60
503,208,77,69,67
504,208,79,71,69
505,208,75,66,64
506,208,67,57,56
507,208,61,51,48
508,208,60,50,46
509,208,52,42,38
510,208,49,38,33
511,208,54,43,37
512,208,64,53,47
513,208,79,68,62
514,208,108,97,91
491,209,130,120,118
492,209,105,95,93
493,209,83,73,71
494,209,65,56,54
495,209,57,47,46
496,209,54,44,43
497,209,54,44,43
498,209,55,45,45
499,209,56,46,45
500,209,58,48,47
501,209,64,54,53
502,209,71,61,60
503,209,77,67,66
504,209,79,69,67
505,209,76,66,64
506,209,71,61,58
507,209,66,57,52
508,209,64,55,50
509,209,54,45,40
510,209,52,43,37
511,209,59,50,43
512,209,63,53,47
513,209,71,62,55
514,209,100,91,84
492,210,116,106,104
493,210,92,82,80
494,210,72,62,60
495,210,59,49,47
496,210,53,43,41
497,210,52,42,40
498,210,53,43,42
499,210,54,44,43
500,210,57,47,45
501,210,63,53,51
502,210,71,61,60
503,210,79,69,67
504,210,82,72,70
505,210,79,69,66
506,210,73,65,59
507,210,70,61,56
508,210,70,61,56
509,210,59,50,45
510,210,53,44,38
511,210,56,47,40
512,210,55,46,39
513,210,64,55,48
514,210,95,86,79
515,210,134,125,118
492,211,123,113,111
493,211,97,87,85
494,211,75,65,63
495,211,59,49,47
496,211,52,42,40
497,211,51,41,39
498,211,51,41,39
499,211,51,41,39
500,211,53,43,41
501,211,59,49,47
502,211,68,58,56
503,211,77,67,65
504,211,81,71,69
505,211,79,70,66
506,211,74,66,60
507,211,70,61,56
508,211,66,57,52
509,211,58,49,44
510,211,55,46,40
511,211,55,46,39
512,211,50,41,34
513,211,57,48,41
514,211,89,80,73
515,211,129,120,113
492,212,126,116,114
493,212,103,93,91
494,212,80,70,68
495,212,62,52,50
496,212,55,45,43
497,212,53,43,41
498,212,52,42,40
499,212,51,41,39
500,212,51,41,39
501,212,55,45,43
502,212,62,52,50
503,212,70,61,58
504,212,75,65,63
505,212,75,65,61
506,212,72,63,57
507,212,66,57,52
508,212,58,49,44
509,212,53,44,39
510,212,54,45,39
511,212,55,46,39
512,212,47,38,31
513,212,52,43,36
514,212,82,73,66
515,212,123,114,106
492,213,132,122,120
493,213,110,100,98
494,213,86,76,74
495,213,66,56,54
496,213,58,48,46
497,213,58,48,46
498,213,59,49,47
499,213,55,45,43
500,213,53,43,41
501,213,54,44,42
502,213,57,48,45
503,213,63,54,50
504,213,68,59,54
505,213,69,60,55
506,213,67,58,54
507,213,66,57,52
508,213,64,55,49
509,213,59,50,43
510,213,57,48,41
511,213,56,47,40
512,213,51,42,35
513,213,63,54,46
514,213,98,89,80
493,214,117,107,105
494,214,90,80,78
495,214,65,55,53
496,214,53,43,41
497,214,54,44,41
498,214,59,49,47
499,214,57,47,45
500,214,55,45,43
501,214,55,45,42
502,214,56,46,43
503,214,59,50,45
504,214,63,54,49
505,214,65,56,51
506,214,66,57,52
507,214,68,59,54
508,214,74,65,58
509,214,65,56,49
510,214,57,48,41
511,214,56,47,40
512,214,60,51,44
513,214,82,73,65
514,214,118,109,100
493,215,133,123,121
494,215,103,93,91
495,215,71,61,59
496,215,54,43,42
497,215,49,39,36
498,215,50,41,37
499,215,51,42,38
500,215,52,43,39
501,215,53,44,39
502,215,54,45,40
503,215,56,47,42
504,215,58,49,44
505,215,61,52,46
506,215,64,55,49
507,215,64,55,48
508,215,55,46,39
509,215,48,39,32
510,215,52,43,36
511,215,68,59,50
512,215,88,79,70
513,215,119,110,101
494,216,128,118,116
495,216,93,83,81
496,216,72,61,59
497,216,56,46,43
498,216,43,34,29
499,216,44,35,30
500,216,47,38,33
501,216,50,41,36
502,216,53,44,39
503,216,55,46,41
504,216,58,49,45
505,216,63,54,48
506,216,68,59,52
507,216,73,64,57
508,216,85,76,69
509,216,93,84,76
510,216,108,99,91
511,216,132,123,114
496,217,126,116,114
497,217,101,91,88
498,217,76,67,62
499,217,65,56,51
500,217,60,51,46
501,217,63,54,49
502,217,71,62,56
503,217,82,73,66
504,217,96,87,80
505,217,113,104,97
506,217,128,119,112
