469,62
470,62
471,62
468,63
469,63
470,63
471,63
472,63
467,64
468,64
469,64
470,64
471,64
472,64
467,65
468,65
469,65
470,65
471,65
472,65
466,66
467,66
468,66
469,66
470,66
471,66
465,67
466,67
467,67
468,67
469,67
470,67
465,68
466,68
467,68
468,68
469,68
470,68
464,69
465,69
466,69
467,69
468,69
469,69
463,70
464,70
465,70
466,70
467,70
468,70
463,71
464,71
465,71
466,71
467,71
468,71
462,72
463,72
464,72
465,72
466,72
467,72
461,73
462,73
463,73
464,73
465,73
466,73
460,74
461,74
462,74
463,74
464,74
465,74
466,74
460,75
461,75
462,75
463,75
464,75
465,75
459,76
460,76
461,76
462,76
463,76
464,76
458,77
459,77
460,77
461,77
462,77
463,77
458,78
459,78
460,78
461,78
462,78
463,78
457,79
458,79
459,79
460,79
461,79
462,79
456,80
457,80
458,80
459,80
460,80
461,80
455,81
456,81
457,81
458,81
459,81
460,81
461,81
455,82
456,82
457,82
458,82
459,82
460,82
454,83
455,83
456,83
457,83
458,83
459,83
453,84
454,84
455,84
456,84
457,84
458,84
452,85
453,85
454,85
455,85
456,85
457,85
458,85
452,86
453,86
454,86
455,86
456,86
457,86
451,87
452,87
453,87
454,87
455,87
456,87
450,88
451,88
452,88
453,88
454,88
455,88
456,88
450,89
451,89
452,89
453,89
454,89
455,89
449,90
450,90
451,90
452,90
453,90
454,90
448,91
449,91
450,91
451,91
452,91
453,91
447,92
448,92
449,92
450,92
451,92
452,92
453,92
447,93
448,93
449,93
450,93
451,93
452,93
446,94
447,94
448,94
449,94
450,94
451,94
445,95
446,95
447,95
448,95
449,95
450,95
444,96
445,96
446,96
447,96
448,96
449,96
450,96
444,97
445,97
446,97
447,97
448,97
449,97
443,98
444,98
445,98
446,98
447,98
448,98
442,99
443,99
444,99
445,99
446,99
447,99
441,100
442,100
443,100
444,100
445,100
446,100
447,100
441,101
442,101
443,101
444,101
445,101
446,101
440,102
441,102
442,102
443,102
444,102
445,102
439,103
440,103
441,103
442,103
443,103
444,103
438,104
439,104
440,104
441,104
442,104
443,104
444,104
437,105
438,105
439,105
440,105
441,105
442,105
443,105
437,106
438,106
439,106
440,106
441,106
442,106
436,107
437,107
438,107
439,107
440,107
441,107
435,108
436,108
437,108
438,108
439,108
440,108
434,109
435,109
436,109
437,109
438,109
439,109
440,109
434,110
435,110
436,110
437,110
438,110
439,110
433,111
434,111
435,111
436,111
437,111
438,111
432,112
433,112
434,112
435,112
436,112
437,112
431,113
432,113
433,113
434,113
435,113
436,113
437,113
430,114
431,114
432,114
433,114
434,114
435,114
436,114
430,115
431,115
432,115
433,115
434,115
435,115
429,116
430,116
431,116
432,116
433,116
434,116
428,117
429,117
430,117
431,117
432,117
433,117
427,118
428,118
429,118
430,118
431,118
432,118
433,118
426,119
427,119
428,119
429,119
430,119
431,119
432,119
426,120
427,120
428,120
429,120
430,120
431,120
425,121
426,121
427,121
428,121
429,121
430,121
424,122
425,122
426,122
427,122
428,122
429,122
423,123
424,123
425,123
426,123
427,123
428,123
429,123
422,124
423,124
424,124
425,124
426,124
427,124
428,124
422,125
423,125
424,125
425,125
426,125
427,125
421,126
422,126
423,126
424,126
425,126
426,126
420,127
421,127
422,127
423,127
424,127
425,127
419,128
420,128
421,128
422,128
423,128
424,128
425,128
418,129
419,129
420,129
421,129
422,129
423,129
424,129
417,130
418,130
419,130
420,130
421,130
422,130
423,130
417,131
418,131
419,131
420,131
421,131
422,131
416,132
417,132
418,132
419,132
420,132
421,132
415,133
416,133
417,133
418,133
419,133
420,133
421,133
414,134
415,134
416,134
417,134
418,134
419,134
420,134
413,135
414,135
415,135
416,135
417,135
418,135
419,135
412,136
413,136
414,136
415,136
416,136
417,136
418,136
412,137
413,137
414,137
415,137
416,137
417,137
411,138
412,138
413,138
414,138
415,138
416,138
410,139
411,139
412,139
413,139
414,139
415,139
409,140
410,140
411,140
412,140
413,140
414,140
415,140
408,141
409,141
410,141
411,141
412,141
413,141
414,141
407,142
408,142
409,142
410,142
411,142
412,142
413,142
406,143
407,143
408,143
409,143
410,143
411,143
412,143
405,144
406,144
407,144
408,144
409,144
410,144
411,144
405,145
406,145
407,145
408,145
409,145
410,145
404,146
405,146
406,146
407,146
408,146
409,146
403,147
404,147
405,147
406,147
407,147
408,147
402,148
403,148
404,148
405,148
406,148
407,148
401,149
402,149
403,149
404,149
405,149
406,149
407,149
400,150
401,150
402,150
403,150
404,150
405,150
406,150
220,151
221,151
222,151
223,151
224,151
225,151
226,151
227,151
228,151
229,151
230,151
399,151
400,151
401,151
402,151
403,151
404,151
405,151
216,152
217,152
218,152
219,152
220,152
221,152
222,152
223,152
224,152
225,152
226,152
227,152
228,152
229,152
230,152
231,152
232,152
233,152
234,152
398,152
399,152
400,152
401,152
402,152
403,152
404,152
213,153
214,153
215,153
216,153
217,153
218,153
219,153
220,153
221,153
222,153
223,153
224,153
225,153
226,153
227,153
228,153
229,153
230,153
231,153
232,153
233,153
234,153
235,153
236,153
237,153
397,153
398,153
399,153
400,153
401,153
402,153
403,153
211,154
212,154
213,154
214,154
215,154
216,154
217,154
218,154
219,154
220,154
221,154
222,154
223,154
224,154
225,154
226,154
227,154
228,154
229,154
230,154
231,154
232,154
233,154
234,154
235,154
236,154
237,154
238,154
239,154
396,154
397,154
398,154
399,154
400,154
401,154
402,154
208,155
209,155
210,155
211,155
212,155
213,155
214,155
215,155
216,155
217,155
218,155
219,155
220,155
221,155
222,155
223,155
224,155
225,155
226,155
227,155
228,155
229,155
230,155
231,155
232,155
233,155
234,155
235,155
236,155
237,155
238,155
239,155
240,155
241,155
395,155
396,155
397,155
398,155
399,155
400,155
401,155
206,156
207,156
208,156
209,156
210,156
211,156
212,156
213,156
214,156
215,156
216,156
217,156
218,156
219,156
220,156
231,156
232,156
233,156
234,156
235,156
236,156
237,156
238,156
239,156
240,156
241,156
242,156
243,156
394,156
395,156
396,156
397,156
398,156
399,156
400,156
205,157
206,157
207,157
208,157
209,157
210,157
211,157
212,157
213,157
214,157
215,157
216,157
234,157
235,157
236,157
237,157
238,157
239,157
240,157
241,157
242,157
243,157
244,157
245,157
393,157
394,157
395,157
396,157
397,157
398,157
399,157
203,158
204,158
205,158
206,158
207,158
208,158
209,158
210,158
211,158
212,158
213,158
237,158
238,158
239,158
240,158
241,158
242,158
243,158
244,158
245,158
246,158
392,158
393,158
394,158
395,158
396,158
397,158
398,158
201,159
202,159
203,159
204,159
205,159
206,159
207,159
208,159
209,159
210,159
211,159
239,159
240,159
241,159
242,159
243,159
244,159
245,159
246,159
247,159
248,159
391,159
392,159
393,159
394,159
395,159
396,159
397,159
200,160
201,160
202,160
203,160
204,160
205,160
206,160
207,160
208,160
209,160
241,160
242,160
243,160
244,160
245,160
246,160
247,160
248,160
249,160
390,160
391,160
392,160
393,160
394,160
395,160
396,160
199,161
200,161
201,161
202,161
203,161
204,161
205,161
206,161
207,161
243,161
244,161
245,161
246,161
247,161
248,161
249,161
250,161
389,161
390,161
391,161
392,161
393,161
394,161
395,161
197,162
198,162
199,162
200,162
201,162
202,162
203,162
204,162
205,162
244,162
245,162
246,162
247,162
248,162
249,162
250,162
251,162
388,162
389,162
390,162
391,162
392,162
393,162
394,162
196,163
197,163
198,163
199,163
200,163
201,163
202,163
203,163
246,163
247,163
248,163
249,163
250,163
251,163
252,163
253,163
387,163
388,163
389,163
390,163
391,163
392,163
393,163
195,164
196,164
197,164
198,164
199,164
200,164
201,164
202,164
247,164
248,164
249,164
250,164
251,164
252,164
253,164
254,164
386,164
387,164
388,164
389,164
390,164
391,164
392,164
193,165
194,165
195,165
196,165
197,165
198,165
199,165
200,165
201,165
248,165
249,165
250,165
251,165
252,165
253,165
254,165
255,165
385,165
386,165
387,165
388,165
389,165
390,165
391,165
192,166
193,166
194,166
195,166
196,166
197,166
198,166
199,166
249,166
250,166
251,166
252,166
253,166
254,166
255,166
256,166
384,166
385,166
386,166
387,166
388,166
389,166
390,166
191,167
192,167
193,167
194,167
195,167
196,167
197,167
198,167
250,167
251,167
252,167
253,167
254,167
255,167
256,167
257,167
383,167
384,167
385,167
386,167
387,167
388,167
389,167
190,168
191,168
192,168
193,168
194,168
195,168
196,168
197,168
252,168
253,168
254,168
255,168
256,168
257,168
258,168
382,168
383,168
384,168
385,168
386,168
387,168
388,168
189,169
190,169
191,169
192,169
193,169
194,169
195,169
196,169
253,169
254,169
255,169
256,169
257,169
258,169
259,169
381,169
382,169
383,169
384,169
385,169
386,169
387,169
188,170
189,170
190,170
191,170
192,170
193,170
194,170
254,170
255,170
256,170
257,170
258,170
259,170
260,170
380,170
381,170
382,170
383,170
384,170
385,170
386,170
187,171
188,171
189,171
190,171
191,171
192,171
193,171
255,171
256,171
257,171
258,171
259,171
260,171
261,171
379,171
380,171
381,171
382,171
383,171
384,171
385,171
186,172
187,172
188,172
189,172
190,172
191,172
192,172
256,172
257,172
258,172
259,172
260,172
261,172
262,172
378,172
379,172
380,172
381,172
382,172
383,172
384,172
185,173
186,173
187,173
188,173
189,173
190,173
191,173
257,173
258,173
259,173
260,173
261,173
262,173
263,173
377,173
378,173
379,173
380,173
381,173
382,173
383,173
184,174
185,174
186,174
187,174
188,174
189,174
190,174
258,174
259,174
260,174
261,174
262,174
263,174
264,174
376,174
377,174
378,174
379,174
380,174
381,174
382,174
183,175
184,175
185,175
186,175
187,175
188,175
189,175
259,175
260,175
261,175
262,175
263,175
264,175
265,175
375,175
376,175
377,175
378,175
379,175
380,175
381,175
182,176
183,176
184,176
185,176
186,176
187,176
188,176
260,176
261,176
262,176
263,176
264,176
265,176
266,176
374,176
375,176
376,176
377,176
378,176
379,176
380,176
181,177
182,177
183,177
184,177
185,177
186,177
187,177
261,177
262,177
263,177
264,177
265,177
266,177
267,177
372,177
373,177
374,177
375,177
376,177
377,177
378,177
379,177
180,178
181,178
182,178
183,178
184,178
185,178
186,178
262,178
263,178
264,178
265,178
266,178
267,178
268,178
371,178
372,178
373,178
374,178
375,178
376,178
377,178
378,178
179,179
180,179
181,179
182,179
183,179
184,179
185,179
263,179
264,179
265,179
266,179
267,179
268,179
269,179
370,179
371,179
372,179
373,179
374,179
375,179
376,179
377,179
178,180
179,180
180,180
181,180
182,180
183,180
184,180
264,180
265,180
266,180
267,180
268,180
269,180
270,180
369,180
370,180
371,180
372,180
373,180
374,180
375,180
177,181
178,181
179,181
180,181
181,181
182,181
183,181
265,181
266,181
267,181
268,181
269,181
270,181
271,181
367,181
368,181
369,181
370,181
371,181
372,181
373,181
374,181
176,182
177,182
178,182
179,182
180,182
181,182
182,182
266,182
267,182
268,182
269,182
270,182
271,182
272,182
366,182
367,182
368,182
369,182
370,182
371,182
372,182
373,182
175,183
176,183
177,183
178,183
179,183
180,183
181,183
267,183
268,183
269,183
270,183
271,183
272,183
273,183
365,183
366,183
367,183
368,183
369,183
370,183
371,183
372,183
175,184
176,184
177,184
178,184
179,184
180,184
268,184
269,184
270,184
271,184
272,184
273,184
274,184
364,184
365,184
366,184
367,184
368,184
369,184
370,184
371,184
174,185
175,185
176,185
177,185
178,185
179,185
269,185
270,185
271,185
272,185
273,185
274,185
275,185
362,185
363,185
364,185
365,185
366,185
367,185
368,185
369,185
173,186
174,186
175,186
176,186
177,186
178,186
270,186
271,186
272,186
273,186
274,186
275,186
276,186
361,186
362,186
363,186
364,186
365,186
366,186
367,186
368,186
172,187
173,187
174,187
175,187
176,187
177,187
178,187
271,187
272,187
273,187
274,187
275,187
276,187
277,187
360,187
361,187
362,187
363,187
364,187
365,187
366,187
367,187
171,188
172,188
173,188
174,188
175,188
176,188
177,188
272,188
273,188
274,188
275,188
276,188
277,188
278,188
358,188
359,188
360,188
361,188
362,188
363,188
364,188
365,188
366,188
170,189
171,189
172,189
173,189
174,189
175,189
176,189
273,189
274,189
275,189
276,189
277,189
278,189
279,189
280,189
357,189
358,189
359,189
360,189
361,189
362,189
363,189
364,189
170,190
171,190
172,190
173,190
174,190
175,190
274,190
275,190
276,190
277,190
278,190
279,190
280,190
281,190
355,190
356,190
357,190
358,190
359,190
360,190
361,190
362,190
363,190
169,191
170,191
171,191
172,191
173,191
174,191
275,191
276,191
277,191
278,191
279,191
280,191
281,191
282,191
354,191
355,191
356,191
357,191
358,191
359,191
360,191
361,191
362,191
168,192
169,192
170,192
171,192
172,192
173,192
276,192
277,192
278,192
279,192
280,192
281,192
282,192
283,192
352,192
353,192
354,192
355,192
356,192
357,192
358,192
359,192
360,192
167,193
168,193
169,193
170,193
171,193
172,193
173,193
278,193
279,193
280,193
281,193
282,193
283,193
284,193
351,193
352,193
353,193
354,193
355,193
356,193
357,193
358,193
359,193
166,194
167,194
168,194
169,194
170,194
171,194
172,194
279,194
280,194
281,194
282,194
283,194
284,194
285,194
286,194
349,194
350,194
351,194
352,194
353,194
354,194
355,194
356,194
357,194
166,195
167,195
168,195
169,195
170,195
171,195
280,195
281,195
282,195
283,195
284,195
285,195
286,195
287,195
347,195
348,195
349,195
350,195
351,195
352,195
353,195
354,195
355,195
356,195
165,196
166,196
167,196
168,196
169,196
170,196
281,196
282,196
283,196
284,196
285,196
286,196
287,196
288,196
289,196
345,196
346,196
347,196
348,196
349,196
350,196
351,196
352,196
353,196
354,196
164,197
165,197
166,197
167,197
168,197
169,197
282,197
283,197
284,197
285,197
286,197
287,197
288,197
289,197
290,197
344,197
345,197
346,197
347,197
348,197
349,197
350,197
351,197
352,197
353,197
163,198
164,198
165,198
166,198
167,198
168,198
169,198
284,198
285,198
286,198
287,198
288,198
289,198
290,198
291,198
292,198
342,198
343,198
344,198
345,198
346,198
347,198
348,198
349,198
350,198
351,198
163,199
164,199
165,199
166,199
167,199
168,199
285,199
286,199
287,199
288,199
289,199
290,199
291,199
292,199
293,199
339,199
340,199
341,199
342,199
343,199
344,199
345,199
346,199
347,199
348,199
349,199
162,200
163,200
164,200
165,200
166,200
167,200
287,200
288,200
289,200
290,200
291,200
292,200
293,200
294,200
295,200
337,200
338,200
339,200
340,200
341,200
342,200
343,200
344,200
345,200
346,200
347,200
348,200
161,201
162,201
163,201
164,201
165,201
166,201
288,201
289,201
290,201
291,201
292,201
293,201
294,201
295,201
296,201
297,201
335,201
336,201
337,201
338,201
339,201
340,201
341,201
342,201
343,201
344,201
345,201
346,201
160,202
161,202
162,202
163,202
164,202
165,202
166,202
290,202
291,202
292,202
293,202
294,202
295,202
296,202
297,202
298,202
299,202
300,202
332,202
333,202
334,202
335,202
336,202
337,202
338,202
339,202
340,202
341,202
342,202
343,202
344,202
160,203
161,203
162,203
163,203
164,203
165,203
291,203
292,203
293,203
294,203
295,203
296,203
297,203
298,203
299,203
300,203
301,203
302,203
303,203
328,203
329,203
330,203
331,203
332,203
333,203
334,203
335,203
336,203
337,203
338,203
339,203
340,203
341,203
342,203
159,204
160,204
161,204
162,204
163,204
164,204
293,204
294,204
295,204
296,204
297,204
298,204
299,204
300,204
301,204
302,204
303,204
304,204
305,204
306,204
307,204
324,204
325,204
326,204
327,204
328,204
329,204
330,204
331,204
332,204
333,204
334,204
335,204
336,204
337,204
338,204
339,204
158,205
159,205
160,205
161,205
162,205
163,205
295,205
296,205
297,205
298,205
299,205
300,205
301,205
302,205
303,205
304,205
305,205
306,205
307,205
308,205
309,205
310,205
311,205
312,205
313,205
314,205
315,205
316,205
317,205
318,205
319,205
320,205
321,205
322,205
323,205
324,205
325,205
326,205
327,205
328,205
329,205
330,205
331,205
332,205
333,205
334,205
335,205
336,205
337,205
157,206
158,206
159,206
160,206
161,206
162,206
163,206
297,206
298,206
299,206
300,206
301,206
302,206
303,206
304,206
305,206
306,206
307,206
308,206
309,206
310,206
311,206
312,206
313,206
314,206
315,206
316,206
317,206
318,206
319,206
320,206
321,206
322,206
323,206
324,206
325,206
326,206
327,206
328,206
329,206
330,206
331,206
332,206
333,206
334,206
157,207
158,207
159,207
160,207
161,207
162,207
300,207
301,207
302,207
303,207
304,207
305,207
306,207
307,207
308,207
309,207
310,207
311,207
312,207
313,207
314,207
315,207
316,207
317,207
318,207
319,207
320,207
321,207
322,207
323,207
324,207
325,207
326,207
327,207
328,207
329,207
330,207
331,207
156,208
157,208
158,208
159,208
160,208
161,208
303,208
304,208
305,208
306,208
307,208
308,208
309,208
310,208
311,208
312,208
313,208
314,208
315,208
316,208
317,208
318,208
319,208
320,208
321,208
322,208
323,208
324,208
325,208
326,208
327,208
328,208
155,209
156,209
157,209
158,209
159,209
160,209
308,209
309,209
310,209
311,209
312,209
313,209
314,209
315,209
316,209
317,209
318,209
319,209
320,209
321,209
322,209
323,209
155,210
156,210
157,210
158,210
159,210
160,210
154,211
155,211
156,211
157,211
158,211
159,211
153,212
154,212
155,212
156,212
157,212
158,212
152,213
153,213
154,213
155,213
156,213
157,213
158,213
152,214
153,214
154,214
155,214
156,214
157,214
151,215
152,215
153,215
154,215
155,215
156,215
150,216
151,216
152,216
153,216
154,216
155,216
150,217
151,217
152,217
153,217
154,217
155,217
149,218
150,218
151,218
152,218
153,218
154,218
148,219
149,219
150,219
151,219
152,219
153,219
148,220
149,220
150,220
151,220
152,220
153,220
147,221
148,221
149,221
150,221
151,221
152,221
146,222
147,222
148,222
149,222
150,222
151,222
146,223
147,223
148,223
149,223
150,223
151,223
145,224
146,224
147,224
148,224
149,224
150,224
144,225
145,225
146,225
147,225
148,225
149,225
144,226
145,226
146,226
147,226
148,226
149,226
143,227
144,227
145,227
146,227
147,227
148,227
142,228
143,228
144,228
145,228
146,228
147,228
142,229
143,229
144,229
145,229
146,229
147,229
141,230
142,230
143,230
144,230
145,230
146,230
140,231
141,231
142,231
143,231
144,231
145,231
140,232
141,232
142,232
143,232
144,232
145,232
139,233
140,233
141,233
142,233
143,233
144,233
138,234
139,234
140,234
141,234
142,234
143,234
138,235
139,235
140,235
141,235
142,235
143,235
137,236
138,236
139,236
140,236
141,236
142,236
137,237
138,237
139,237
140,237
141,237
136,238
137,238
138,238
139,238
140,238
141,238
135,239
136,239
137,239
138,239
139,239
140,239
135,240
136,240
137,240
138,240
139,240
140,240
134,241
135,241
136,241
137,241
138,241
139,241
133,242
134,242
135,242
136,242
137,242
138,242
133,243
134,243
135,243
136,243
137,243
138,243
132,244
133,244
134,244
135,244
136,244
137,244
132,245
133,245
134,245
135,245
136,245
131,246
132,246
133,246
134,246
135,246
136,246
130,247
131,247
132,247
133,247
134,247
135,247
130,248
131,248
132,248
133,248
134,248
135,248
129,249
130,249
131,249
132,249
133,249
134,249
128,250
129,250
130,250
131,250
132,250
133,250
128,251
129,251
130,251
131,251
132,251
133,251
127,252
128,252
129,252
130,252
131,252
132,252
127,253
128,253
129,253
130,253
131,253
132,253
126,254
127,254
128,254
129,254
130,254
131,254
125,255
126,255
127,255
128,255
129,255
130,255
125,256
126,256
127,256
128,256
129,256
130,256
124,257
125,257
126,257
127,257
128,257
129,257
124,258
125,258
126,258
127,258
128,258
129,258
123,259
124,259
125,259
126,259
127,259
128,259
122,260
123,260
124,260
125,260
126,260
127,260
122,261
123,261
124,261
125,261
126,261
127,261
121,262
122,262
123,262
124,262
125,262
126,262
121,263
122,263
123,263
124,263
125,263
126,263
120,264
121,264
122,264
123,264
124,264
125,264
120,265
121,265
122,265
123,265
124,265
119,266
120,266
121,266
122,266
123,266
124,266
118,267
119,267
120,267
121,267
122,267
123,267
118,268
119,268
120,268
121,268
122,268
123,268
117,269
118,269
119,269
120,269
121,269
122,269
117,270
118,270
119,270
120,270
121,270
116,271
117,271
118,271
119,271
120,271
121,271
115,272
116,272
117,272
118,272
119,272
120,272
115,273
116,273
117,273
118,273
119,273
120,273
114,274
115,274
116,274
117,274
118,274
119,274
114,275
115,275
116,275
117,275
118,275
119,275
113,276
114,276
115,276
116,276
117,276
118,276
113,277
114,277
115,277
116,277
117,277
112,278
113,278
114,278
115,278
116,278
117,278
111,279
112,279
113,279
114,279
115,279
116,279
111,280
112,280
113,280
114,280
115,280
116,280
110,281
111,281
112,281
113,281
114,281
115,281
110,282
111,282
112,282
113,282
114,282
109,283
110,283
111,283
112,283
113,283
114,283
109,284
110,284
111,284
112,284
113,284
108,285
109,285
110,285
111,285
112,285
113,285
107,286
108,286
109,286
110,286
111,286
112,286
107,287
108,287
109,287
110,287
111,287
112,287
106,288
107,288
108,288
109,288
110,288
111,288
106,289
107,289
108,289
109,289
110,289
105,290
106,290
107,290
108,290
109,290
110,290
105,291
106,291
107,291
108,291
109,291
104,292
105,292
106,292
107,292
108,292
109,292
104,293
105,293
106,293
107,293
108,293
103,294
104,294
105,294
106,294
107,294
108,294
102,295
103,295
104,295
105,295
106,295
107,295
102,296
103,296
104,296
105,296
106,296
107,296
101,297
102,297
103,297
104,297
105,297
106,297
101,298
102,298
103,298
104,298
105,298
100,299
101,299
102,299
103,299
104,299
105,299
100,300
101,300
102,300
103,300
104,300
99,301
100,301
101,301
102,301
103,301
104,301
99,302
100,302
101,302
102,302
103,302
98,303
99,303
100,303
101,303
102,303
103,303
97,304
98,304
99,304
100,304
101,304
102,304
97,305
98,305
99,305
100,305
101,305
102,305
96,306
97,306
98,306
99,306
100,306
101,306
96,307
97,307
98,307
99,307
100,307
95,308
96,308
97,308
98,308
99,308
100,308
95,309
96,309
97,309
98,309
99,309
94,310
95,310
96,310
97,310
98,310
99,310
94,311
95,311
96,311
97,311
98,311
93,312
94,312
95,312
96,312
97,312
98,312
93,313
94,313
95,313
96,313
97,313
92,314
93,314
94,314
95,314
96,314
97,314
91,315
92,315
93,315
94,315
95,315
96,315
91,316
92,316
93,316
94,316
95,316
96,316
90,317
91,317
92,317
93,317
94,317
95,317
90,318
91,318
92,318
93,318
94,318
95,318
89,319
90,319
91,319
92,319
93,319
94,319
89,320
90,320
91,320
92,320
93,320
94,320
88,321
89,321
90,321
91,321
92,321
93,321
88,322
89,322
90,322
91,322
92,322
87,323
88,323
89,323
90,323
91,323
92,323
87,324
88,324
89,324
90,324
91,324
86,325
87,325
88,325
89,325
90,325
91,325
86,326
87,326
88,326
89,326
90,326
85,327
86,327
87,327
88,327
89,327
90,327
85,328
86,328
87,328
88,328
89,328
84,329
85,329
86,329
87,329
88,329
89,329
84,330
85,330
86,330
87,330
88,330
83,331
84,331
85,331
86,331
87,331
88,331
82,332
83,332
84,332
85,332
86,332
87,332
82,333
83,333
84,333
85,333
86,333
87,333
81,334
82,334
83,334
84,334
85,334
86,334
81,335
82,335
83,335
84,335
85,335
86,335
80,336
81,336
82,336
83,336
84,336
85,336
80,337
81,337
82,337
83,337
84,337
85,337
79,338
80,338
81,338
82,338
83,338
84,338
79,339
80,339
81,339
82,339
83,339
78,340
79,340
80,340
81,340
82,340
83,340
78,341
79,341
80,341
81,341
82,341
77,342
78,342
79,342
80,342
81,342
82,342
77,343
78,343
79,343
80,343
81,343
76,344
77,344
78,344
79,344
80,344
81,344
76,345
77,345
78,345
79,345
80,345
75,346
76,346
77,346
78,346
79,346
80,346
75,347
76,347
77,347
78,347
79,347
74,348
75,348
76,348
77,348
78,348
79,348
74,349
75,349
76,349
77,349
78,349
73,350
74,350
75,350
76,350
77,350
78,350
73,351
74,351
75,351
76,351
77,351
72,352
73,352
74,352
75,352
76,352
77,352
72,353
73,353
74,353
75,353
76,353
71,354
72,354
73,354
74,354
75,354
76,354
71,355
72,355
73,355
74,355
75,355
70,356
71,356
72,356
73,356
74,356
75,356
69,357
70,357
71,357
72,357
73,357
74,357
69,358
70,358
71,358
72,358
73,358
74,358
68,359
69,359
70,359
71,359
72,359
73,359
68,360
69,360
70,360
71,360
72,360
73,360
67,361
68,361
69,361
70,361
71,361
72,361
67,362
68,362
69,362
70,362
71,362
72,362
66,363
67,363
68,363
69,363
70,363
71,363
66,364
67,364
68,364
69,364
70,364
71,364
65,365
66,365
67,365
68,365
69,365
70,365
65,366
66,366
67,366
68,366
69,366
70,366
64,367
65,367
66,367
67,367
68,367
69,367
64,368
65,368
66,368
67,368
68,368
69,368
63,369
64,369
65,369
66,369
67,369
68,369
63,370
64,370
65,370
66,370
67,370
62,371
63,371
64,371
65,371
66,371
67,371
62,372
63,372
64,372
65,372
66,372
61,373
62,373
63,373
64,373
65,373
66,373
61,374
62,374
63,374
64,374
65,374
60,375
61,375
62,375
63,375
64,375
65,375
60,376
61,376
62,376
63,376
64,376
59,377
60,377
61,377
62,377
63,377
64,377
59,378
60,378
61,378
62,378
63,378
58,379
59,379
60,379
61,379
62,379
63,379
58,380
59,380
60,380
61,380
62,380
57,381
58,381
59,381
60,381
61,381
62,381
57,382
58,382
59,382
60,382
61,382
56,383
57,383
58,383
59,383
60,383
61,383
56,384
57,384
58,384
59,384
60,384
55,385
56,385
57,385
58,385
59,385
60,385
55,386
56,386
57,386
58,386
59,386
54,387
55,387
56,387
57,387
58,387
59,387
54,388
55,388
56,388
57,388
58,388
53,389
54,389
55,389
56,389
57,389
58,389
53,390
54,390
55,390
56,390
57,390
52,391
53,391
54,391
55,391
56,391
57,391
52,392
53,392
54,392
55,392
56,392
51,393
52,393
53,393
54,393
55,393
56,393
51,394
52,394
53,394
54,394
55,394
50,395
51,395
52,395
53,395
54,395
55,395
50,396
51,396
52,396
53,396
54,396
49,397
50,397
51,397
52,397
53,397
54,397
49,398
50,398
51,398
52,398
53,398
48,399
49,399
50,399
51,399
52,399
53,399
48,400
49,400
50,400
51,400
52,400
47,401
48,401
49,401
50,401
51,401
52,401
47,402
48,402
49,402
50,402
51,402
46,403
47,403
48,403
49,403
50,403
51,403
46,404
47,404
48,404
49,404
50,404
45,405
46,405
47,405
48,405
49,405
50,405
45,406
46,406
47,406
48,406
49,406
44,407
45,407
46,407
47,407
48,407
49,407
44,408
45,408
46,408
47,408
48,408
43,409
44,409
45,409
46,409
47,409
48,409
43,410
44,410
45,410
46,410
47,410
42,411
43,411
44,411
45,411
46,411
47,411
42,412
43,412
44,412
45,412
46,412
47,412
42,413
43,413
44,413
45,413
46,413
41,414
42,414
43,414
44,414
45,414
46,414
41,415
42,415
43,415
44,415
45,415
40,416
41,416
42,416
43,416
44,416
45,416
40,417
41,417
42,417
43,417
44,417
39,418
40,418
41,418
42,418
43,418
44,418
39,419
40,419
41,419
42,419
43,419
38,420
39,420
40,420
41,420
42,420
43,420
38,421
39,421
40,421
41,421
42,421
37,422
38,422
39,422
40,422
41,422
42,422
37,423
38,423
39,423
40,423
41,423
36,424
37,424
38,424
39,424
40,424
41,424
36,425
37,425
38,425
39,425
40,425
35,426
36,426
37,426
38,426
39,426
40,426
35,427
36,427
37,427
38,427
39,427
34,428
35,428
36,428
37,428
38,428
39,428
34,429
35,429
36,429
37,429
38,429
33,430
34,430
35,430
36,430
37,430
38,430
33,431
34,431
35,431
36,431
37,431
32,432
33,432
34,432
35,432
36,432
37,432
32,433
33,433
34,433
35,433
36,433
31,434
32,434
33,434
34,434
35,434
36,434
31,435
32,435
33,435
34,435
35,435
30,436
31,436
32,436
33,436
34,436
35,436
30,437
31,437
32,437
33,437
34,437
29,438
30,438
31,438
32,438
33,438
34,438
29,439
30,439
31,439
32,439
33,439
28,440
29,440
30,440
31,440
32,440
33,440
28,441
29,441
30,441
31,441
32,441
27,442
28,442
29,442
30,442
31,442
32,442
27,443
28,443
29,443
30,443
31,443
32,443
26,444
27,444
28,444
29,444
30,444
31,444
26,445
27,445
28,445
29,445
30,445
31,445
25,446
26,446
27,446
28,446
29,446
30,446
25,447
26,447
27,447
28,447
29,447
30,447
25,448
26,448
27,448
28,448
29,448
24,449
25,449
26,449
27,449
28,449
29,449
24,450
25,450
26,450
27,450
28,450
23,451
24,451
25,451
26,451
27,451
28,451
23,452
24,452
25,452
26,452
27,452
22,453
23,453
24,453
25,453
26,453
27,453
22,454
23,454
24,454
25,454
26,454
21,455
22,455
23,455
24,455
25,455
26,455
21,456
22,456
23,456
24,456
25,456
20,457
21,457
22,457
23,457
24,457
25,457
20,458
21,458
22,458
23,458
24,458
20,459
21,459
22,459
23,459
24,459
21,460
22,460
23,460
