310,48
311,48
312,48
313,48
314,48
315,48
316,48
317,48
318,48
319,48
320,48
321,48
322,48
323,48
324,48
325,48
326,48
327,48
328,48
329,48
330,48
331,48
332,48
333,48
334,48
335,48
336,48
337,48
338,48
339,48
340,48
341,48
342,48
343,48
344,48
345,48
309,49
310,49
311,49
312,49
313,49
314,49
315,49
316,49
317,49
318,49
319,49
320,49
321,49
322,49
323,49
324,49
325,49
326,49
327,49
328,49
329,49
330,49
331,49
332,49
333,49
334,49
335,49
336,49
337,49
338,49
339,49
340,49
341,49
342,49
343,49
344,49
345,49
346,49
309,50
310,50
311,50
312,50
313,50
314,50
315,50
316,50
317,50
318,50
319,50
320,50
321,50
322,50
323,50
324,50
325,50
326,50
327,50
328,50
329,50
330,50
331,50
332,50
333,50
334,50
335,50
336,50
337,50
338,50
339,50
340,50
341,50
342,50
343,50
344,50
345,50
346,50
309,51
310,51
311,51
312,51
313,51
314,51
315,51
316,51
317,51
318,51
319,51
320,51
321,51
322,51
323,51
324,51
325,51
326,51
327,51
328,51
329,51
330,51
331,51
332,51
333,51
334,51
335,51
336,51
337,51
338,51
339,51
340,51
341,51
342,51
343,51
344,51
345,51
346,51
309,52
310,52
311,52
312,52
313,52
314,52
315,52
316,52
317,52
318,52
319,52
320,52
321,52
322,52
323,52
324,52
325,52
326,52
327,52
328,52
329,52
330,52
331,52
332,52
333,52
334,52
335,52
336,52
337,52
338,52
339,52
340,52
341,52
342,52
343,52
344,52
345,52
346,52
309,53
310,53
311,53
312,53
313,53
314,53
315,53
316,53
317,53
318,53
319,53
320,53
321,53
322,53
323,53
324,53
325,53
326,53
327,53
328,53
329,53
330,53
331,53
332,53
333,53
334,53
335,53
336,53
337,53
338,53
339,53
340,53
341,53
342,53
343,53
344,53
345,53
346,53
309,54
310,54
311,54
312,54
313,54
314,54
315,54
316,54
317,54
318,54
319,54
320,54
321,54
322,54
323,54
324,54
325,54
326,54
327,54
328,54
329,54
330,54
331,54
332,54
333,54
334,54
335,54
336,54
337,54
338,54
339,54
340,54
341,54
342,54
343,54
344,54
345,54
346,54
309,55
310,55
311,55
312,55
313,55
314,55
315,55
316,55
317,55
318,55
319,55
320,55
321,55
322,55
323,55
324,55
325,55
326,55
327,55
328,55
329,55
330,55
331,55
332,55
333,55
334,55
335,55
336,55
337,55
338,55
339,55
340,55
341,55
342,55
343,55
344,55
345,55
346,55
309,56
310,56
311,56
312,56
313,56
314,56
315,56
316,56
317,56
318,56
319,56
320,56
321,56
322,56
323,56
324,56
325,56
326,56
327,56
328,56
329,56
330,56
331,56
332,56
333,56
334,56
335,56
336,56
337,56
338,56
339,56
340,56
341,56
342,56
343,56
344,56
345,56
346,56
309,57
310,57
311,57
312,57
313,57
314,57
315,57
316,57
317,57
318,57
319,57
320,57
321,57
322,57
323,57
324,57
325,57
326,57
327,57
328,57
329,57
330,57
331,57
332,57
333,57
334,57
335,57
336,57
337,57
338,57
339,57
340,57
341,57
342,57
343,57
344,57
345,57
346,57
309,58
310,58
311,58
312,58
313,58
314,58
315,58
316,58
317,58
318,58
319,58
320,58
321,58
322,58
323,58
324,58
325,58
326,58
327,58
328,58
329,58
330,58
331,58
332,58
333,58
334,58
335,58
336,58
337,58
338,58
339,58
340,58
341,58
342,58
343,58
344,58
345,58
346,58
309,59
310,59
311,59
312,59
313,59
314,59
315,59
316,59
317,59
318,59
319,59
320,59
321,59
322,59
323,59
324,59
325,59
326,59
327,59
328,59
329,59
330,59
331,59
332,59
333,59
334,59
335,59
336,59
337,59
338,59
339,59
340,59
341,59
342,59
343,59
344,59
345,59
346,59
309,60
310,60
311,60
312,60
313,60
314,60
315,60
316,60
317,60
318,60
319,60
320,60
321,60
322,60
323,60
324,60
325,60
326,60
327,60
328,60
329,60
330,60
331,60
332,60
333,60
334,60
335,60
336,60
337,60
338,60
339,60
340,60
341,60
342,60
343,60
344,60
345,60
346,60
309,61
310,61
311,61
312,61
313,61
314,61
315,61
316,61
317,61
318,61
319,61
320,61
321,61
322,61
323,61
324,61
325,61
326,61
327,61
328,61
329,61
330,61
331,61
332,61
333,61
334,61
335,61
336,61
337,61
338,61
339,61
340,61
341,61
342,61
343,61
344,61
345,61
346,61
309,62
310,62
311,62
312,62
313,62
314,62
315,62
316,62
317,62
318,62
319,62
320,62
321,62
322,62
323,62
324,62
325,62
326,62
327,62
328,62
329,62
330,62
331,62
332,62
333,62
334,62
335,62
336,62
337,62
338,62
339,62
340,62
341,62
342,62
343,62
344,62
345,62
346,62
309,63
310,63
311,63
312,63
313,63
314,63
315,63
316,63
317,63
318,63
319,63
320,63
321,63
322,63
323,63
324,63
325,63
326,63
327,63
328,63
329,63
330,63
331,63
332,63
333,63
334,63
335,63
336,63
337,63
338,63
339,63
340,63
341,63
342,63
343,63
344,63
345,63
346,63
309,64
310,64
311,64
312,64
313,64
314,64
315,64
316,64
317,64
318,64
319,64
320,64
321,64
322,64
323,64
324,64
325,64
326,64
327,64
328,64
329,64
330,64
331,64
332,64
333,64
334,64
335,64
336,64
337,64
338,64
339,64
340,64
341,64
342,64
343,64
344,64
345,64
346,64
309,65
310,65
311,65
312,65
313,65
314,65
315,65
316,65
317,65
318,65
319,65
320,65
321,65
322,65
323,65
324,65
325,65
326,65
327,65
328,65
329,65
330,65
331,65
332,65
333,65
334,65
335,65
336,65
337,65
338,65
339,65
340,65
341,65
342,65
343,65
344,65
345,65
346,65
309,66
310,66
311,66
312,66
313,66
314,66
315,66
316,66
317,66
318,66
319,66
320,66
321,66
322,66
323,66
324,66
325,66
326,66
327,66
328,66
329,66
330,66
331,66
332,66
333,66
334,66
335,66
336,66
337,66
338,66
339,66
340,66
341,66
342,66
343,66
344,66
345,66
346,66
309,67
310,67
311,67
312,67
313,67
314,67
315,67
316,67
317,67
318,67
319,67
320,67
321,67
322,67
323,67
324,67
325,67
326,67
327,67
328,67
329,67
330,67
331,67
332,67
333,67
334,67
335,67
336,67
337,67
338,67
339,67
340,67
341,67
342,67
343,67
344,67
345,67
346,67
309,68
310,68
311,68
312,68
313,68
314,68
315,68
316,68
317,68
318,68
319,68
320,68
321,68
322,68
323,68
324,68
325,68
326,68
327,68
328,68
329,68
330,68
331,68
332,68
333,68
334,68
335,68
336,68
337,68
338,68
339,68
340,68
341,68
342,68
343,68
344,68
345,68
346,68
309,69
310,69
311,69
312,69
313,69
314,69
315,69
316,69
317,69
318,69
319,69
320,69
321,69
322,69
323,69
324,69
325,69
326,69
327,69
328,69
329,69
330,69
331,69
332,69
333,69
334,69
335,69
336,69
337,69
338,69
339,69
340,69
341,69
342,69
343,69
344,69
345,69
346,69
309,70
310,70
311,70
312,70
313,70
314,70
315,70
316,70
317,70
318,70
319,70
320,70
321,70
322,70
323,70
324,70
325,70
326,70
327,70
328,70
329,70
330,70
331,70
332,70
333,70
334,70
335,70
336,70
337,70
338,70
339,70
340,70
341,70
342,70
343,70
344,70
345,70
346,70
309,71
310,71
311,71
312,71
313,71
314,71
315,71
316,71
317,71
318,71
319,71
320,71
321,71
322,71
323,71
324,71
325,71
326,71
327,71
328,71
329,71
330,71
331,71
332,71
333,71
334,71
335,71
336,71
337,71
338,71
339,71
340,71
341,71
342,71
343,71
344,71
345,71
346,71
309,72
310,72
311,72
312,72
313,72
314,72
315,72
316,72
317,72
318,72
319,72
320,72
321,72
322,72
323,72
324,72
325,72
326,72
327,72
328,72
329,72
330,72
331,72
332,72
333,72
334,72
335,72
336,72
337,72
338,72
339,72
340,72
341,72
342,72
343,72
344,72
345,72
346,72
309,73
310,73
311,73
312,73
313,73
314,73
315,73
316,73
317,73
318,73
319,73
320,73
321,73
322,73
323,73
324,73
325,73
326,73
327,73
328,73
329,73
330,73
331,73
332,73
333,73
334,73
335,73
336,73
337,73
338,73
339,73
340,73
341,73
342,73
343,73
344,73
345,73
346,73
309,74
310,74
311,74
312,74
313,74
314,74
315,74
316,74
317,74
318,74
319,74
320,74
321,74
322,74
323,74
324,74
325,74
326,74
327,74
328,74
329,74
330,74
331,74
332,74
333,74
334,74
335,74
336,74
337,74
338,74
339,74
340,74
341,74
342,74
343,74
344,74
345,74
346,74
309,75
310,75
311,75
312,75
313,75
314,75
315,75
316,75
317,75
318,75
319,75
320,75
321,75
322,75
323,75
324,75
325,75
326,75
327,75
328,75
329,75
330,75
331,75
332,75
333,75
334,75
335,75
336,75
337,75
338,75
339,75
340,75
341,75
342,75
343,75
344,75
345,75
346,75
309,76
310,76
311,76
312,76
313,76
314,76
315,76
316,76
317,76
318,76
319,76
320,76
321,76
322,76
323,76
324,76
325,76
326,76
327,76
328,76
329,76
330,76
331,76
332,76
333,76
334,76
335,76
336,76
337,76
338,76
339,76
340,76
341,76
342,76
343,76
344,76
345,76
346,76
309,77
310,77
311,77
312,77
313,77
314,77
315,77
316,77
317,77
318,77
319,77
320,77
321,77
322,77
323,77
324,77
325,77
326,77
327,77
328,77
329,77
330,77
331,77
332,77
333,77
334,77
335,77
336,77
337,77
338,77
339,77
340,77
341,77
342,77
343,77
344,77
345,77
346,77
309,78
310,78
311,78
312,78
313,78
314,78
315,78
316,78
317,78
318,78
319,78
320,78
321,78
322,78
323,78
324,78
325,78
326,78
327,78
328,78
329,78
330,78
331,78
332,78
333,78
334,78
335,78
336,78
337,78
338,78
339,78
340,78
341,78
342,78
343,78
344,78
345,78
346,78
309,79
310,79
311,79
312,79
313,79
314,79
315,79
316,79
317,79
318,79
319,79
320,79
321,79
322,79
323,79
324,79
325,79
326,79
327,79
328,79
329,79
330,79
331,79
332,79
333,79
334,79
335,79
336,79
337,79
338,79
339,79
340,79
341,79
342,79
343,79
344,79
345,79
346,79
309,80
310,80
311,80
312,80
313,80
314,80
315,80
316,80
317,80
318,80
319,80
320,80
321,80
322,80
323,80
324,80
325,80
326,80
327,80
328,80
329,80
330,80
331,80
332,80
333,80
334,80
335,80
336,80
337,80
338,80
339,80
340,80
341,80
342,80
343,80
344,80
345,80
346,80
309,81
310,81
311,81
312,81
313,81
314,81
315,81
316,81
317,81
318,81
319,81
320,81
321,81
322,81
323,81
324,81
325,81
326,81
327,81
328,81
329,81
330,81
331,81
332,81
333,81
334,81
335,81
336,81
337,81
338,81
339,81
340,81
341,81
342,81
343,81
344,81
345,81
346,81
309,82
310,82
311,82
312,82
313,82
314,82
315,82
316,82
317,82
318,82
319,82
320,82
321,82
322,82
323,82
324,82
325,82
326,82
327,82
328,82
329,82
330,82
331,82
332,82
333,82
334,82
335,82
336,82
337,82
338,82
339,82
340,82
341,82
342,82
343,82
344,82
345,82
346,82
309,83
310,83
311,83
312,83
313,83
314,83
315,83
316,83
317,83
318,83
319,83
320,83
321,83
322,83
323,83
324,83
325,83
326,83
327,83
328,83
329,83
330,83
331,83
332,83
333,83
334,83
335,83
336,83
337,83
338,83
339,83
340,83
341,83
342,83
343,83
344,83
345,83
346,83
309,84
310,84
311,84
312,84
313,84
314,84
315,84
316,84
317,84
318,84
319,84
320,84
321,84
322,84
323,84
324,84
325,84
326,84
327,84
328,84
329,84
330,84
331,84
332,84
333,84
334,84
335,84
336,84
337,84
338,84
339,84
340,84
341,84
342,84
343,84
344,84
345,84
346,84
294,85
295,85
296,85
297,85
298,85
299,85
300,85
301,85
302,85
303,85
304,85
305,85
306,85
307,85
308,85
309,85
310,85
311,85
312,85
313,85
314,85
315,85
316,85
317,85
318,85
319,85
320,85
321,85
322,85
323,85
324,85
325,85
326,85
327,85
328,85
329,85
330,85
331,85
332,85
333,85
334,85
335,85
336,85
337,85
338,85
339,85
340,85
341,85
342,85
343,85
344,85
345,85
346,85
347,85
348,85
349,85
350,85
351,85
352,85
353,85
354,85
355,85
356,85
357,85
358,85
359,85
360,85
361,85
293,86
294,86
295,86
296,86
297,86
298,86
299,86
300,86
301,86
302,86
303,86
304,86
305,86
306,86
307,86
308,86
309,86
310,86
311,86
312,86
313,86
314,86
315,86
316,86
317,86
318,86
319,86
320,86
321,86
322,86
323,86
324,86
325,86
326,86
327,86
328,86
329,86
330,86
331,86
332,86
333,86
334,86
335,86
336,86
337,86
338,86
339,86
340,86
341,86
342,86
343,86
344,86
345,86
346,86
347,86
348,86
349,86
350,86
351,86
352,86
353,86
354,86
355,86
356,86
357,86
358,86
359,86
360,86
361,86
362,86
292,87
293,87
294,87
295,87
296,87
297,87
298,87
299,87
300,87
301,87
302,87
303,87
304,87
305,87
306,87
307,87
308,87
309,87
310,87
311,87
312,87
313,87
314,87
315,87
316,87
317,87
318,87
319,87
320,87
321,87
322,87
323,87
324,87
325,87
326,87
327,87
328,87
329,87
330,87
331,87
332,87
333,87
334,87
335,87
336,87
337,87
338,87
339,87
340,87
341,87
342,87
343,87
344,87
345,87
346,87
347,87
348,87
349,87
350,87
351,87
352,87
353,87
354,87
355,87
356,87
357,87
358,87
359,87
360,87
361,87
362,87
363,87
292,88
293,88
294,88
295,88
296,88
297,88
298,88
299,88
300,88
301,88
302,88
303,88
304,88
305,88
306,88
307,88
308,88
309,88
310,88
311,88
312,88
313,88
314,88
315,88
316,88
317,88
318,88
319,88
320,88
321,88
322,88
323,88
324,88
325,88
326,88
327,88
328,88
329,88
330,88
331,88
332,88
333,88
334,88
335,88
336,88
337,88
338,88
339,88
340,88
341,88
342,88
343,88
344,88
345,88
346,88
347,88
348,88
349,88
350,88
351,88
352,88
353,88
354,88
355,88
356,88
357,88
358,88
359,88
360,88
361,88
362,88
363,88
293,89
294,89
295,89
296,89
297,89
298,89
299,89
300,89
301,89
302,89
303,89
304,89
305,89
306,89
307,89
308,89
309,89
310,89
311,89
312,89
313,89
314,89
315,89
316,89
317,89
318,89
319,89
320,89
321,89
322,89
323,89
324,89
325,89
326,89
327,89
328,89
329,89
330,89
331,89
332,89
333,89
334,89
335,89
336,89
337,89
338,89
339,89
340,89
341,89
342,89
343,89
344,89
345,89
346,89
347,89
348,89
349,89
350,89
351,89
352,89
353,89
354,89
355,89
356,89
357,89
358,89
359,89
360,89
361,89
362,89
293,90
294,90
295,90
296,90
297,90
298,90
299,90
300,90
301,90
302,90
303,90
304,90
305,90
306,90
307,90
308,90
309,90
310,90
311,90
312,90
313,90
314,90
315,90
316,90
317,90
318,90
319,90
320,90
321,90
322,90
323,90
324,90
325,90
326,90
327,90
328,90
329,90
330,90
331,90
332,90
333,90
334,90
335,90
336,90
337,90
338,90
339,90
340,90
341,90
342,90
343,90
344,90
345,90
346,90
347,90
348,90
349,90
350,90
351,90
352,90
353,90
354,90
355,90
356,90
357,90
358,90
359,90
360,90
361,90
362,90
294,91
295,91
296,91
297,91
298,91
299,91
300,91
301,91
302,91
303,91
304,91
305,91
306,91
307,91
308,91
309,91
310,91
311,91
312,91
313,91
314,91
315,91
316,91
317,91
318,91
319,91
320,91
321,91
322,91
323,91
324,91
325,91
326,91
327,91
328,91
329,91
330,91
331,91
332,91
333,91
334,91
335,91
336,91
337,91
338,91
339,91
340,91
341,91
342,91
343,91
344,91
345,91
346,91
347,91
348,91
349,91
350,91
351,91
352,91
353,91
354,91
355,91
356,91
357,91
358,91
359,91
360,91
361,91
295,92
296,92
297,92
298,92
299,92
300,92
301,92
302,92
303,92
304,92
305,92
306,92
307,92
308,92
309,92
310,92
311,92
312,92
313,92
314,92
315,92
316,92
317,92
318,92
319,92
320,92
321,92
322,92
323,92
324,92
325,92
326,92
327,92
328,92
329,92
330,92
331,92
332,92
333,92
334,92
335,92
336,92
337,92
338,92
339,92
340,92
341,92
342,92
343,92
344,92
345,92
346,92
347,92
348,92
349,92
350,92
351,92
352,92
353,92
354,92
355,92
356,92
357,92
358,92
359,92
360,92
296,93
297,93
298,93
299,93
300,93
301,93
302,93
303,93
304,93
305,93
306,93
307,93
308,93
309,93
310,93
311,93
312,93
313,93
314,93
315,93
316,93
317,93
318,93
319,93
320,93
321,93
322,93
323,93
324,93
325,93
326,93
327,93
328,93
329,93
330,93
331,93
332,93
333,93
334,93
335,93
336,93
337,93
338,93
339,93
340,93
341,93
342,93
343,93
344,93
345,93
346,93
347,93
348,93
349,93
350,93
351,93
352,93
353,93
354,93
355,93
356,93
357,93
358,93
359,93
297,94
298,94
299,94
300,94
301,94
302,94
303,94
304,94
305,94
306,94
307,94
308,94
309,94
310,94
311,94
312,94
313,94
314,94
315,94
316,94
317,94
318,94
319,94
320,94
321,94
322,94
323,94
324,94
325,94
326,94
327,94
328,94
329,94
330,94
331,94
332,94
333,94
334,94
335,94
336,94
337,94
338,94
339,94
340,94
341,94
342,94
343,94
344,94
345,94
346,94
347,94
348,94
349,94
350,94
351,94
352,94
353,94
354,94
355,94
356,94
357,94
358,94
298,95
299,95
300,95
301,95
302,95
303,95
304,95
305,95
306,95
307,95
308,95
309,95
310,95
311,95
312,95
313,95
314,95
315,95
316,95
317,95
318,95
319,95
320,95
321,95
322,95
323,95
324,95
325,95
326,95
327,95
328,95
329,95
330,95
331,95
332,95
333,95
334,95
335,95
336,95
337,95
338,95
339,95
340,95
341,95
342,95
343,95
344,95
345,95
346,95
347,95
348,95
349,95
350,95
351,95
352,95
353,95
354,95
355,95
356,95
357,95
299,96
300,96
301,96
302,96
303,96
304,96
305,96
306,96
307,96
308,96
309,96
310,96
311,96
312,96
313,96
314,96
315,96
316,96
317,96
318,96
319,96
320,96
321,96
322,96
323,96
324,96
325,96
326,96
327,96
328,96
329,96
330,96
331,96
332,96
333,96
334,96
335,96
336,96
337,96
338,96
339,96
340,96
341,96
342,96
343,96
344,96
345,96
346,96
347,96
348,96
349,96
350,96
351,96
352,96
353,96
354,96
355,96
356,96
300,97
301,97
302,97
303,97
304,97
305,97
306,97
307,97
308,97
309,97
310,97
311,97
312,97
313,97
314,97
315,97
316,97
317,97
318,97
319,97
320,97
321,97
322,97
323,97
324,97
325,97
326,97
327,97
328,97
329,97
330,97
331,97
332,97
333,97
334,97
335,97
336,97
337,97
338,97
339,97
340,97
341,97
342,97
343,97
344,97
345,97
346,97
347,97
348,97
349,97
350,97
351,97
352,97
353,97
354,97
355,97
301,98
302,98
303,98
304,98
305,98
306,98
307,98
308,98
309,98
310,98
311,98
312,98
313,98
314,98
315,98
316,98
317,98
318,98
319,98
320,98
321,98
322,98
323,98
324,98
325,98
326,98
327,98
328,98
329,98
330,98
331,98
332,98
333,98
334,98
335,98
336,98
337,98
338,98
339,98
340,98
341,98
342,98
343,98
344,98
345,98
346,98
347,98
348,98
349,98
350,98
351,98
352,98
353,98
354,98
355,98
301,99
302,99
303,99
304,99
305,99
306,99
307,99
308,99
309,99
310,99
311,99
312,99
313,99
314,99
315,99
316,99
317,99
318,99
319,99
320,99
321,99
322,99
323,99
324,99
325,99
326,99
327,99
328,99
329,99
330,99
331,99
332,99
333,99
334,99
335,99
336,99
337,99
338,99
339,99
340,99
341,99
342,99
343,99
344,99
345,99
346,99
347,99
348,99
349,99
350,99
351,99
352,99
353,99
354,99
302,100
303,100
304,100
305,100
306,100
307,100
308,100
309,100
310,100
311,100
312,100
313,100
314,100
315,100
316,100
317,100
318,100
319,100
320,100
321,100
322,100
323,100
324,100
325,100
326,100
327,100
328,100
329,100
330,100
331,100
332,100
333,100
334,100
335,100
336,100
337,100
338,100
339,100
340,100
341,100
342,100
343,100
344,100
345,100
346,100
347,100
348,100
349,100
350,100
351,100
352,100
353,100
303,101
304,101
305,101
306,101
307,101
308,101
309,101
310,101
311,101
312,101
313,101
314,101
315,101
316,101
317,101
318,101
319,101
320,101
321,101
322,101
323,101
324,101
325,101
326,101
327,101
328,101
329,101
330,101
331,101
332,101
333,101
334,101
335,101
336,101
337,101
338,101
339,101
340,101
341,101
342,101
343,101
344,101
345,101
346,101
347,101
348,101
349,101
350,101
351,101
352,101
304,102
305,102
306,102
307,102
308,102
309,102
310,102
311,102
312,102
313,102
314,102
315,102
316,102
317,102
318,102
319,102
320,102
321,102
322,102
323,102
324,102
325,102
326,102
327,102
328,102
329,102
330,102
331,102
332,102
333,102
334,102
335,102
336,102
337,102
338,102
339,102
340,102
341,102
342,102
343,102
344,102
345,102
346,102
347,102
348,102
349,102
350,102
351,102
305,103
306,103
307,103
308,103
309,103
310,103
311,103
312,103
313,103
314,103
315,103
316,103
317,103
318,103
319,103
320,103
321,103
322,103
323,103
324,103
325,103
326,103
327,103
328,103
329,103
330,103
331,103
332,103
333,103
334,103
335,103
336,103
337,103
338,103
339,103
340,103
341,103
342,103
343,103
344,103
345,103
346,103
347,103
348,103
349,103
350,103
306,104
307,104
308,104
309,104
310,104
311,104
312,104
313,104
314,104
315,104
316,104
317,104
318,104
319,104
320,104
321,104
322,104
323,104
324,104
325,104
326,104
327,104
328,104
329,104
330,104
331,104
332,104
333,104
334,104
335,104
336,104
337,104
338,104
339,104
340,104
341,104
342,104
343,104
344,104
345,104
346,104
347,104
348,104
349,104
307,105
308,105
309,105
310,105
311,105
312,105
313,105
314,105
315,105
316,105
317,105
318,105
319,105
320,105
321,105
322,105
323,105
324,105
325,105
326,105
327,105
328,105
329,105
330,105
331,105
332,105
333,105
334,105
335,105
336,105
337,105
338,105
339,105
340,105
341,105
342,105
343,105
344,105
345,105
346,105
347,105
348,105
308,106
309,106
310,106
311,106
312,106
313,106
314,106
315,106
316,106
317,106
318,106
319,106
320,106
321,106
322,106
323,106
324,106
325,106
326,106
327,106
328,106
329,106
330,106
331,106
332,106
333,106
334,106
335,106
336,106
337,106
338,106
339,106
340,106
341,106
342,106
343,106
344,106
345,106
346,106
347,106
309,107
310,107
311,107
312,107
313,107
314,107
315,107
316,107
317,107
318,107
319,107
320,107
321,107
322,107
323,107
324,107
325,107
326,107
327,107
328,107
329,107
330,107
331,107
332,107
333,107
334,107
335,107
336,107
337,107
338,107
339,107
340,107
341,107
342,107
343,107
344,107
345,107
346,107
309,108
310,108
311,108
312,108
313,108
314,108
315,108
316,108
317,108
318,108
319,108
320,108
321,108
322,108
323,108
324,108
325,108
326,108
327,108
328,108
329,108
330,108
331,108
332,108
333,108
334,108
335,108
336,108
337,108
338,108
339,108
340,108
341,108
342,108
343,108
344,108
345,108
346,108
310,109
311,109
312,109
313,109
314,109
315,109
316,109
317,109
318,109
319,109
320,109
321,109
322,109
323,109
324,109
325,109
326,109
327,109
328,109
329,109
330,109
331,109
332,109
333,109
334,109
335,109
336,109
337,109
338,109
339,109
340,109
341,109
342,109
343,109
344,109
345,109
311,110
312,110
313,110
314,110
315,110
316,110
317,110
318,110
319,110
320,110
321,110
322,110
323,110
324,110
325,110
326,110
327,110
328,110
329,110
330,110
331,110
332,110
333,110
334,110
335,110
336,110
337,110
338,110
339,110
340,110
341,110
342,110
343,110
344,110
312,111
313,111
314,111
315,111
316,111
317,111
318,111
319,111
320,111
321,111
322,111
323,111
324,111
325,111
326,111
327,111
328,111
329,111
330,111
331,111
332,111
333,111
334,111
335,111
336,111
337,111
338,111
339,111
340,111
341,111
342,111
343,111
313,112
314,112
315,112
316,112
317,112
318,112
319,112
320,112
321,112
322,112
323,112
324,112
325,112
326,112
327,112
328,112
329,112
330,112
331,112
332,112
333,112
334,112
335,112
336,112
337,112
338,112
339,112
340,112
341,112
342,112
314,113
315,113
316,113
317,113
318,113
319,113
320,113
321,113
322,113
323,113
324,113
325,113
326,113
327,113
328,113
329,113
330,113
331,113
332,113
333,113
334,113
335,113
336,113
337,113
338,113
339,113
340,113
341,113
315,114
316,114
317,114
318,114
319,114
320,114
321,114
322,114
323,114
324,114
325,114
326,114
327,114
328,114
329,114
330,114
331,114
332,114
333,114
334,114
335,114
336,114
337,114
338,114
339,114
340,114
316,115
317,115
318,115
319,115
320,115
321,115
322,115
323,115
324,115
325,115
326,115
327,115
328,115
329,115
330,115
331,115
332,115
333,115
334,115
335,115
336,115
337,115
338,115
339,115
317,116
318,116
319,116
320,116
321,116
322,116
323,116
324,116
325,116
326,116
327,116
328,116
329,116
330,116
331,116
332,116
333,116
334,116
335,116
336,116
337,116
338,116
318,117
319,117
320,117
321,117
322,117
323,117
324,117
325,117
326,117
327,117
328,117
329,117
330,117
331,117
332,117
333,117
334,117
335,117
336,117
337,117
338,117
318,118
319,118
320,118
321,118
322,118
323,118
324,118
325,118
326,118
327,118
328,118
329,118
330,118
331,118
332,118
333,118
334,118
335,118
336,118
337,118
319,119
320,119
321,119
322,119
323,119
324,119
325,119
326,119
327,119
328,119
329,119
330,119
331,119
332,119
333,119
334,119
335,119
336,119
320,120
321,120
322,120
323,120
324,120
325,120
326,120
327,120
328,120
329,120
330,120
331,120
332,120
333,120
334,120
335,120
321,121
322,121
323,121
324,121
325,121
326,121
327,121
328,121
329,121
330,121
331,121
332,121
333,121
334,121
322,122
323,122
324,122
325,122
326,122
327,122
328,122
329,122
330,122
331,122
332,122
333,122
323,123
324,123
325,123
326,123
327,123
328,123
329,123
330,123
331,123
332,123
324,124
325,124
326,124
327,124
328,124
329,124
330,124
331,124
325,125
326,125
327,125
328,125
329,125
330,125
326,126
327,126
328,126
329,126
327,127
328,127
