208,334
209,334
210,334
207,335
208,335
209,335
210,335
211,335
212,335
213,335
207,336
208,336
209,336
210,336
211,336
212,336
213,336
214,336
215,336
206,337
207,337
208,337
209,337
210,337
211,337
212,337
213,337
214,337
215,337
216,337
217,337
218,337
205,338
206,338
207,338
208,338
209,338
210,338
211,338
212,338
213,338
214,338
215,338
216,338
217,338
218,338
219,338
220,338
221,338
205,339
206,339
207,339
208,339
209,339
210,339
211,339
212,339
213,339
214,339
215,339
216,339
217,339
218,339
219,339
220,339
221,339
222,339
223,339
204,340
205,340
206,340
207,340
208,340
209,340
210,340
211,340
212,340
213,340
214,340
215,340
216,340
217,340
218,340
219,340
220,340
221,340
222,340
223,340
224,340
225,340
226,340
204,341
205,341
206,341
207,341
208,341
209,341
210,341
211,341
212,341
213,341
214,341
215,341
216,341
217,341
218,341
219,341
220,341
221,341
222,341
223,341
224,341
225,341
226,341
227,341
228,341
203,342
204,342
205,342
206,342
207,342
208,342
209,342
210,342
211,342
212,342
213,342
214,342
215,342
216,342
217,342
218,342
219,342
220,342
221,342
222,342
223,342
224,342
225,342
226,342
227,342
228,342
229,342
230,342
231,342
202,343
203,343
204,343
205,343
206,343
207,343
208,343
209,343
210,343
211,343
212,343
213,343
214,343
215,343
216,343
217,343
218,343
219,343
220,343
221,343
222,343
223,343
224,343
225,343
226,343
227,343
228,343
229,343
230,343
231,343
232,343
233,343
234,343
202,344
203,344
204,344
205,344
206,344
207,344
208,344
209,344
210,344
211,344
212,344
213,344
214,344
215,344
216,344
217,344
218,344
219,344
220,344
221,344
222,344
223,344
224,344
225,344
226,344
227,344
228,344
229,344
230,344
231,344
232,344
233,344
234,344
235,344
236,344
201,345
202,345
203,345
204,345
205,345
206,345
207,345
208,345
209,345
210,345
211,345
212,345
213,345
214,345
215,345
216,345
217,345
218,345
219,345
220,345
221,345
222,345
223,345
224,345
225,345
226,345
227,345
228,345
229,345
230,345
231,345
232,345
233,345
234,345
235,345
236,345
237,345
238,345
239,345
200,346
201,346
202,346
203,346
204,346
205,346
206,346
207,346
208,346
209,346
210,346
211,346
212,346
213,346
214,346
215,346
216,346
217,346
218,346
219,346
220,346
221,346
222,346
223,346
224,346
225,346
226,346
227,346
228,346
229,346
230,346
231,346
232,346
233,346
234,346
235,346
236,346
237,346
238,346
239,346
240,346
241,346
200,347
201,347
202,347
203,347
204,347
205,347
206,347
207,347
208,347
209,347
210,347
211,347
212,347
213,347
214,347
215,347
216,347
217,347
218,347
219,347
220,347
221,347
222,347
223,347
224,347
225,347
226,347
227,347
228,347
229,347
230,347
231,347
232,347
233,347
234,347
235,347
236,347
237,347
238,347
239,347
240,347
241,347
242,347
243,347
244,347
199,348
200,348
201,348
202,348
203,348
204,348
205,348
206,348
207,348
208,348
209,348
210,348
211,348
212,348
213,348
214,348
215,348
216,348
217,348
218,348
219,348
220,348
221,348
222,348
223,348
224,348
225,348
226,348
227,348
228,348
229,348
230,348
231,348
232,348
233,348
234,348
235,348
236,348
237,348
238,348
239,348
240,348
241,348
242,348
243,348
244,348
245,348
246,348
247,348
199,349
200,349
201,349
202,349
203,349
204,349
205,349
206,349
207,349
208,349
209,349
210,349
211,349
212,349
213,349
214,349
215,349
216,349
217,349
218,349
219,349
220,349
221,349
222,349
223,349
224,349
225,349
226,349
227,349
228,349
229,349
230,349
231,349
232,349
233,349
234,349
235,349
236,349
237,349
238,349
239,349
240,349
241,349
242,349
243,349
244,349
245,349
246,349
247,349
248,349
249,349
198,350
199,350
200,350
201,350
202,350
203,350
204,350
205,350
206,350
207,350
208,350
209,350
210,350
211,350
212,350
213,350
214,350
215,350
216,350
217,350
218,350
219,350
220,350
221,350
222,350
223,350
224,350
225,350
226,350
227,350
228,350
229,350
230,350
231,350
232,350
233,350
234,350
235,350
236,350
237,350
238,350
239,350
240,350
241,350
242,350
243,350
244,350
245,350
246,350
247,350
248,350
249,350
250,350
251,350
252,350
197,351
198,351
199,351
200,351
201,351
202,351
203,351
204,351
205,351
206,351
207,351
208,351
209,351
210,351
211,351
212,351
213,351
214,351
215,351
216,351
217,351
218,351
219,351
220,351
221,351
222,351
223,351
224,351
225,351
226,351
227,351
228,351
229,351
230,351
231,351
232,351
233,351
234,351
235,351
236,351
237,351
238,351
239,351
240,351
241,351
242,351
243,351
244,351
245,351
246,351
247,351
248,351
249,351
250,351
251,351
252,351
253,351
254,351
197,352
198,352
199,352
200,352
201,352
202,352
203,352
204,352
205,352
206,352
207,352
208,352
209,352
210,352
211,352
212,352
213,352
214,352
215,352
216,352
217,352
218,352
219,352
220,352
221,352
222,352
223,352
224,352
225,352
226,352
227,352
228,352
229,352
230,352
231,352
232,352
233,352
234,352
235,352
236,352
237,352
238,352
239,352
240,352
241,352
242,352
243,352
244,352
245,352
246,352
247,352
248,352
249,352
250,352
251,352
252,352
253,352
254,352
255,352
256,352
257,352
196,353
197,353
198,353
199,353
200,353
201,353
202,353
203,353
204,353
205,353
206,353
207,353
208,353
209,353
210,353
211,353
212,353
213,353
214,353
215,353
216,353
217,353
218,353
219,353
220,353
221,353
222,353
223,353
224,353
225,353
226,353
227,353
228,353
229,353
230,353
231,353
232,353
233,353
234,353
235,353
236,353
237,353
238,353
239,353
240,353
241,353
242,353
243,353
244,353
245,353
246,353
247,353
248,353
249,353
250,353
251,353
252,353
253,353
254,353
255,353
256,353
257,353
258,353
259,353
260,353
196,354
197,354
198,354
199,354
200,354
201,354
202,354
203,354
204,354
205,354
206,354
207,354
208,354
209,354
210,354
211,354
212,354
213,354
214,354
215,354
216,354
217,354
218,354
219,354
220,354
221,354
222,354
223,354
224,354
225,354
226,354
227,354
228,354
229,354
230,354
231,354
232,354
233,354
234,354
235,354
236,354
237,354
238,354
239,354
240,354
241,354
242,354
243,354
244,354
245,354
246,354
247,354
248,354
249,354
250,354
251,354
252,354
253,354
254,354
255,354
256,354
257,354
258,354
259,354
260,354
261,354
262,354
195,355
196,355
197,355
198,355
199,355
200,355
201,355
202,355
203,355
204,355
205,355
206,355
207,355
208,355
209,355
210,355
211,355
212,355
213,355
214,355
215,355
216,355
217,355
218,355
219,355
220,355
221,355
222,355
223,355
224,355
225,355
226,355
227,355
228,355
229,355
230,355
231,355
232,355
233,355
234,355
235,355
236,355
237,355
238,355
239,355
240,355
241,355
242,355
243,355
244,355
245,355
246,355
247,355
248,355
249,355
250,355
251,355
252,355
253,355
254,355
255,355
256,355
257,355
258,355
259,355
260,355
261,355
262,355
263,355
194,356
195,356
196,356
197,356
198,356
199,356
200,356
201,356
202,356
203,356
204,356
205,356
206,356
207,356
208,356
209,356
210,356
211,356
212,356
213,356
214,356
215,356
216,356
217,356
218,356
219,356
220,356
221,356
222,356
223,356
224,356
225,356
226,356
227,356
228,356
229,356
230,356
231,356
232,356
233,356
234,356
235,356
236,356
237,356
238,356
239,356
240,356
241,356
242,356
243,356
244,356
245,356
246,356
247,356
248,356
249,356
250,356
251,356
252,356
253,356
254,356
255,356
256,356
257,356
258,356
259,356
260,356
261,356
262,356
263,356
194,357
195,357
196,357
197,357
198,357
199,357
200,357
201,357
202,357
203,357
204,357
205,357
206,357
207,357
208,357
209,357
210,357
211,357
212,357
213,357
214,357
215,357
216,357
217,357
218,357
219,357
220,357
221,357
222,357
223,357
224,357
225,357
226,357
227,357
228,357
229,357
230,357
231,357
232,357
233,357
234,357
235,357
236,357
237,357
238,357
239,357
240,357
241,357
242,357
243,357
244,357
245,357
246,357
247,357
248,357
249,357
250,357
251,357
252,357
253,357
254,357
255,357
256,357
257,357
258,357
259,357
260,357
261,357
262,357
263,357
193,358
194,358
195,358
196,358
197,358
198,358
199,358
200,358
201,358
202,358
203,358
204,358
205,358
206,358
207,358
208,358
209,358
210,358
211,358
212,358
213,358
214,358
215,358
216,358
217,358
218,358
219,358
220,358
221,358
222,358
223,358
224,358
225,358
226,358
227,358
228,358
229,358
230,358
231,358
232,358
233,358
234,358
235,358
236,358
237,358
238,358
239,358
240,358
241,358
242,358
243,358
244,358
245,358
246,358
247,358
248,358
249,358
250,358
251,358
252,358
253,358
254,358
255,358
256,358
257,358
258,358
259,358
260,358
261,358
262,358
263,358
192,359
193,359
194,359
195,359
196,359
197,359
198,359
199,359
200,359
201,359
202,359
203,359
204,359
205,359
206,359
207,359
208,359
209,359
210,359
211,359
212,359
213,359
214,359
215,359
216,359
217,359
218,359
219,359
220,359
221,359
222,359
223,359
224,359
225,359
226,359
227,359
228,359
229,359
230,359
231,359
232,359
233,359
234,359
235,359
236,359
237,359
238,359
239,359
240,359
241,359
242,359
243,359
244,359
245,359
246,359
247,359
248,359
249,359
250,359
251,359
252,359
253,359
254,359
255,359
256,359
257,359
258,359
259,359
260,359
261,359
262,359
263,359
192,360
193,360
194,360
195,360
196,360
197,360
198,360
199,360
200,360
201,360
202,360
203,360
204,360
205,360
206,360
207,360
208,360
209,360
210,360
211,360
212,360
213,360
214,360
215,360
216,360
217,360
218,360
219,360
220,360
221,360
222,360
223,360
224,360
225,360
226,360
227,360
228,360
229,360
230,360
231,360
232,360
233,360
234,360
235,360
236,360
237,360
238,360
239,360
240,360
241,360
242,360
243,360
244,360
245,360
246,360
247,360
248,360
249,360
250,360
251,360
252,360
253,360
254,360
255,360
256,360
257,360
258,360
259,360
260,360
261,360
262,360
263,360
191,361
192,361
193,361
194,361
195,361
196,361
197,361
198,361
199,361
200,361
201,361
202,361
203,361
204,361
205,361
206,361
207,361
208,361
209,361
210,361
211,361
212,361
213,361
214,361
215,361
216,361
217,361
218,361
219,361
220,361
221,361
222,361
223,361
224,361
225,361
226,361
227,361
228,361
229,361
230,361
231,361
232,361
233,361
234,361
235,361
236,361
237,361
238,361
239,361
240,361
241,361
242,361
243,361
244,361
245,361
246,361
247,361
248,361
249,361
250,361
251,361
252,361
253,361
254,361
255,361
256,361
257,361
258,361
259,361
260,361
261,361
262,361
263,361
191,362
192,362
193,362
194,362
195,362
196,362
197,362
198,362
199,362
200,362
201,362
202,362
203,362
204,362
205,362
206,362
207,362
208,362
209,362
210,362
211,362
212,362
213,362
214,362
215,362
216,362
217,362
218,362
219,362
220,362
221,362
222,362
223,362
224,362
225,362
226,362
227,362
228,362
229,362
230,362
231,362
232,362
233,362
234,362
235,362
236,362
237,362
238,362
239,362
240,362
241,362
242,362
243,362
244,362
245,362
246,362
247,362
248,362
249,362
250,362
251,362
252,362
253,362
254,362
255,362
256,362
257,362
258,362
259,362
260,362
261,362
262,362
263,362
190,363
191,363
192,363
193,363
194,363
195,363
196,363
197,363
198,363
199,363
200,363
201,363
202,363
203,363
204,363
205,363
206,363
207,363
208,363
209,363
210,363
211,363
212,363
213,363
214,363
215,363
216,363
217,363
218,363
219,363
220,363
221,363
222,363
223,363
224,363
225,363
226,363
227,363
228,363
229,363
230,363
231,363
232,363
233,363
234,363
235,363
236,363
237,363
238,363
239,363
240,363
241,363
242,363
243,363
244,363
245,363
246,363
247,363
248,363
249,363
250,363
251,363
252,363
253,363
254,363
255,363
256,363
257,363
258,363
259,363
260,363
261,363
262,363
263,363
189,364
190,364
191,364
192,364
193,364
194,364
195,364
196,364
197,364
198,364
199,364
200,364
201,364
202,364
203,364
204,364
205,364
206,364
207,364
208,364
209,364
210,364
211,364
212,364
213,364
214,364
215,364
216,364
217,364
218,364
219,364
220,364
221,364
222,364
223,364
224,364
225,364
226,364
227,364
228,364
229,364
230,364
231,364
232,364
233,364
234,364
235,364
236,364
237,364
238,364
239,364
240,364
241,364
242,364
243,364
244,364
245,364
246,364
247,364
248,364
249,364
250,364
251,364
252,364
253,364
254,364
255,364
256,364
257,364
258,364
259,364
260,364
261,364
262,364
263,364
189,365
190,365
191,365
192,365
193,365
194,365
195,365
196,365
197,365
198,365
199,365
200,365
201,365
202,365
203,365
204,365
205,365
206,365
207,365
208,365
209,365
210,365
211,365
212,365
213,365
214,365
215,365
216,365
217,365
218,365
219,365
220,365
221,365
222,365
223,365
224,365
225,365
226,365
227,365
228,365
229,365
230,365
231,365
232,365
233,365
234,365
235,365
236,365
237,365
238,365
239,365
240,365
241,365
242,365
243,365
244,365
245,365
246,365
247,365
248,365
249,365
250,365
251,365
252,365
253,365
254,365
255,365
256,365
257,365
258,365
259,365
260,365
261,365
262,365
263,365
188,366
189,366
190,366
191,366
192,366
193,366
194,366
195,366
196,366
197,366
198,366
199,366
200,366
201,366
202,366
203,366
204,366
205,366
206,366
207,366
208,366
209,366
210,366
211,366
212,366
213,366
214,366
215,366
216,366
217,366
218,366
219,366
220,366
221,366
222,366
223,366
224,366
225,366
226,366
227,366
228,366
229,366
230,366
231,366
232,366
233,366
234,366
235,366
236,366
237,366
238,366
239,366
240,366
241,366
242,366
243,366
244,366
245,366
246,366
247,366
248,366
249,366
250,366
251,366
252,366
253,366
254,366
255,366
256,366
257,366
258,366
259,366
260,366
261,366
262,366
263,366
188,367
189,367
190,367
191,367
192,367
193,367
194,367
195,367
196,367
197,367
198,367
199,367
200,367
201,367
202,367
203,367
204,367
205,367
206,367
207,367
208,367
209,367
210,367
211,367
212,367
213,367
214,367
215,367
216,367
217,367
218,367
219,367
220,367
221,367
222,367
223,367
224,367
225,367
226,367
227,367
228,367
229,367
230,367
231,367
232,367
233,367
234,367
235,367
236,367
237,367
238,367
239,367
240,367
241,367
242,367
243,367
244,367
245,367
246,367
247,367
248,367
249,367
250,367
251,367
252,367
253,367
254,367
255,367
256,367
257,367
258,367
259,367
260,367
261,367
262,367
263,367
187,368
188,368
189,368
190,368
191,368
192,368
193,368
194,368
195,368
196,368
197,368
198,368
199,368
200,368
201,368
202,368
203,368
204,368
205,368
206,368
207,368
208,368
209,368
210,368
211,368
212,368
213,368
214,368
215,368
216,368
217,368
218,368
219,368
220,368
221,368
222,368
223,368
224,368
225,368
226,368
227,368
228,368
229,368
230,368
231,368
232,368
233,368
234,368
235,368
236,368
237,368
238,368
239,368
240,368
241,368
242,368
243,368
244,368
245,368
246,368
247,368
248,368
249,368
250,368
251,368
252,368
253,368
254,368
255,368
256,368
257,368
258,368
259,368
260,368
261,368
262,368
263,368
186,369
187,369
188,369
189,369
190,369
191,369
192,369
193,369
194,369
195,369
196,369
197,369
198,369
199,369
200,369
201,369
202,369
203,369
204,369
205,369
206,369
207,369
208,369
209,369
210,369
211,369
212,369
213,369
214,369
215,369
216,369
217,369
218,369
219,369
220,369
221,369
222,369
223,369
224,369
225,369
226,369
227,369
228,369
229,369
230,369
231,369
232,369
233,369
234,369
235,369
236,369
237,369
238,369
239,369
240,369
241,369
242,369
243,369
244,369
245,369
246,369
247,369
248,369
249,369
250,369
251,369
252,369
253,369
254,369
255,369
256,369
257,369
258,369
259,369
260,369
261,369
262,369
263,369
186,370
187,370
188,370
189,370
190,370
191,370
192,370
193,370
194,370
195,370
196,370
197,370
198,370
199,370
200,370
201,370
202,370
203,370
204,370
205,370
206,370
207,370
208,370
209,370
210,370
211,370
212,370
213,370
214,370
215,370
216,370
217,370
218,370
219,370
220,370
221,370
222,370
223,370
224,370
225,370
226,370
227,370
228,370
229,370
230,370
231,370
232,370
233,370
234,370
235,370
236,370
237,370
238,370
239,370
240,370
241,370
242,370
243,370
244,370
245,370
246,370
247,370
248,370
249,370
250,370
251,370
252,370
253,370
254,370
255,370
256,370
257,370
258,370
259,370
260,370
261,370
262,370
263,370
185,371
186,371
187,371
188,371
189,371
190,371
191,371
192,371
193,371
194,371
195,371
196,371
197,371
198,371
199,371
200,371
201,371
202,371
203,371
204,371
205,371
206,371
207,371
208,371
209,371
210,371
211,371
212,371
213,371
214,371
215,371
216,371
217,371
218,371
219,371
220,371
221,371
222,371
223,371
224,371
225,371
226,371
227,371
228,371
229,371
230,371
231,371
232,371
233,371
234,371
235,371
236,371
237,371
238,371
239,371
240,371
241,371
242,371
243,371
244,371
245,371
246,371
247,371
248,371
249,371
250,371
251,371
252,371
253,371
254,371
255,371
256,371
257,371
258,371
259,371
260,371
261,371
262,371
263,371
184,372
185,372
186,372
187,372
188,372
189,372
190,372
191,372
192,372
193,372
194,372
195,372
196,372
197,372
198,372
199,372
200,372
201,372
202,372
203,372
204,372
205,372
206,372
207,372
208,372
209,372
210,372
211,372
212,372
213,372
214,372
215,372
216,372
217,372
218,372
219,372
220,372
221,372
222,372
223,372
224,372
225,372
226,372
227,372
228,372
229,372
230,372
231,372
232,372
233,372
234,372
235,372
236,372
237,372
238,372
239,372
240,372
241,372
242,372
243,372
244,372
245,372
246,372
247,372
248,372
249,372
250,372
251,372
252,372
253,372
254,372
255,372
256,372
257,372
258,372
259,372
260,372
261,372
262,372
263,372
184,373
185,373
186,373
187,373
188,373
189,373
190,373
191,373
192,373
193,373
194,373
195,373
196,373
197,373
198,373
199,373
200,373
201,373
202,373
203,373
204,373
205,373
206,373
207,373
208,373
209,373
210,373
211,373
212,373
213,373
214,373
215,373
216,373
217,373
218,373
219,373
220,373
221,373
222,373
223,373
224,373
225,373
226,373
227,373
228,373
229,373
230,373
231,373
232,373
233,373
234,373
235,373
236,373
237,373
238,373
239,373
240,373
241,373
242,373
243,373
244,373
245,373
246,373
247,373
248,373
249,373
250,373
251,373
252,373
253,373
254,373
255,373
256,373
257,373
258,373
259,373
260,373
261,373
262,373
263,373
183,374
184,374
185,374
186,374
187,374
188,374
189,374
190,374
191,374
192,374
193,374
194,374
195,374
196,374
197,374
198,374
199,374
200,374
201,374
202,374
203,374
204,374
205,374
206,374
207,374
208,374
209,374
210,374
211,374
212,374
213,374
214,374
215,374
216,374
217,374
218,374
219,374
220,374
221,374
222,374
223,374
224,374
225,374
226,374
227,374
228,374
229,374
230,374
231,374
232,374
233,374
234,374
235,374
236,374
237,374
238,374
239,374
240,374
241,374
242,374
243,374
244,374
245,374
246,374
247,374
248,374
249,374
250,374
251,374
252,374
253,374
254,374
255,374
256,374
257,374
258,374
259,374
260,374
261,374
262,374
263,374
183,375
184,375
185,375
186,375
187,375
188,375
189,375
190,375
191,375
192,375
193,375
194,375
195,375
196,375
197,375
198,375
199,375
200,375
201,375
202,375
203,375
204,375
205,375
206,375
207,375
208,375
209,375
210,375
211,375
212,375
213,375
214,375
215,375
216,375
217,375
218,375
219,375
220,375
221,375
222,375
223,375
224,375
225,375
226,375
227,375
228,375
229,375
230,375
231,375
232,375
233,375
234,375
235,375
236,375
237,375
238,375
239,375
240,375
241,375
242,375
243,375
244,375
245,375
246,375
247,375
248,375
249,375
250,375
251,375
252,375
253,375
254,375
255,375
256,375
257,375
258,375
259,375
260,375
261,375
262,375
263,375
182,376
183,376
184,376
185,376
186,376
187,376
188,376
189,376
190,376
191,376
192,376
193,376
194,376
195,376
196,376
197,376
198,376
199,376
200,376
201,376
202,376
203,376
204,376
205,376
206,376
207,376
208,376
209,376
210,376
211,376
212,376
213,376
214,376
215,376
216,376
217,376
218,376
219,376
220,376
221,376
222,376
223,376
224,376
225,376
226,376
227,376
228,376
229,376
230,376
231,376
232,376
233,376
234,376
235,376
236,376
237,376
238,376
239,376
240,376
241,376
242,376
243,376
244,376
245,376
246,376
247,376
248,376
249,376
250,376
251,376
252,376
253,376
254,376
255,376
256,376
257,376
258,376
259,376
260,376
261,376
262,376
263,376
181,377
182,377
183,377
184,377
185,377
186,377
187,377
188,377
189,377
190,377
191,377
192,377
193,377
194,377
195,377
196,377
197,377
198,377
199,377
200,377
201,377
202,377
203,377
204,377
205,377
206,377
207,377
208,377
209,377
210,377
211,377
212,377
213,377
214,377
215,377
216,377
217,377
218,377
219,377
220,377
221,377
222,377
223,377
224,377
225,377
226,377
227,377
228,377
229,377
230,377
231,377
232,377
233,377
234,377
235,377
236,377
237,377
238,377
239,377
240,377
241,377
242,377
243,377
244,377
245,377
246,377
247,377
248,377
249,377
250,377
251,377
252,377
253,377
254,377
255,377
256,377
257,377
258,377
259,377
260,377
261,377
262,377
263,377
181,378
182,378
183,378
184,378
185,378
186,378
187,378
188,378
189,378
190,378
191,378
192,378
193,378
194,378
195,378
196,378
197,378
198,378
199,378
200,378
201,378
202,378
203,378
204,378
205,378
206,378
207,378
208,378
209,378
210,378
211,378
212,378
213,378
214,378
215,378
216,378
217,378
218,378
219,378
220,378
221,378
222,378
223,378
224,378
225,378
226,378
227,378
228,378
229,378
230,378
231,378
232,378
233,378
234,378
235,378
236,378
237,378
238,378
239,378
240,378
241,378
242,378
243,378
244,378
245,378
246,378
247,378
248,378
249,378
250,378
251,378
252,378
253,378
254,378
255,378
256,378
257,378
258,378
259,378
260,378
261,378
262,378
263,378
180,379
181,379
182,379
183,379
184,379
185,379
186,379
187,379
188,379
189,379
190,379
191,379
192,379
193,379
194,379
195,379
196,379
197,379
198,379
199,379
200,379
201,379
202,379
203,379
204,379
205,379
206,379
207,379
208,379
209,379
210,379
211,379
212,379
213,379
214,379
215,379
216,379
217,379
218,379
219,379
220,379
221,379
222,379
223,379
224,379
225,379
226,379
227,379
228,379
229,379
230,379
231,379
232,379
233,379
234,379
235,379
236,379
237,379
238,379
239,379
240,379
241,379
242,379
243,379
244,379
245,379
246,379
247,379
248,379
249,379
250,379
251,379
252,379
253,379
254,379
255,379
256,379
257,379
258,379
259,379
260,379
261,379
262,379
263,379
180,380
181,380
182,380
183,380
184,380
185,380
186,380
187,380
188,380
189,380
190,380
191,380
192,380
193,380
194,380
195,380
196,380
197,380
198,380
199,380
200,380
201,380
202,380
203,380
204,380
205,380
206,380
207,380
208,380
209,380
210,380
211,380
212,380
213,380
214,380
215,380
216,380
217,380
218,380
219,380
220,380
221,380
222,380
223,380
224,380
225,380
226,380
227,380
228,380
229,380
230,380
231,380
232,380
233,380
234,380
235,380
236,380
237,380
238,380
239,380
240,380
241,380
242,380
243,380
244,380
245,380
246,380
247,380
248,380
249,380
250,380
251,380
252,380
253,380
254,380
255,380
256,380
257,380
258,380
259,380
260,380
261,380
262,380
263,380
179,381
180,381
181,381
182,381
183,381
184,381
185,381
186,381
187,381
188,381
189,381
190,381
191,381
192,381
193,381
194,381
195,381
196,381
197,381
198,381
199,381
200,381
201,381
202,381
203,381
204,381
205,381
206,381
207,381
208,381
209,381
210,381
211,381
212,381
213,381
214,381
215,381
216,381
217,381
218,381
219,381
220,381
221,381
222,381
223,381
224,381
225,381
226,381
227,381
228,381
229,381
230,381
231,381
232,381
233,381
234,381
235,381
236,381
237,381
238,381
239,381
240,381
241,381
242,381
243,381
244,381
245,381
246,381
247,381
248,381
249,381
250,381
251,381
252,381
253,381
254,381
255,381
256,381
257,381
258,381
259,381
260,381
261,381
262,381
263,381
178,382
179,382
180,382
181,382
182,382
183,382
184,382
185,382
186,382
187,382
188,382
189,382
190,382
191,382
192,382
193,382
194,382
195,382
196,382
197,382
198,382
199,382
200,382
201,382
202,382
203,382
204,382
205,382
206,382
207,382
208,382
209,382
210,382
211,382
212,382
213,382
214,382
215,382
216,382
217,382
218,382
219,382
220,382
221,382
222,382
223,382
224,382
225,382
226,382
227,382
228,382
229,382
230,382
231,382
232,382
233,382
234,382
235,382
236,382
237,382
238,382
239,382
240,382
241,382
242,382
243,382
244,382
245,382
246,382
247,382
248,382
249,382
250,382
251,382
252,382
253,382
254,382
255,382
256,382
257,382
258,382
259,382
260,382
261,382
262,382
263,382
178,383
179,383
180,383
181,383
182,383
183,383
184,383
185,383
186,383
187,383
188,383
189,383
190,383
191,383
192,383
193,383
194,383
195,383
196,383
197,383
198,383
199,383
200,383
201,383
202,383
203,383
204,383
205,383
206,383
207,383
208,383
209,383
210,383
211,383
212,383
213,383
214,383
215,383
216,383
217,383
218,383
219,383
220,383
221,383
222,383
223,383
224,383
225,383
226,383
227,383
228,383
229,383
230,383
231,383
232,383
233,383
234,383
235,383
236,383
237,383
238,383
239,383
240,383
241,383
242,383
243,383
244,383
245,383
246,383
247,383
248,383
249,383
250,383
251,383
252,383
253,383
254,383
255,383
256,383
257,383
258,383
259,383
260,383
261,383
262,383
263,383
177,384
178,384
179,384
180,384
181,384
182,384
183,384
184,384
185,384
186,384
187,384
188,384
189,384
190,384
191,384
192,384
193,384
194,384
195,384
196,384
197,384
198,384
199,384
200,384
201,384
202,384
203,384
204,384
205,384
206,384
207,384
208,384
209,384
210,384
211,384
212,384
213,384
214,384
215,384
216,384
217,384
218,384
219,384
220,384
221,384
222,384
223,384
224,384
225,384
226,384
227,384
228,384
229,384
230,384
231,384
232,384
233,384
234,384
235,384
236,384
237,384
238,384
239,384
240,384
241,384
242,384
243,384
244,384
245,384
246,384
247,384
248,384
249,384
250,384
251,384
252,384
253,384
254,384
255,384
256,384
257,384
258,384
259,384
260,384
261,384
262,384
263,384
176,385
177,385
178,385
179,385
180,385
181,385
182,385
183,385
184,385
185,385
186,385
187,385
188,385
189,385
190,385
191,385
192,385
193,385
194,385
195,385
196,385
197,385
198,385
199,385
200,385
201,385
202,385
203,385
204,385
205,385
206,385
207,385
208,385
209,385
210,385
211,385
212,385
213,385
214,385
215,385
216,385
217,385
218,385
219,385
220,385
221,385
222,385
223,385
224,385
225,385
226,385
227,385
228,385
229,385
230,385
231,385
232,385
233,385
234,385
235,385
236,385
237,385
238,385
239,385
240,385
241,385
242,385
243,385
244,385
245,385
246,385
247,385
248,385
249,385
250,385
251,385
252,385
253,385
254,385
255,385
256,385
257,385
258,385
259,385
260,385
261,385
262,385
263,385
176,386
177,386
178,386
179,386
180,386
181,386
182,386
183,386
184,386
185,386
186,386
187,386
188,386
189,386
190,386
191,386
192,386
193,386
194,386
195,386
196,386
197,386
198,386
199,386
200,386
201,386
202,386
203,386
204,386
205,386
206,386
207,386
208,386
209,386
210,386
211,386
212,386
213,386
214,386
215,386
216,386
217,386
218,386
219,386
220,386
221,386
222,386
223,386
224,386
225,386
226,386
227,386
228,386
229,386
230,386
231,386
232,386
233,386
234,386
235,386
236,386
237,386
238,386
239,386
240,386
241,386
242,386
243,386
244,386
245,386
246,386
247,386
248,386
249,386
250,386
251,386
252,386
253,386
254,386
255,386
256,386
257,386
258,386
259,386
260,386
261,386
262,386
263,386
175,387
176,387
177,387
178,387
179,387
180,387
181,387
182,387
183,387
184,387
185,387
186,387
187,387
188,387
189,387
190,387
191,387
192,387
193,387
194,387
195,387
196,387
197,387
198,387
199,387
200,387
201,387
202,387
203,387
204,387
205,387
206,387
207,387
208,387
209,387
210,387
211,387
212,387
213,387
214,387
215,387
216,387
217,387
218,387
219,387
220,387
221,387
222,387
223,387
224,387
225,387
226,387
227,387
228,387
229,387
230,387
231,387
232,387
233,387
234,387
235,387
236,387
237,387
238,387
239,387
240,387
241,387
242,387
243,387
244,387
245,387
246,387
247,387
248,387
249,387
250,387
251,387
252,387
253,387
254,387
255,387
256,387
257,387
258,387
259,387
260,387
261,387
262,387
263,387
175,388
176,388
177,388
178,388
179,388
180,388
181,388
182,388
183,388
184,388
185,388
186,388
187,388
188,388
189,388
190,388
191,388
192,388
193,388
194,388
195,388
196,388
197,388
198,388
199,388
200,388
201,388
202,388
203,388
204,388
205,388
206,388
207,388
208,388
209,388
210,388
211,388
212,388
213,388
214,388
215,388
216,388
217,388
218,388
219,388
220,388
221,388
222,388
223,388
224,388
225,388
226,388
227,388
228,388
229,388
230,388
231,388
232,388
233,388
234,388
235,388
236,388
237,388
238,388
239,388
240,388
241,388
242,388
243,388
244,388
245,388
246,388
247,388
248,388
249,388
250,388
251,388
252,388
253,388
254,388
255,388
256,388
257,388
258,388
259,388
260,388
261,388
262,388
263,388
175,389
176,389
177,389
178,389
179,389
180,389
181,389
182,389
183,389
184,389
185,389
186,389
187,389
188,389
189,389
190,389
191,389
192,389
193,389
194,389
195,389
196,389
197,389
198,389
199,389
200,389
201,389
202,389
203,389
204,389
205,389
206,389
207,389
208,389
209,389
210,389
211,389
212,389
213,389
214,389
215,389
216,389
217,389
218,389
219,389
220,389
221,389
222,389
223,389
224,389
225,389
226,389
227,389
228,389
229,389
230,389
231,389
232,389
233,389
234,389
235,389
236,389
237,389
238,389
239,389
240,389
241,389
242,389
243,389
244,389
245,389
246,389
247,389
248,389
249,389
250,389
251,389
252,389
253,389
254,389
255,389
256,389
257,389
258,389
259,389
260,389
261,389
262,389
263,389
176,390
177,390
178,390
179,390
180,390
181,390
182,390
183,390
184,390
185,390
186,390
187,390
188,390
189,390
190,390
191,390
192,390
193,390
194,390
195,390
196,390
197,390
198,390
199,390
200,390
201,390
202,390
203,390
204,390
205,390
206,390
207,390
208,390
209,390
210,390
211,390
212,390
213,390
214,390
215,390
216,390
217,390
218,390
219,390
220,390
221,390
222,390
223,390
224,390
225,390
226,390
227,390
228,390
229,390
230,390
231,390
232,390
233,390
234,390
235,390
236,390
237,390
238,390
239,390
240,390
241,390
242,390
243,390
244,390
245,390
246,390
247,390
248,390
249,390
250,390
251,390
252,390
253,390
254,390
255,390
256,390
257,390
258,390
259,390
260,390
261,390
262,390
263,390
176,391
177,391
178,391
179,391
180,391
181,391
182,391
183,391
184,391
185,391
186,391
187,391
188,391
189,391
190,391
191,391
192,391
193,391
194,391
195,391
196,391
197,391
198,391
199,391
200,391
201,391
202,391
203,391
204,391
205,391
206,391
207,391
208,391
209,391
210,391
211,391
212,391
213,391
214,391
215,391
216,391
217,391
218,391
219,391
220,391
221,391
222,391
223,391
224,391
225,391
226,391
227,391
228,391
229,391
230,391
231,391
232,391
233,391
234,391
235,391
236,391
237,391
238,391
239,391
240,391
241,391
242,391
243,391
244,391
245,391
246,391
247,391
248,391
249,391
250,391
251,391
252,391
253,391
254,391
255,391
256,391
257,391
258,391
259,391
260,391
261,391
262,391
263,391
177,392
178,392
179,392
180,392
181,392
182,392
183,392
184,392
185,392
186,392
187,392
188,392
189,392
190,392
191,392
192,392
193,392
194,392
195,392
196,392
197,392
198,392
199,392
200,392
201,392
202,392
203,392
204,392
205,392
206,392
207,392
208,392
209,392
210,392
211,392
212,392
213,392
214,392
215,392
216,392
217,392
218,392
219,392
220,392
221,392
222,392
223,392
224,392
225,392
226,392
227,392
228,392
229,392
230,392
231,392
232,392
233,392
234,392
235,392
236,392
237,392
238,392
239,392
240,392
241,392
242,392
243,392
244,392
245,392
246,392
247,392
248,392
249,392
250,392
251,392
252,392
253,392
254,392
255,392
256,392
257,392
258,392
259,392
260,392
261,392
262,392
263,392
178,393
179,393
180,393
181,393
182,393
183,393
184,393
185,393
186,393
187,393
188,393
189,393
190,393
191,393
192,393
193,393
194,393
195,393
196,393
197,393
198,393
199,393
200,393
201,393
202,393
203,393
204,393
205,393
206,393
207,393
208,393
209,393
210,393
211,393
212,393
213,393
214,393
215,393
216,393
217,393
218,393
219,393
220,393
221,393
222,393
223,393
224,393
225,393
226,393
227,393
228,393
229,393
230,393
231,393
232,393
233,393
234,393
235,393
236,393
237,393
238,393
239,393
240,393
241,393
242,393
243,393
244,393
245,393
246,393
247,393
248,393
249,393
250,393
251,393
252,393
253,393
254,393
255,393
256,393
257,393
258,393
259,393
260,393
261,393
262,393
263,393
178,394
179,394
180,394
181,394
182,394
183,394
184,394
185,394
186,394
187,394
188,394
189,394
190,394
191,394
192,394
193,394
194,394
195,394
196,394
197,394
198,394
199,394
200,394
201,394
202,394
203,394
204,394
205,394
206,394
207,394
208,394
209,394
210,394
211,394
212,394
213,394
214,394
215,394
216,394
217,394
218,394
219,394
220,394
221,394
222,394
223,394
224,394
225,394
226,394
227,394
228,394
229,394
230,394
231,394
232,394
233,394
234,394
235,394
236,394
237,394
238,394
239,394
240,394
241,394
242,394
243,394
244,394
245,394
246,394
247,394
248,394
249,394
250,394
251,394
252,394
253,394
254,394
255,394
256,394
257,394
258,394
259,394
260,394
261,394
262,394
263,394
179,395
180,395
181,395
182,395
183,395
184,395
185,395
186,395
187,395
188,395
189,395
190,395
191,395
192,395
193,395
194,395
195,395
196,395
197,395
198,395
199,395
200,395
201,395
202,395
203,395
204,395
205,395
206,395
207,395
208,395
209,395
210,395
211,395
212,395
213,395
214,395
215,395
216,395
217,395
218,395
219,395
220,395
221,395
222,395
223,395
224,395
225,395
226,395
227,395
228,395
229,395
230,395
231,395
232,395
233,395
234,395
235,395
236,395
237,395
238,395
239,395
240,395
241,395
242,395
243,395
244,395
245,395
246,395
247,395
248,395
249,395
250,395
251,395
252,395
253,395
254,395
255,395
256,395
257,395
258,395
259,395
260,395
261,395
262,395
263,395
179,396
180,396
181,396
182,396
183,396
184,396
185,396
186,396
187,396
188,396
189,396
190,396
191,396
192,396
193,396
194,396
195,396
196,396
197,396
198,396
199,396
200,396
201,396
202,396
203,396
204,396
205,396
206,396
207,396
208,396
209,396
210,396
211,396
212,396
213,396
214,396
215,396
216,396
217,396
218,396
219,396
220,396
221,396
222,396
223,396
224,396
225,396
226,396
227,396
228,396
229,396
230,396
231,396
232,396
233,396
234,396
235,396
236,396
237,396
238,396
239,396
240,396
241,396
242,396
243,396
244,396
245,396
246,396
247,396
248,396
249,396
250,396
251,396
252,396
253,396
254,396
255,396
256,396
257,396
258,396
259,396
260,396
261,396
262,396
263,396
180,397
181,397
182,397
183,397
184,397
185,397
186,397
187,397
188,397
189,397
190,397
191,397
192,397
193,397
194,397
195,397
196,397
197,397
198,397
199,397
200,397
201,397
202,397
203,397
204,397
205,397
206,397
207,397
208,397
209,397
210,397
211,397
212,397
213,397
214,397
215,397
216,397
217,397
218,397
219,397
220,397
221,397
222,397
223,397
224,397
225,397
226,397
227,397
228,397
229,397
230,397
231,397
232,397
233,397
234,397
235,397
236,397
237,397
238,397
239,397
240,397
241,397
242,397
243,397
244,397
245,397
246,397
247,397
248,397
249,397
250,397
251,397
252,397
253,397
254,397
255,397
256,397
257,397
258,397
259,397
260,397
261,397
262,397
263,397
181,398
182,398
183,398
184,398
185,398
186,398
187,398
188,398
189,398
190,398
191,398
192,398
193,398
194,398
195,398
196,398
197,398
198,398
199,398
200,398
201,398
202,398
203,398
204,398
205,398
206,398
207,398
208,398
209,398
210,398
211,398
212,398
213,398
214,398
215,398
216,398
217,398
218,398
219,398
220,398
221,398
222,398
223,398
224,398
225,398
226,398
227,398
228,398
229,398
230,398
231,398
232,398
233,398
234,398
235,398
236,398
237,398
238,398
239,398
240,398
241,398
242,398
243,398
244,398
245,398
246,398
247,398
248,398
249,398
250,398
251,398
252,398
253,398
254,398
255,398
256,398
257,398
258,398
259,398
260,398
261,398
262,398
263,398
181,399
182,399
183,399
184,399
185,399
186,399
187,399
188,399
189,399
190,399
191,399
192,399
193,399
194,399
195,399
196,399
197,399
198,399
199,399
200,399
201,399
202,399
203,399
204,399
205,399
206,399
207,399
208,399
209,399
210,399
211,399
212,399
213,399
214,399
215,399
216,399
217,399
218,399
219,399
220,399
221,399
222,399
223,399
224,399
225,399
226,399
227,399
228,399
229,399
230,399
231,399
232,399
233,399
234,399
235,399
236,399
237,399
238,399
239,399
240,399
241,399
242,399
243,399
244,399
245,399
246,399
247,399
248,399
249,399
250,399
251,399
252,399
253,399
254,399
255,399
256,399
257,399
258,399
259,399
260,399
261,399
262,399
263,399
182,400
183,400
184,400
185,400
186,400
187,400
188,400
189,400
190,400
191,400
192,400
193,400
194,400
195,400
196,400
197,400
198,400
199,400
200,400
201,400
202,400
203,400
204,400
205,400
206,400
207,400
208,400
209,400
210,400
211,400
212,400
213,400
214,400
215,400
216,400
217,400
218,400
219,400
220,400
221,400
222,400
223,400
224,400
225,400
226,400
227,400
228,400
229,400
230,400
231,400
232,400
233,400
234,400
235,400
236,400
237,400
238,400
239,400
240,400
241,400
242,400
243,400
244,400
245,400
246,400
247,400
248,400
249,400
250,400
251,400
252,400
253,400
254,400
255,400
256,400
257,400
258,400
259,400
260,400
261,400
262,400
263,400
183,401
184,401
185,401
186,401
187,401
188,401
189,401
190,401
191,401
192,401
193,401
194,401
195,401
196,401
197,401
198,401
199,401
200,401
201,401
202,401
203,401
204,401
205,401
206,401
207,401
208,401
209,401
210,401
211,401
212,401
213,401
214,401
215,401
216,401
217,401
218,401
219,401
220,401
221,401
222,401
223,401
224,401
225,401
226,401
227,401
228,401
229,401
230,401
231,401
232,401
233,401
234,401
235,401
236,401
237,401
238,401
239,401
240,401
241,401
242,401
243,401
244,401
245,401
246,401
247,401
248,401
249,401
250,401
251,401
252,401
253,401
254,401
255,401
256,401
257,401
258,401
259,401
260,401
261,401
262,401
263,401
183,402
184,402
185,402
186,402
187,402
188,402
189,402
190,402
191,402
192,402
193,402
194,402
195,402
196,402
197,402
198,402
199,402
200,402
201,402
202,402
203,402
204,402
205,402
206,402
207,402
208,402
209,402
210,402
211,402
212,402
213,402
214,402
215,402
216,402
217,402
218,402
219,402
220,402
221,402
222,402
223,402
224,402
225,402
226,402
227,402
228,402
229,402
230,402
231,402
232,402
233,402
234,402
235,402
236,402
237,402
238,402
239,402
240,402
241,402
242,402
243,402
244,402
245,402
246,402
247,402
248,402
249,402
250,402
251,402
252,402
253,402
254,402
255,402
256,402
257,402
258,402
259,402
260,402
261,402
262,402
263,402
184,403
185,403
186,403
187,403
188,403
189,403
190,403
191,403
192,403
193,403
194,403
195,403
196,403
197,403
198,403
199,403
200,403
201,403
202,403
203,403
204,403
205,403
206,403
207,403
208,403
209,403
210,403
211,403
212,403
213,403
214,403
215,403
216,403
217,403
218,403
219,403
220,403
221,403
222,403
223,403
224,403
225,403
226,403
227,403
228,403
229,403
230,403
231,403
232,403
233,403
234,403
235,403
236,403
237,403
238,403
239,403
240,403
241,403
242,403
243,403
244,403
245,403
246,403
247,403
248,403
249,403
250,403
251,403
252,403
253,403
254,403
255,403
256,403
257,403
258,403
259,403
260,403
261,403
262,403
263,403
184,404
185,404
186,404
187,404
188,404
189,404
190,404
191,404
192,404
193,404
194,404
195,404
196,404
197,404
198,404
199,404
200,404
201,404
202,404
203,404
204,404
205,404
206,404
207,404
208,404
209,404
210,404
211,404
212,404
213,404
214,404
215,404
216,404
217,404
218,404
219,404
220,404
221,404
222,404
223,404
224,404
225,404
226,404
227,404
228,404
229,404
230,404
231,404
232,404
233,404
234,404
235,404
236,404
237,404
238,404
239,404
240,404
241,404
242,404
243,404
244,404
245,404
246,404
247,404
248,404
249,404
250,404
251,404
252,404
253,404
254,404
255,404
256,404
257,404
258,404
259,404
260,404
261,404
262,404
263,404
185,405
186,405
187,405
188,405
189,405
190,405
191,405
192,405
193,405
194,405
195,405
196,405
197,405
198,405
199,405
200,405
201,405
202,405
203,405
204,405
205,405
206,405
207,405
208,405
209,405
210,405
211,405
212,405
213,405
214,405
215,405
216,405
217,405
218,405
219,405
220,405
221,405
222,405
223,405
224,405
225,405
226,405
227,405
228,405
229,405
230,405
231,405
232,405
233,405
234,405
235,405
236,405
237,405
238,405
239,405
240,405
241,405
242,405
243,405
244,405
245,405
246,405
247,405
248,405
249,405
250,405
251,405
252,405
253,405
254,405
255,405
256,405
257,405
258,405
259,405
260,405
261,405
262,405
263,405
186,406
187,406
188,406
189,406
190,406
191,406
192,406
193,406
194,406
195,406
196,406
197,406
198,406
199,406
200,406
201,406
202,406
203,406
204,406
205,406
206,406
207,406
208,406
209,406
210,406
211,406
212,406
213,406
214,406
215,406
216,406
217,406
218,406
219,406
220,406
221,406
222,406
223,406
224,406
225,406
226,406
227,406
228,406
229,406
230,406
231,406
232,406
233,406
234,406
235,406
236,406
237,406
238,406
239,406
240,406
241,406
242,406
243,406
244,406
245,406
246,406
247,406
248,406
249,406
250,406
251,406
252,406
253,406
254,406
255,406
256,406
257,406
258,406
259,406
260,406
261,406
262,406
263,406
186,407
187,407
188,407
189,407
190,407
191,407
192,407
193,407
194,407
195,407
196,407
197,407
198,407
199,407
200,407
201,407
202,407
203,407
204,407
205,407
206,407
207,407
208,407
209,407
210,407
211,407
212,407
213,407
214,407
215,407
216,407
217,407
218,407
219,407
220,407
221,407
222,407
223,407
224,407
225,407
226,407
227,407
228,407
229,407
230,407
231,407
232,407
233,407
234,407
235,407
236,407
237,407
238,407
239,407
240,407
241,407
242,407
243,407
244,407
245,407
246,407
247,407
248,407
249,407
250,407
251,407
252,407
253,407
254,407
255,407
256,407
257,407
258,407
259,407
260,407
261,407
262,407
263,407
187,408
188,408
189,408
190,408
191,408
192,408
193,408
194,408
195,408
196,408
197,408
198,408
199,408
200,408
201,408
202,408
203,408
204,408
205,408
206,408
207,408
208,408
209,408
210,408
211,408
212,408
213,408
214,408
215,408
216,408
217,408
218,408
219,408
220,408
221,408
222,408
223,408
224,408
225,408
226,408
227,408
228,408
229,408
230,408
231,408
232,408
233,408
234,408
235,408
236,408
237,408
238,408
239,408
240,408
241,408
242,408
243,408
244,408
245,408
246,408
247,408
248,408
249,408
250,408
251,408
252,408
253,408
254,408
255,408
256,408
257,408
258,408
259,408
260,408
261,408
262,408
263,408
187,409
188,409
189,409
190,409
191,409
192,409
193,409
194,409
195,409
196,409
197,409
198,409
199,409
200,409
201,409
202,409
203,409
204,409
205,409
206,409
207,409
208,409
209,409
210,409
211,409
212,409
213,409
214,409
215,409
216,409
217,409
218,409
219,409
220,409
221,409
222,409
223,409
224,409
225,409
226,409
227,409
228,409
229,409
230,409
231,409
232,409
233,409
234,409
235,409
236,409
237,409
238,409
239,409
240,409
241,409
242,409
243,409
244,409
245,409
246,409
247,409
248,409
249,409
250,409
251,409
252,409
253,409
254,409
255,409
256,409
257,409
258,409
259,409
260,409
261,409
262,409
263,409
188,410
189,410
190,410
191,410
192,410
193,410
194,410
195,410
196,410
197,410
198,410
199,410
200,410
201,410
202,410
203,410
204,410
205,410
206,410
207,410
208,410
209,410
210,410
211,410
212,410
213,410
214,410
215,410
216,410
217,410
218,410
219,410
220,410
221,410
222,410
223,410
224,410
225,410
226,410
227,410
228,410
229,410
230,410
231,410
232,410
233,410
234,410
235,410
236,410
237,410
238,410
239,410
240,410
241,410
242,410
243,410
244,410
245,410
246,410
247,410
248,410
249,410
250,410
251,410
252,410
253,410
254,410
255,410
256,410
257,410
258,410
259,410
260,410
261,410
262,410
263,410
189,411
190,411
191,411
192,411
193,411
194,411
195,411
196,411
197,411
198,411
199,411
200,411
201,411
202,411
203,411
204,411
205,411
206,411
207,411
208,411
209,411
210,411
211,411
212,411
213,411
214,411
215,411
216,411
217,411
218,411
219,411
220,411
221,411
222,411
223,411
224,411
225,411
226,411
227,411
228,411
229,411
230,411
231,411
232,411
233,411
234,411
235,411
236,411
237,411
238,411
239,411
240,411
241,411
242,411
243,411
244,411
245,411
246,411
247,411
248,411
249,411
250,411
251,411
252,411
253,411
254,411
255,411
256,411
257,411
258,411
259,411
260,411
261,411
262,411
263,411
189,412
190,412
191,412
192,412
193,412
194,412
195,412
196,412
197,412
198,412
199,412
200,412
201,412
202,412
203,412
204,412
205,412
206,412
207,412
208,412
209,412
210,412
211,412
212,412
213,412
214,412
215,412
216,412
217,412
218,412
219,412
220,412
221,412
222,412
223,412
224,412
225,412
226,412
227,412
228,412
229,412
230,412
231,412
232,412
233,412
234,412
235,412
236,412
237,412
238,412
239,412
240,412
241,412
242,412
243,412
244,412
245,412
246,412
247,412
248,412
249,412
250,412
251,412
252,412
253,412
254,412
255,412
256,412
257,412
258,412
259,412
260,412
261,412
262,412
263,412
190,413
191,413
192,413
193,413
194,413
195,413
196,413
197,413
198,413
199,413
200,413
201,413
202,413
203,413
204,413
205,413
206,413
207,413
208,413
209,413
210,413
211,413
212,413
213,413
214,413
215,413
216,413
217,413
218,413
219,413
220,413
221,413
222,413
223,413
224,413
225,413
226,413
227,413
228,413
229,413
230,413
231,413
232,413
233,413
234,413
235,413
236,413
237,413
238,413
239,413
240,413
241,413
242,413
243,413
244,413
245,413
246,413
247,413
248,413
249,413
250,413
251,413
252,413
253,413
254,413
255,413
256,413
257,413
258,413
259,413
260,413
261,413
262,413
263,413
191,414
192,414
193,414
194,414
195,414
196,414
197,414
198,414
199,414
200,414
201,414
202,414
203,414
204,414
205,414
206,414
207,414
208,414
209,414
210,414
211,414
212,414
213,414
214,414
215,414
216,414
217,414
218,414
219,414
220,414
221,414
222,414
223,414
224,414
225,414
226,414
227,414
228,414
229,414
230,414
231,414
232,414
233,414
234,414
235,414
236,414
237,414
238,414
239,414
240,414
241,414
242,414
243,414
244,414
245,414
246,414
247,414
248,414
249,414
250,414
251,414
252,414
253,414
254,414
255,414
256,414
257,414
258,414
259,414
260,414
261,414
262,414
263,414
191,415
192,415
193,415
194,415
195,415
196,415
197,415
198,415
199,415
200,415
201,415
202,415
203,415
204,415
205,415
206,415
207,415
208,415
209,415
210,415
211,415
212,415
213,415
214,415
215,415
216,415
217,415
218,415
219,415
220,415
221,415
222,415
223,415
224,415
225,415
226,415
227,415
228,415
229,415
230,415
231,415
232,415
233,415
234,415
235,415
236,415
237,415
238,415
239,415
240,415
241,415
242,415
243,415
244,415
245,415
246,415
247,415
248,415
249,415
250,415
251,415
252,415
253,415
254,415
255,415
256,415
257,415
258,415
259,415
260,415
261,415
262,415
263,415
192,416
193,416
194,416
195,416
196,416
197,416
198,416
199,416
200,416
201,416
202,416
203,416
204,416
205,416
206,416
207,416
208,416
209,416
210,416
211,416
212,416
213,416
214,416
215,416
216,416
217,416
218,416
219,416
220,416
221,416
222,416
223,416
224,416
225,416
226,416
227,416
228,416
229,416
230,416
231,416
232,416
233,416
234,416
235,416
236,416
237,416
238,416
239,416
240,416
241,416
242,416
243,416
244,416
245,416
246,416
247,416
248,416
249,416
250,416
251,416
252,416
253,416
254,416
255,416
256,416
257,416
258,416
259,416
260,416
261,416
262,416
263,416
192,417
193,417
194,417
195,417
196,417
197,417
198,417
199,417
200,417
201,417
202,417
203,417
204,417
205,417
206,417
207,417
208,417
209,417
210,417
211,417
212,417
213,417
214,417
215,417
216,417
217,417
218,417
219,417
220,417
221,417
222,417
223,417
224,417
225,417
226,417
227,417
228,417
229,417
230,417
231,417
232,417
233,417
234,417
235,417
236,417
237,417
238,417
239,417
240,417
241,417
242,417
243,417
244,417
245,417
246,417
247,417
248,417
249,417
250,417
251,417
252,417
253,417
254,417
255,417
256,417
257,417
258,417
259,417
260,417
261,417
262,417
263,417
193,418
194,418
195,418
196,418
197,418
198,418
199,418
200,418
201,418
202,418
203,418
204,418
205,418
206,418
207,418
208,418
209,418
210,418
211,418
212,418
213,418
214,418
215,418
216,418
217,418
218,418
219,418
220,418
221,418
222,418
223,418
224,418
225,418
226,418
227,418
228,418
229,418
230,418
231,418
232,418
233,418
234,418
235,418
236,418
237,418
238,418
239,418
240,418
241,418
242,418
243,418
244,418
245,418
246,418
247,418
248,418
249,418
250,418
251,418
252,418
253,418
254,418
255,418
256,418
257,418
258,418
259,418
260,418
261,418
262,418
263,418
194,419
195,419
196,419
197,419
198,419
199,419
200,419
201,419
202,419
203,419
204,419
205,419
206,419
207,419
208,419
209,419
210,419
211,419
212,419
213,419
214,419
215,419
216,419
217,419
218,419
219,419
220,419
221,419
222,419
223,419
224,419
225,419
226,419
227,419
228,419
229,419
230,419
231,419
232,419
233,419
234,419
235,419
236,419
237,419
238,419
239,419
240,419
241,419
242,419
243,419
244,419
245,419
246,419
247,419
248,419
249,419
250,419
251,419
252,419
253,419
254,419
255,419
256,419
257,419
258,419
259,419
260,419
261,419
262,419
263,419
194,420
195,420
196,420
197,420
198,420
199,420
200,420
201,420
202,420
203,420
204,420
205,420
206,420
207,420
208,420
209,420
210,420
211,420
212,420
213,420
214,420
215,420
216,420
217,420
218,420
219,420
220,420
221,420
222,420
223,420
224,420
225,420
226,420
227,420
228,420
229,420
230,420
231,420
232,420
233,420
234,420
235,420
236,420
237,420
238,420
239,420
240,420
241,420
242,420
243,420
244,420
245,420
246,420
247,420
248,420
249,420
250,420
251,420
252,420
253,420
254,420
255,420
256,420
257,420
258,420
259,420
260,420
261,420
262,420
263,420
195,421
196,421
197,421
198,421
199,421
200,421
201,421
202,421
203,421
204,421
205,421
206,421
207,421
208,421
209,421
210,421
211,421
212,421
213,421
214,421
215,421
216,421
217,421
218,421
219,421
220,421
221,421
222,421
223,421
224,421
225,421
226,421
227,421
228,421
229,421
230,421
231,421
232,421
233,421
234,421
235,421
236,421
237,421
238,421
239,421
240,421
241,421
242,421
243,421
244,421
245,421
246,421
247,421
248,421
249,421
250,421
251,421
252,421
253,421
254,421
255,421
256,421
257,421
258,421
259,421
260,421
261,421
262,421
263,421
195,422
196,422
197,422
198,422
199,422
200,422
201,422
202,422
203,422
204,422
205,422
206,422
207,422
208,422
209,422
210,422
211,422
212,422
213,422
214,422
215,422
216,422
217,422
218,422
219,422
220,422
221,422
222,422
223,422
224,422
225,422
226,422
227,422
228,422
229,422
230,422
231,422
232,422
233,422
234,422
235,422
236,422
237,422
238,422
239,422
240,422
241,422
242,422
243,422
244,422
245,422
246,422
247,422
248,422
249,422
250,422
251,422
252,422
253,422
254,422
255,422
256,422
257,422
258,422
259,422
260,422
261,422
262,422
196,423
197,423
198,423
199,423
200,423
201,423
202,423
203,423
204,423
205,423
206,423
207,423
208,423
209,423
210,423
211,423
212,423
213,423
214,423
215,423
216,423
217,423
218,423
219,423
220,423
221,423
222,423
223,423
224,423
225,423
226,423
227,423
228,423
229,423
230,423
231,423
232,423
233,423
234,423
235,423
236,423
237,423
238,423
239,423
240,423
241,423
242,423
243,423
244,423
245,423
246,423
247,423
248,423
249,423
250,423
251,423
252,423
253,423
254,423
255,423
256,423
257,423
258,423
259,423
260,423
197,424
198,424
199,424
200,424
201,424
202,424
203,424
204,424
205,424
206,424
207,424
208,424
209,424
210,424
211,424
212,424
213,424
214,424
215,424
216,424
217,424
218,424
219,424
220,424
221,424
222,424
223,424
224,424
225,424
226,424
227,424
228,424
229,424
230,424
231,424
232,424
233,424
234,424
235,424
236,424
237,424
238,424
239,424
240,424
241,424
242,424
243,424
244,424
245,424
246,424
247,424
248,424
249,424
250,424
251,424
252,424
253,424
254,424
255,424
256,424
257,424
197,425
198,425
199,425
200,425
201,425
202,425
203,425
204,425
205,425
206,425
207,425
208,425
209,425
210,425
211,425
212,425
213,425
214,425
215,425
216,425
217,425
218,425
219,425
220,425
221,425
222,425
223,425
224,425
225,425
226,425
227,425
228,425
229,425
230,425
231,425
232,425
233,425
234,425
235,425
236,425
237,425
238,425
239,425
240,425
241,425
242,425
243,425
244,425
245,425
246,425
247,425
248,425
249,425
250,425
251,425
252,425
253,425
254,425
255,425
198,426
199,426
200,426
201,426
202,426
203,426
204,426
205,426
206,426
207,426
208,426
209,426
210,426
211,426
212,426
213,426
214,426
215,426
216,426
217,426
218,426
219,426
220,426
221,426
222,426
223,426
224,426
225,426
226,426
227,426
228,426
229,426
230,426
231,426
232,426
233,426
234,426
235,426
236,426
237,426
238,426
239,426
240,426
241,426
242,426
243,426
244,426
245,426
246,426
247,426
248,426
249,426
250,426
251,426
252,426
199,427
200,427
201,427
202,427
203,427
204,427
205,427
206,427
207,427
208,427
209,427
210,427
211,427
212,427
213,427
214,427
215,427
216,427
217,427
218,427
219,427
220,427
221,427
222,427
223,427
224,427
225,427
226,427
227,427
228,427
229,427
230,427
231,427
232,427
233,427
234,427
235,427
236,427
237,427
238,427
239,427
240,427
241,427
242,427
243,427
244,427
245,427
246,427
247,427
248,427
249,427
199,428
200,428
201,428
202,428
203,428
204,428
205,428
206,428
207,428
208,428
209,428
210,428
211,428
212,428
213,428
214,428
215,428
216,428
217,428
218,428
219,428
220,428
221,428
222,428
223,428
224,428
225,428
226,428
227,428
228,428
229,428
230,428
231,428
232,428
233,428
234,428
235,428
236,428
237,428
238,428
239,428
240,428
241,428
242,428
243,428
244,428
245,428
246,428
247,428
200,429
201,429
202,429
203,429
204,429
205,429
206,429
207,429
208,429
209,429
210,429
211,429
212,429
213,429
214,429
215,429
216,429
217,429
218,429
219,429
220,429
221,429
222,429
223,429
224,429
225,429
226,429
227,429
228,429
229,429
230,429
231,429
232,429
233,429
234,429
235,429
236,429
237,429
238,429
239,429
240,429
241,429
242,429
243,429
244,429
200,430
201,430
202,430
203,430
204,430
205,430
206,430
207,430
208,430
209,430
210,430
211,430
212,430
213,430
214,430
215,430
216,430
217,430
218,430
219,430
220,430
221,430
222,430
223,430
224,430
225,430
226,430
227,430
228,430
229,430
230,430
231,430
232,430
233,430
234,430
235,430
236,430
237,430
238,430
239,430
240,430
241,430
242,430
201,431
202,431
203,431
204,431
205,431
206,431
207,431
208,431
209,431
210,431
211,431
212,431
213,431
214,431
215,431
216,431
217,431
218,431
219,431
220,431
221,431
222,431
223,431
224,431
225,431
226,431
227,431
228,431
229,431
230,431
231,431
232,431
233,431
234,431
235,431
236,431
237,431
238,431
239,431
202,432
203,432
204,432
205,432
206,432
207,432
208,432
209,432
210,432
211,432
212,432
213,432
214,432
215,432
216,432
217,432
218,432
219,432
220,432
221,432
222,432
223,432
224,432
225,432
226,432
227,432
228,432
229,432
230,432
231,432
232,432
233,432
234,432
235,432
236,432
202,433
203,433
204,433
205,433
206,433
207,433
208,433
209,433
210,433
211,433
212,433
213,433
214,433
215,433
216,433
217,433
218,433
219,433
220,433
221,433
222,433
223,433
224,433
225,433
226,433
227,433
228,433
229,433
230,433
231,433
232,433
233,433
234,433
203,434
204,434
205,434
206,434
207,434
208,434
209,434
210,434
211,434
212,434
213,434
214,434
215,434
216,434
217,434
218,434
219,434
220,434
221,434
222,434
223,434
224,434
225,434
226,434
227,434
228,434
229,434
230,434
231,434
203,435
204,435
205,435
206,435
207,435
208,435
209,435
210,435
211,435
212,435
213,435
214,435
215,435
216,435
217,435
218,435
219,435
220,435
221,435
222,435
223,435
224,435
225,435
226,435
227,435
228,435
229,435
204,436
205,436
206,436
207,436
208,436
209,436
210,436
211,436
212,436
213,436
214,436
215,436
216,436
217,436
218,436
219,436
220,436
221,436
222,436
223,436
224,436
225,436
226,436
205,437
206,437
207,437
208,437
209,437
210,437
211,437
212,437
213,437
214,437
215,437
216,437
217,437
218,437
219,437
220,437
221,437
222,437
223,437
205,438
206,438
207,438
208,438
209,438
210,438
211,438
212,438
213,438
214,438
215,438
216,438
217,438
218,438
219,438
220,438
221,438
206,439
207,439
208,439
209,439
210,439
211,439
212,439
213,439
214,439
215,439
216,439
217,439
218,439
207,440
208,440
209,440
210,440
211,440
212,440
213,440
214,440
215,440
216,440
207,441
208,441
209,441
210,441
211,441
212,441
213,441
208,442
209,442
210,442
