195,48
196,48
197,48
198,48
199,48
200,48
201,48
202,48
193,49
194,49
195,49
196,49
197,49
198,49
199,49
200,49
201,49
202,49
203,49
204,49
191,50
192,50
193,50
194,50
195,50
196,50
197,50
198,50
199,50
200,50
201,50
202,50
203,50
204,50
205,50
206,50
190,51
191,51
192,51
193,51
194,51
195,51
196,51
197,51
198,51
199,51
200,51
201,51
202,51
203,51
204,51
205,51
206,51
207,51
189,52
190,52
191,52
192,52
193,52
194,52
195,52
196,52
197,52
198,52
199,52
200,52
201,52
202,52
203,52
204,52
205,52
206,52
207,52
208,52
188,53
189,53
190,53
191,53
192,53
193,53
194,53
195,53
196,53
197,53
198,53
199,53
200,53
201,53
202,53
203,53
204,53
205,53
206,53
207,53
208,53
209,53
187,54
188,54
189,54
190,54
191,54
192,54
193,54
194,54
195,54
196,54
197,54
198,54
199,54
200,54
201,54
202,54
203,54
204,54
205,54
206,54
207,54
208,54
209,54
210,54
186,55
187,55
188,55
189,55
190,55
191,55
192,55
193,55
194,55
195,55
196,55
197,55
198,55
199,55
200,55
201,55
202,55
203,55
204,55
205,55
206,55
207,55
208,55
209,55
210,55
211,55
186,56
187,56
188,56
189,56
190,56
191,56
192,56
193,56
194,56
195,56
196,56
197,56
198,56
199,56
200,56
201,56
202,56
203,56
204,56
205,56
206,56
207,56
208,56
209,56
210,56
211,56
185,57
186,57
187,57
188,57
189,57
190,57
191,57
192,57
193,57
194,57
195,57
196,57
197,57
198,57
199,57
200,57
201,57
202,57
203,57
204,57
205,57
206,57
207,57
208,57
209,57
210,57
211,57
212,57
185,58
186,58
187,58
188,58
189,58
190,58
191,58
192,58
193,58
194,58
195,58
196,58
197,58
198,58
199,58
200,58
201,58
202,58
203,58
204,58
205,58
206,58
207,58
208,58
209,58
210,58
211,58
212,58
184,59
185,59
186,59
187,59
188,59
189,59
190,59
191,59
192,59
193,59
194,59
195,59
196,59
197,59
198,59
199,59
200,59
201,59
202,59
203,59
204,59
205,59
206,59
207,59
208,59
209,59
210,59
211,59
212,59
213,59
184,60
185,60
186,60
187,60
188,60
189,60
190,60
191,60
192,60
193,60
194,60
195,60
196,60
197,60
198,60
199,60
200,60
201,60
202,60
203,60
204,60
205,60
206,60
207,60
208,60
209,60
210,60
211,60
212,60
213,60
184,61
185,61
186,61
187,61
188,61
189,61
190,61
191,61
192,61
193,61
194,61
195,61
196,61
197,61
198,61
199,61
200,61
201,61
202,61
203,61
204,61
205,61
206,61
207,61
208,61
209,61
210,61
211,61
212,61
213,61
184,62
185,62
186,62
187,62
188,62
189,62
190,62
191,62
192,62
193,62
194,62
195,62
196,62
197,62
198,62
199,62
200,62
201,62
202,62
203,62
204,62
205,62
206,62
207,62
208,62
209,62
210,62
211,62
212,62
213,62
214,62
183,63
184,63
185,63
186,63
187,63
188,63
189,63
190,63
191,63
192,63
193,63
194,63
195,63
196,63
197,63
198,63
199,63
200,63
201,63
202,63
203,63
204,63
205,63
206,63
207,63
208,63
209,63
210,63
211,63
212,63
213,63
214,63
183,64
184,64
185,64
186,64
187,64
188,64
189,64
190,64
191,64
192,64
193,64
194,64
195,64
196,64
197,64
198,64
199,64
200,64
201,64
202,64
203,64
204,64
205,64
206,64
207,64
208,64
209,64
210,64
211,64
212,64
213,64
214,64
183,65
184,65
185,65
186,65
187,65
188,65
189,65
190,65
191,65
192,65
193,65
194,65
195,65
196,65
197,65
198,65
199,65
200,65
201,65
202,65
203,65
204,65
205,65
206,65
207,65
208,65
209,65
210,65
211,65
212,65
213,65
214,65
183,66
184,66
185,66
186,66
187,66
188,66
189,66
190,66
191,66
192,66
193,66
194,66
195,66
196,66
197,66
198,66
199,66
200,66
201,66
202,66
203,66
204,66
205,66
206,66
207,66
208,66
209,66
210,66
211,66
212,66
213,66
214,66
183,67
184,67
185,67
186,67
187,67
188,67
189,67
190,67
191,67
192,67
193,67
194,67
195,67
196,67
197,67
198,67
199,67
200,67
201,67
202,67
203,67
204,67
205,67
206,67
207,67
208,67
209,67
210,67
211,67
212,67
213,67
214,67
183,68
184,68
185,68
186,68
187,68
188,68
189,68
190,68
191,68
192,68
193,68
194,68
195,68
196,68
197,68
198,68
199,68
200,68
201,68
202,68
203,68
204,68
205,68
206,68
207,68
208,68
209,68
210,68
211,68
212,68
213,68
214,68
183,69
184,69
185,69
186,69
187,69
188,69
189,69
190,69
191,69
192,69
193,69
194,69
195,69
196,69
197,69
198,69
199,69
200,69
201,69
202,69
203,69
204,69
205,69
206,69
207,69
208,69
209,69
210,69
211,69
212,69
213,69
214,69
183,70
184,70
185,70
186,70
187,70
188,70
189,70
190,70
191,70
192,70
193,70
194,70
195,70
196,70
197,70
198,70
199,70
200,70
201,70
202,70
203,70
204,70
205,70
206,70
207,70
208,70
209,70
210,70
211,70
212,70
213,70
214,70
184,71
185,71
186,71
187,71
188,71
189,71
190,71
191,71
192,71
193,71
194,71
195,71
196,71
197,71
198,71
199,71
200,71
201,71
202,71
203,71
204,71
205,71
206,71
207,71
208,71
209,71
210,71
211,71
212,71
213,71
214,71
184,72
185,72
186,72
187,72
188,72
189,72
190,72
191,72
192,72
193,72
194,72
195,72
196,72
197,72
198,72
199,72
200,72
201,72
202,72
203,72
204,72
205,72
206,72
207,72
208,72
209,72
210,72
211,72
212,72
213,72
184,73
185,73
186,73
187,73
188,73
189,73
190,73
191,73
192,73
193,73
194,73
195,73
196,73
197,73
198,73
199,73
200,73
201,73
202,73
203,73
204,73
205,73
206,73
207,73
208,73
209,73
210,73
211,73
212,73
213,73
184,74
185,74
186,74
187,74
188,74
189,74
190,74
191,74
192,74
193,74
194,74
195,74
196,74
197,74
198,74
199,74
200,74
201,74
202,74
203,74
204,74
205,74
206,74
207,74
208,74
209,74
210,74
211,74
212,74
213,74
185,75
186,75
187,75
188,75
189,75
190,75
191,75
192,75
193,75
194,75
195,75
196,75
197,75
198,75
199,75
200,75
201,75
202,75
203,75
204,75
205,75
206,75
207,75
208,75
209,75
210,75
211,75
212,75
185,76
186,76
187,76
188,76
189,76
190,76
191,76
192,76
193,76
194,76
195,76
196,76
197,76
198,76
199,76
200,76
201,76
202,76
203,76
204,76
205,76
206,76
207,76
208,76
209,76
210,76
211,76
212,76
186,77
187,77
188,77
189,77
190,77
191,77
192,77
193,77
194,77
195,77
196,77
197,77
198,77
199,77
200,77
201,77
202,77
203,77
204,77
205,77
206,77
207,77
208,77
209,77
210,77
211,77
186,78
187,78
188,78
189,78
190,78
191,78
192,78
193,78
194,78
195,78
196,78
197,78
198,78
199,78
200,78
201,78
202,78
203,78
204,78
205,78
206,78
207,78
208,78
209,78
210,78
211,78
187,79
188,79
189,79
190,79
191,79
192,79
193,79
194,79
195,79
196,79
197,79
198,79
199,79
200,79
201,79
202,79
203,79
204,79
205,79
206,79
207,79
208,79
209,79
210,79
188,80
189,80
190,80
191,80
192,80
193,80
194,80
195,80
196,80
197,80
198,80
199,80
200,80
201,80
202,80
203,80
204,80
205,80
206,80
207,80
208,80
209,80
189,81
190,81
191,81
192,81
193,81
194,81
195,81
196,81
197,81
198,81
199,81
200,81
201,81
202,81
203,81
204,81
205,81
206,81
207,81
208,81
190,82
191,82
192,82
193,82
194,82
195,82
196,82
197,82
198,82
199,82
200,82
201,82
202,82
203,82
204,82
205,82
206,82
207,82
191,83
192,83
193,83
194,83
195,83
196,83
197,83
198,83
199,83
200,83
201,83
202,83
203,83
204,83
205,83
206,83
193,84
194,84
195,84
196,84
197,84
198,84
199,84
200,84
201,84
202,84
203,84
204,84
195,85
196,85
197,85
198,85
199,85
200,85
201,85
202,85
