149,99
150,99
151,99
152,99
153,99
154,99
155,99
146,100
147,100
148,100
149,100
150,100
151,100
152,100
153,100
154,100
155,100
156,100
157,100
158,100
145,101
146,101
147,101
148,101
149,101
150,101
151,101
152,101
153,101
154,101
155,101
156,101
157,101
158,101
159,101
143,102
144,102
145,102
146,102
147,102
148,102
149,102
150,102
151,102
152,102
153,102
154,102
155,102
156,102
157,102
158,102
159,102
160,102
161,102
142,103
143,103
144,103
145,103
146,103
147,103
148,103
149,103
150,103
151,103
152,103
153,103
154,103
155,103
156,103
157,103
158,103
159,103
160,103
161,103
162,103
141,104
142,104
143,104
144,104
145,104
146,104
147,104
148,104
149,104
150,104
151,104
152,104
153,104
154,104
155,104
156,104
157,104
158,104
159,104
160,104
161,104
162,104
163,104
140,105
141,105
142,105
143,105
144,105
145,105
146,105
147,105
148,105
149,105
150,105
151,105
152,105
153,105
154,105
155,105
156,105
157,105
158,105
159,105
160,105
161,105
162,105
163,105
164,105
140,106
141,106
142,106
143,106
144,106
145,106
146,106
147,106
148,106
149,106
150,106
151,106
152,106
153,106
154,106
155,106
156,106
157,106
158,106
159,106
160,106
161,106
162,106
163,106
164,106
139,107
140,107
141,107
142,107
143,107
144,107
145,107
146,107
147,107
148,107
149,107
150,107
151,107
152,107
153,107
154,107
155,107
156,107
157,107
158,107
159,107
160,107
161,107
162,107
163,107
164,107
165,107
139,108
140,108
141,108
142,108
143,108
144,108
145,108
146,108
147,108
148,108
149,108
150,108
151,108
152,108
153,108
154,108
155,108
156,108
157,108
158,108
159,108
160,108
161,108
162,108
163,108
164,108
165,108
166,108
138,109
139,109
140,109
141,109
142,109
143,109
144,109
145,109
146,109
147,109
148,109
149,109
150,109
151,109
152,109
153,109
154,109
155,109
156,109
157,109
158,109
159,109
160,109
161,109
162,109
163,109
164,109
165,109
166,109
138,110
139,110
140,110
141,110
142,110
143,110
144,110
145,110
146,110
147,110
148,110
149,110
150,110
151,110
152,110
153,110
154,110
155,110
156,110
157,110
158,110
159,110
160,110
161,110
162,110
163,110
164,110
165,110
166,110
137,111
138,111
139,111
140,111
141,111
142,111
143,111
144,111
145,111
146,111
147,111
148,111
149,111
150,111
151,111
152,111
153,111
154,111
155,111
156,111
157,111
158,111
159,111
160,111
161,111
162,111
163,111
164,111
165,111
166,111
167,111
137,112
138,112
139,112
140,112
141,112
142,112
143,112
144,112
145,112
146,112
147,112
148,112
149,112
150,112
151,112
152,112
153,112
154,112
155,112
156,112
157,112
158,112
159,112
160,112
161,112
162,112
163,112
164,112
165,112
166,112
167,112
137,113
138,113
139,113
140,113
141,113
142,113
143,113
144,113
145,113
146,113
147,113
148,113
149,113
150,113
151,113
152,113
153,113
154,113
155,113
156,113
157,113
158,113
159,113
160,113
161,113
162,113
163,113
164,113
165,113
166,113
167,113
137,114
138,114
139,114
140,114
141,114
142,114
143,114
144,114
145,114
146,114
147,114
148,114
149,114
150,114
151,114
152,114
153,114
154,114
155,114
156,114
157,114
158,114
159,114
160,114
161,114
162,114
163,114
164,114
165,114
166,114
167,114
168,114
136,115
137,115
138,115
139,115
140,115
141,115
142,115
143,115
144,115
145,115
146,115
147,115
148,115
149,115
150,115
151,115
152,115
153,115
154,115
155,115
156,115
157,115
158,115
159,115
160,115
161,115
162,115
163,115
164,115
165,115
166,115
167,115
168,115
136,116
137,116
138,116
139,116
140,116
141,116
142,116
143,116
144,116
145,116
146,116
147,116
148,116
149,116
150,116
151,116
152,116
153,116
154,116
155,116
156,116
157,116
158,116
159,116
160,116
161,116
162,116
163,116
164,116
165,116
166,116
167,116
168,116
136,117
137,117
138,117
139,117
140,117
141,117
142,117
143,117
144,117
145,117
146,117
147,117
148,117
149,117
150,117
151,117
152,117
153,117
154,117
155,117
156,117
157,117
158,117
159,117
160,117
161,117
162,117
163,117
164,117
165,117
166,117
167,117
168,117
136,118
137,118
138,118
139,118
140,118
141,118
142,118
143,118
144,118
145,118
146,118
147,118
148,118
149,118
150,118
151,118
152,118
153,118
154,118
155,118
156,118
157,118
158,118
159,118
160,118
161,118
162,118
163,118
164,118
165,118
166,118
167,118
168,118
136,119
137,119
138,119
139,119
140,119
141,119
142,119
143,119
144,119
145,119
146,119
147,119
148,119
149,119
150,119
151,119
152,119
153,119
154,119
155,119
156,119
157,119
158,119
159,119
160,119
161,119
162,119
163,119
164,119
165,119
166,119
167,119
168,119
136,120
137,120
138,120
139,120
140,120
141,120
142,120
143,120
144,120
145,120
146,120
147,120
148,120
149,120
150,120
151,120
152,120
153,120
154,120
155,120
156,120
157,120
158,120
159,120
160,120
161,120
162,120
163,120
164,120
165,120
166,120
167,120
168,120
136,121
137,121
138,121
139,121
140,121
141,121
142,121
143,121
144,121
145,121
146,121
147,121
148,121
149,121
150,121
151,121
152,121
153,121
154,121
155,121
156,121
157,121
158,121
159,121
160,121
161,121
162,121
163,121
164,121
165,121
166,121
167,121
168,121
136,122
137,122
138,122
139,122
140,122
141,122
142,122
143,122
144,122
145,122
146,122
147,122
148,122
149,122
150,122
151,122
152,122
153,122
154,122
155,122
156,122
157,122
158,122
159,122
160,122
161,122
162,122
163,122
164,122
165,122
166,122
167,122
168,122
137,123
138,123
139,123
140,123
141,123
142,123
143,123
144,123
145,123
146,123
147,123
148,123
149,123
150,123
151,123
152,123
153,123
154,123
155,123
156,123
157,123
158,123
159,123
160,123
161,123
162,123
163,123
164,123
165,123
166,123
167,123
168,123
137,124
138,124
139,124
140,124
141,124
142,124
143,124
144,124
145,124
146,124
147,124
148,124
149,124
150,124
151,124
152,124
153,124
154,124
155,124
156,124
157,124
158,124
159,124
160,124
161,124
162,124
163,124
164,124
165,124
166,124
167,124
137,125
138,125
139,125
140,125
141,125
142,125
143,125
144,125
145,125
146,125
147,125
148,125
149,125
150,125
151,125
152,125
153,125
154,125
155,125
156,125
157,125
158,125
159,125
160,125
161,125
162,125
163,125
164,125
165,125
166,125
167,125
137,126
138,126
139,126
140,126
141,126
142,126
143,126
144,126
145,126
146,126
147,126
148,126
149,126
150,126
151,126
152,126
153,126
154,126
155,126
156,126
157,126
158,126
159,126
160,126
161,126
162,126
163,126
164,126
165,126
166,126
167,126
138,127
139,127
140,127
141,127
142,127
143,127
144,127
145,127
146,127
147,127
148,127
149,127
150,127
151,127
152,127
153,127
154,127
155,127
156,127
157,127
158,127
159,127
160,127
161,127
162,127
163,127
164,127
165,127
166,127
138,128
139,128
140,128
141,128
142,128
143,128
144,128
145,128
146,128
147,128
148,128
149,128
150,128
151,128
152,128
153,128
154,128
155,128
156,128
157,128
158,128
159,128
160,128
161,128
162,128
163,128
164,128
165,128
166,128
138,129
139,129
140,129
141,129
142,129
143,129
144,129
145,129
146,129
147,129
148,129
149,129
150,129
151,129
152,129
153,129
154,129
155,129
156,129
157,129
158,129
159,129
160,129
161,129
162,129
163,129
164,129
165,129
166,129
139,130
140,130
141,130
142,130
143,130
144,130
145,130
146,130
147,130
148,130
149,130
150,130
151,130
152,130
153,130
154,130
155,130
156,130
157,130
158,130
159,130
160,130
161,130
162,130
163,130
164,130
165,130
140,131
141,131
142,131
143,131
144,131
145,131
146,131
147,131
148,131
149,131
150,131
151,131
152,131
153,131
154,131
155,131
156,131
157,131
158,131
159,131
160,131
161,131
162,131
163,131
164,131
140,132
141,132
142,132
143,132
144,132
145,132
146,132
147,132
148,132
149,132
150,132
151,132
152,132
153,132
154,132
155,132
156,132
157,132
158,132
159,132
160,132
161,132
162,132
163,132
164,132
141,133
142,133
143,133
144,133
145,133
146,133
147,133
148,133
149,133
150,133
151,133
152,133
153,133
154,133
155,133
156,133
157,133
158,133
159,133
160,133
161,133
162,133
163,133
142,134
143,134
144,134
145,134
146,134
147,134
148,134
149,134
150,134
151,134
152,134
153,134
154,134
155,134
156,134
157,134
158,134
159,134
160,134
161,134
162,134
143,135
144,135
145,135
146,135
147,135
148,135
149,135
150,135
151,135
152,135
153,135
154,135
155,135
156,135
157,135
158,135
159,135
160,135
161,135
145,136
146,136
147,136
148,136
149,136
150,136
151,136
152,136
153,136
154,136
155,136
156,136
157,136
158,136
159,136
146,137
147,137
148,137
149,137
150,137
151,137
152,137
153,137
154,137
155,137
156,137
157,137
158,137
149,138
150,138
151,138
152,138
153,138
154,138
155,138
