387,266
388,266
389,266
386,267
387,267
388,267
389,267
390,267
391,267
392,267
386,268
387,268
388,268
389,268
390,268
391,268
392,268
393,268
394,268
385,269
386,269
387,269
388,269
389,269
390,269
391,269
392,269
393,269
394,269
395,269
396,269
397,269
384,270
385,270
386,270
387,270
388,270
389,270
390,270
391,270
392,270
393,270
394,270
395,270
396,270
397,270
398,270
399,270
384,271
385,271
386,271
387,271
388,271
389,271
390,271
391,271
392,271
393,271
394,271
395,271
396,271
397,271
398,271
399,271
400,271
401,271
402,271
383,272
384,272
385,272
386,272
387,272
388,272
389,272
390,272
391,272
392,272
393,272
394,272
395,272
396,272
397,272
398,272
399,272
400,272
401,272
402,272
403,272
404,272
405,272
382,273
383,273
384,273
385,273
386,273
387,273
388,273
389,273
390,273
391,273
392,273
393,273
394,273
395,273
396,273
397,273
398,273
399,273
400,273
401,273
402,273
403,273
404,273
405,273
406,273
407,273
382,274
383,274
384,274
385,274
386,274
387,274
388,274
389,274
390,274
391,274
392,274
393,274
394,274
395,274
396,274
397,274
398,274
399,274
400,274
401,274
402,274
403,274
404,274
405,274
406,274
407,274
408,274
409,274
410,274
381,275
382,275
383,275
384,275
385,275
386,275
387,275
388,275
389,275
390,275
391,275
392,275
393,275
394,275
395,275
396,275
397,275
398,275
399,275
400,275
401,275
402,275
403,275
404,275
405,275
406,275
407,275
408,275
409,275
410,275
411,275
412,275
381,276
382,276
383,276
384,276
385,276
386,276
387,276
388,276
389,276
390,276
391,276
392,276
393,276
394,276
395,276
396,276
397,276
398,276
399,276
400,276
401,276
402,276
403,276
404,276
405,276
406,276
407,276
408,276
409,276
410,276
411,276
412,276
413,276
414,276
415,276
380,277
381,277
382,277
383,277
384,277
385,277
386,277
387,277
388,277
389,277
390,277
391,277
392,277
393,277
394,277
395,277
396,277
397,277
398,277
399,277
400,277
401,277
402,277
403,277
404,277
405,277
406,277
407,277
408,277
409,277
410,277
411,277
412,277
413,277
414,277
415,277
416,277
417,277
379,278
380,278
381,278
382,278
383,278
384,278
385,278
386,278
387,278
388,278
389,278
390,278
391,278
392,278
393,278
394,278
395,278
396,278
397,278
398,278
399,278
400,278
401,278
402,278
403,278
404,278
405,278
406,278
407,278
408,278
409,278
410,278
411,278
412,278
413,278
414,278
415,278
416,278
417,278
418,278
419,278
420,278
379,279
380,279
381,279
382,279
383,279
384,279
385,279
386,279
387,279
388,279
389,279
390,279
391,279
392,279
393,279
394,279
395,279
396,279
397,279
398,279
399,279
400,279
401,279
402,279
403,279
404,279
405,279
406,279
407,279
408,279
409,279
410,279
411,279
412,279
413,279
414,279
415,279
416,279
417,279
418,279
419,279
420,279
421,279
422,279
378,280
379,280
380,280
381,280
382,280
383,280
384,280
385,280
386,280
387,280
388,280
389,280
390,280
391,280
392,280
393,280
394,280
395,280
396,280
397,280
398,280
399,280
400,280
401,280
402,280
403,280
404,280
405,280
406,280
407,280
408,280
409,280
410,280
411,280
412,280
413,280
414,280
415,280
416,280
417,280
418,280
419,280
420,280
421,280
422,280
423,280
424,280
425,280
378,281
379,281
380,281
381,281
382,281
383,281
384,281
385,281
386,281
387,281
388,281
389,281
390,281
391,281
392,281
393,281
394,281
395,281
396,281
397,281
398,281
399,281
400,281
401,281
402,281
403,281
404,281
405,281
406,281
407,281
408,281
409,281
410,281
411,281
412,281
413,281
414,281
415,281
416,281
417,281
418,281
419,281
420,281
421,281
422,281
423,281
424,281
425,281
426,281
427,281
428,281
377,282
378,282
379,282
380,282
381,282
382,282
383,282
384,282
385,282
386,282
387,282
388,282
389,282
390,282
391,282
392,282
393,282
394,282
395,282
396,282
397,282
398,282
399,282
400,282
401,282
402,282
403,282
404,282
405,282
406,282
407,282
408,282
409,282
410,282
411,282
412,282
413,282
414,282
415,282
416,282
417,282
418,282
419,282
420,282
421,282
422,282
423,282
424,282
425,282
426,282
427,282
428,282
429,282
430,282
376,283
377,283
378,283
379,283
380,283
381,283
382,283
383,283
384,283
385,283
386,283
387,283
388,283
389,283
390,283
391,283
392,283
393,283
394,283
395,283
396,283
397,283
398,283
399,283
400,283
401,283
402,283
403,283
404,283
405,283
406,283
407,283
408,283
409,283
410,283
411,283
412,283
413,283
414,283
415,283
416,283
417,283
418,283
419,283
420,283
421,283
422,283
423,283
424,283
425,283
426,283
427,283
428,283
429,283
430,283
431,283
432,283
433,283
376,284
377,284
378,284
379,284
380,284
381,284
382,284
383,284
384,284
385,284
386,284
387,284
388,284
389,284
390,284
391,284
392,284
393,284
394,284
395,284
396,284
397,284
398,284
399,284
400,284
401,284
402,284
403,284
404,284
405,284
406,284
407,284
408,284
409,284
410,284
411,284
412,284
413,284
414,284
415,284
416,284
417,284
418,284
419,284
420,284
421,284
422,284
423,284
424,284
425,284
426,284
427,284
428,284
429,284
430,284
431,284
432,284
433,284
434,284
435,284
375,285
376,285
377,285
378,285
379,285
380,285
381,285
382,285
383,285
384,285
385,285
386,285
387,285
388,285
389,285
390,285
391,285
392,285
393,285
394,285
395,285
396,285
397,285
398,285
399,285
400,285
401,285
402,285
403,285
404,285
405,285
406,285
407,285
408,285
409,285
410,285
411,285
412,285
413,285
414,285
415,285
416,285
417,285
418,285
419,285
420,285
421,285
422,285
423,285
424,285
425,285
426,285
427,285
428,285
429,285
430,285
431,285
432,285
433,285
434,285
435,285
436,285
374,286
375,286
376,286
377,286
378,286
379,286
380,286
381,286
382,286
383,286
384,286
385,286
386,286
387,286
388,286
389,286
390,286
391,286
392,286
393,286
394,286
395,286
396,286
397,286
398,286
399,286
400,286
401,286
402,286
403,286
404,286
405,286
406,286
407,286
408,286
409,286
410,286
411,286
412,286
413,286
414,286
415,286
416,286
417,286
418,286
419,286
420,286
421,286
422,286
423,286
424,286
425,286
426,286
427,286
428,286
429,286
430,286
431,286
432,286
433,286
434,286
435,286
436,286
374,287
375,287
376,287
377,287
378,287
379,287
380,287
381,287
382,287
383,287
384,287
385,287
386,287
387,287
388,287
389,287
390,287
391,287
392,287
393,287
394,287
395,287
396,287
397,287
398,287
399,287
400,287
401,287
402,287
403,287
404,287
405,287
406,287
407,287
408,287
409,287
410,287
411,287
412,287
413,287
414,287
415,287
416,287
417,287
418,287
419,287
420,287
421,287
422,287
423,287
424,287
425,287
426,287
427,287
428,287
429,287
430,287
431,287
432,287
433,287
434,287
435,287
436,287
373,288
374,288
375,288
376,288
377,288
378,288
379,288
380,288
381,288
382,288
383,288
384,288
385,288
386,288
387,288
388,288
389,288
390,288
391,288
392,288
393,288
394,288
395,288
396,288
397,288
398,288
399,288
400,288
401,288
402,288
403,288
404,288
405,288
406,288
407,288
408,288
409,288
410,288
411,288
412,288
413,288
414,288
415,288
416,288
417,288
418,288
419,288
420,288
421,288
422,288
423,288
424,288
425,288
426,288
427,288
428,288
429,288
430,288
431,288
432,288
433,288
434,288
435,288
436,288
373,289
374,289
375,289
376,289
377,289
378,289
379,289
380,289
381,289
382,289
383,289
384,289
385,289
386,289
387,289
388,289
389,289
390,289
391,289
392,289
393,289
394,289
395,289
396,289
397,289
398,289
399,289
400,289
401,289
402,289
403,289
404,289
405,289
406,289
407,289
408,289
409,289
410,289
411,289
412,289
413,289
414,289
415,289
416,289
417,289
418,289
419,289
420,289
421,289
422,289
423,289
424,289
425,289
426,289
427,289
428,289
429,289
430,289
431,289
432,289
433,289
434,289
435,289
436,289
372,290
373,290
374,290
375,290
376,290
377,290
378,290
379,290
380,290
381,290
382,290
383,290
384,290
385,290
386,290
387,290
388,290
389,290
390,290
391,290
392,290
393,290
394,290
395,290
396,290
397,290
398,290
399,290
400,290
401,290
402,290
403,290
404,290
405,290
406,290
407,290
408,290
409,290
410,290
411,290
412,290
413,290
414,290
415,290
416,290
417,290
418,290
419,290
420,290
421,290
422,290
423,290
424,290
425,290
426,290
427,290
428,290
429,290
430,290
431,290
432,290
433,290
434,290
435,290
436,290
371,291
372,291
373,291
374,291
375,291
376,291
377,291
378,291
379,291
380,291
381,291
382,291
383,291
384,291
385,291
386,291
387,291
388,291
389,291
390,291
391,291
392,291
393,291
394,291
395,291
396,291
397,291
398,291
399,291
400,291
401,291
402,291
403,291
404,291
405,291
406,291
407,291
408,291
409,291
410,291
411,291
412,291
413,291
414,291
415,291
416,291
417,291
418,291
419,291
420,291
421,291
422,291
423,291
424,291
425,291
426,291
427,291
428,291
429,291
430,291
431,291
432,291
433,291
434,291
435,291
436,291
371,292
372,292
373,292
374,292
375,292
376,292
377,292
378,292
379,292
380,292
381,292
382,292
383,292
384,292
385,292
386,292
387,292
388,292
389,292
390,292
391,292
392,292
393,292
394,292
395,292
396,292
397,292
398,292
399,292
400,292
401,292
402,292
403,292
404,292
405,292
406,292
407,292
408,292
409,292
410,292
411,292
412,292
413,292
414,292
415,292
416,292
417,292
418,292
419,292
420,292
421,292
422,292
423,292
424,292
425,292
426,292
427,292
428,292
429,292
430,292
431,292
432,292
433,292
434,292
435,292
436,292
370,293
371,293
372,293
373,293
374,293
375,293
376,293
377,293
378,293
379,293
380,293
381,293
382,293
383,293
384,293
385,293
386,293
387,293
388,293
389,293
390,293
391,293
392,293
393,293
394,293
395,293
396,293
397,293
398,293
399,293
400,293
401,293
402,293
403,293
404,293
405,293
406,293
407,293
408,293
409,293
410,293
411,293
412,293
413,293
414,293
415,293
416,293
417,293
418,293
419,293
420,293
421,293
422,293
423,293
424,293
425,293
426,293
427,293
428,293
429,293
430,293
431,293
432,293
433,293
434,293
435,293
436,293
370,294
371,294
372,294
373,294
374,294
375,294
376,294
377,294
378,294
379,294
380,294
381,294
382,294
383,294
384,294
385,294
386,294
387,294
388,294
389,294
390,294
391,294
392,294
393,294
394,294
395,294
396,294
397,294
398,294
399,294
400,294
401,294
402,294
403,294
404,294
405,294
406,294
407,294
408,294
409,294
410,294
411,294
412,294
413,294
414,294
415,294
416,294
417,294
418,294
419,294
420,294
421,294
422,294
423,294
424,294
425,294
426,294
427,294
428,294
429,294
430,294
431,294
432,294
433,294
434,294
435,294
436,294
369,295
370,295
371,295
372,295
373,295
374,295
375,295
376,295
377,295
378,295
379,295
380,295
381,295
382,295
383,295
384,295
385,295
386,295
387,295
388,295
389,295
390,295
391,295
392,295
393,295
394,295
395,295
396,295
397,295
398,295
399,295
400,295
401,295
402,295
403,295
404,295
405,295
406,295
407,295
408,295
409,295
410,295
411,295
412,295
413,295
414,295
415,295
416,295
417,295
418,295
419,295
420,295
421,295
422,295
423,295
424,295
425,295
426,295
427,295
428,295
429,295
430,295
431,295
432,295
433,295
434,295
435,295
436,295
368,296
369,296
370,296
371,296
372,296
373,296
374,296
375,296
376,296
377,296
378,296
379,296
380,296
381,296
382,296
383,296
384,296
385,296
386,296
387,296
388,296
389,296
390,296
391,296
392,296
393,296
394,296
395,296
396,296
397,296
398,296
399,296
400,296
401,296
402,296
403,296
404,296
405,296
406,296
407,296
408,296
409,296
410,296
411,296
412,296
413,296
414,296
415,296
416,296
417,296
418,296
419,296
420,296
421,296
422,296
423,296
424,296
425,296
426,296
427,296
428,296
429,296
430,296
431,296
432,296
433,296
434,296
435,296
436,296
368,297
369,297
370,297
371,297
372,297
373,297
374,297
375,297
376,297
377,297
378,297
379,297
380,297
381,297
382,297
383,297
384,297
385,297
386,297
387,297
388,297
389,297
390,297
391,297
392,297
393,297
394,297
395,297
396,297
397,297
398,297
399,297
400,297
401,297
402,297
403,297
404,297
405,297
406,297
407,297
408,297
409,297
410,297
411,297
412,297
413,297
414,297
415,297
416,297
417,297
418,297
419,297
420,297
421,297
422,297
423,297
424,297
425,297
426,297
427,297
428,297
429,297
430,297
431,297
432,297
433,297
434,297
435,297
436,297
367,298
368,298
369,298
370,298
371,298
372,298
373,298
374,298
375,298
376,298
377,298
378,298
379,298
380,298
381,298
382,298
383,298
384,298
385,298
386,298
387,298
388,298
389,298
390,298
391,298
392,298
393,298
394,298
395,298
396,298
397,298
398,298
399,298
400,298
401,298
402,298
403,298
404,298
405,298
406,298
407,298
408,298
409,298
410,298
411,298
412,298
413,298
414,298
415,298
416,298
417,298
418,298
419,298
420,298
421,298
422,298
423,298
424,298
425,298
426,298
427,298
428,298
429,298
430,298
431,298
432,298
433,298
434,298
435,298
436,298
366,299
367,299
368,299
369,299
370,299
371,299
372,299
373,299
374,299
375,299
376,299
377,299
378,299
379,299
380,299
381,299
382,299
383,299
384,299
385,299
386,299
387,299
388,299
389,299
390,299
391,299
392,299
393,299
394,299
395,299
396,299
397,299
398,299
399,299
400,299
401,299
402,299
403,299
404,299
405,299
406,299
407,299
408,299
409,299
410,299
411,299
412,299
413,299
414,299
415,299
416,299
417,299
418,299
419,299
420,299
421,299
422,299
423,299
424,299
425,299
426,299
427,299
428,299
429,299
430,299
431,299
432,299
433,299
434,299
435,299
436,299
366,300
367,300
368,300
369,300
370,300
371,300
372,300
373,300
374,300
375,300
376,300
377,300
378,300
379,300
380,300
381,300
382,300
383,300
384,300
385,300
386,300
387,300
388,300
389,300
390,300
391,300
392,300
393,300
394,300
395,300
396,300
397,300
398,300
399,300
400,300
401,300
402,300
403,300
404,300
405,300
406,300
407,300
408,300
409,300
410,300
411,300
412,300
413,300
414,300
415,300
416,300
417,300
418,300
419,300
420,300
421,300
422,300
423,300
424,300
425,300
426,300
427,300
428,300
429,300
430,300
431,300
432,300
433,300
434,300
435,300
436,300
365,301
366,301
367,301
368,301
369,301
370,301
371,301
372,301
373,301
374,301
375,301
376,301
377,301
378,301
379,301
380,301
381,301
382,301
383,301
384,301
385,301
386,301
387,301
388,301
389,301
390,301
391,301
392,301
393,301
394,301
395,301
396,301
397,301
398,301
399,301
400,301
401,301
402,301
403,301
404,301
405,301
406,301
407,301
408,301
409,301
410,301
411,301
412,301
413,301
414,301
415,301
416,301
417,301
418,301
419,301
420,301
421,301
422,301
423,301
424,301
425,301
426,301
427,301
428,301
429,301
430,301
431,301
432,301
433,301
434,301
435,301
436,301
365,302
366,302
367,302
368,302
369,302
370,302
371,302
372,302
373,302
374,302
375,302
376,302
377,302
378,302
379,302
380,302
381,302
382,302
383,302
384,302
385,302
386,302
387,302
388,302
389,302
390,302
391,302
392,302
393,302
394,302
395,302
396,302
397,302
398,302
399,302
400,302
401,302
402,302
403,302
404,302
405,302
406,302
407,302
408,302
409,302
410,302
411,302
412,302
413,302
414,302
415,302
416,302
417,302
418,302
419,302
420,302
421,302
422,302
423,302
424,302
425,302
426,302
427,302
428,302
429,302
430,302
431,302
432,302
433,302
434,302
435,302
436,302
364,303
365,303
366,303
367,303
368,303
369,303
370,303
371,303
372,303
373,303
374,303
375,303
376,303
377,303
378,303
379,303
380,303
381,303
382,303
383,303
384,303
385,303
386,303
387,303
388,303
389,303
390,303
391,303
392,303
393,303
394,303
395,303
396,303
397,303
398,303
399,303
400,303
401,303
402,303
403,303
404,303
405,303
406,303
407,303
408,303
409,303
410,303
411,303
412,303
413,303
414,303
415,303
416,303
417,303
418,303
419,303
420,303
421,303
422,303
423,303
424,303
425,303
426,303
427,303
428,303
429,303
430,303
431,303
432,303
433,303
434,303
435,303
436,303
363,304
364,304
365,304
366,304
367,304
368,304
369,304
370,304
371,304
372,304
373,304
374,304
375,304
376,304
377,304
378,304
379,304
380,304
381,304
382,304
383,304
384,304
385,304
386,304
387,304
388,304
389,304
390,304
391,304
392,304
393,304
394,304
395,304
396,304
397,304
398,304
399,304
400,304
401,304
402,304
403,304
404,304
405,304
406,304
407,304
408,304
409,304
410,304
411,304
412,304
413,304
414,304
415,304
416,304
417,304
418,304
419,304
420,304
421,304
422,304
423,304
424,304
425,304
426,304
427,304
428,304
429,304
430,304
431,304
432,304
433,304
434,304
435,304
436,304
363,305
364,305
365,305
366,305
367,305
368,305
369,305
370,305
371,305
372,305
373,305
374,305
375,305
376,305
377,305
378,305
379,305
380,305
381,305
382,305
383,305
384,305
385,305
386,305
387,305
388,305
389,305
390,305
391,305
392,305
393,305
394,305
395,305
396,305
397,305
398,305
399,305
400,305
401,305
402,305
403,305
404,305
405,305
406,305
407,305
408,305
409,305
410,305
411,305
412,305
413,305
414,305
415,305
416,305
417,305
418,305
419,305
420,305
421,305
422,305
423,305
424,305
425,305
426,305
427,305
428,305
429,305
430,305
431,305
432,305
433,305
434,305
435,305
436,305
362,306
363,306
364,306
365,306
366,306
367,306
368,306
369,306
370,306
371,306
372,306
373,306
374,306
375,306
376,306
377,306
378,306
379,306
380,306
381,306
382,306
383,306
384,306
385,306
386,306
387,306
388,306
389,306
390,306
391,306
392,306
393,306
394,306
395,306
396,306
397,306
398,306
399,306
400,306
401,306
402,306
403,306
404,306
405,306
406,306
407,306
408,306
409,306
410,306
411,306
412,306
413,306
414,306
415,306
416,306
417,306
418,306
419,306
420,306
421,306
422,306
423,306
424,306
425,306
426,306
427,306
428,306
429,306
430,306
431,306
432,306
433,306
434,306
435,306
436,306
362,307
363,307
364,307
365,307
366,307
367,307
368,307
369,307
370,307
371,307
372,307
373,307
374,307
375,307
376,307
377,307
378,307
379,307
380,307
381,307
382,307
383,307
384,307
385,307
386,307
387,307
388,307
389,307
390,307
391,307
392,307
393,307
394,307
395,307
396,307
397,307
398,307
399,307
400,307
401,307
402,307
403,307
404,307
405,307
406,307
407,307
408,307
409,307
410,307
411,307
412,307
413,307
414,307
415,307
416,307
417,307
418,307
419,307
420,307
421,307
422,307
423,307
424,307
425,307
426,307
427,307
428,307
429,307
430,307
431,307
432,307
433,307
434,307
435,307
436,307
361,308
362,308
363,308
364,308
365,308
366,308
367,308
368,308
369,308
370,308
371,308
372,308
373,308
374,308
375,308
376,308
377,308
378,308
379,308
380,308
381,308
382,308
383,308
384,308
385,308
386,308
387,308
388,308
389,308
390,308
391,308
392,308
393,308
394,308
395,308
396,308
397,308
398,308
399,308
400,308
401,308
402,308
403,308
404,308
405,308
406,308
407,308
408,308
409,308
410,308
411,308
412,308
413,308
414,308
415,308
416,308
417,308
418,308
419,308
420,308
421,308
422,308
423,308
424,308
425,308
426,308
427,308
428,308
429,308
430,308
431,308
432,308
433,308
434,308
435,308
436,308
360,309
361,309
362,309
363,309
364,309
365,309
366,309
367,309
368,309
369,309
370,309
371,309
372,309
373,309
374,309
375,309
376,309
377,309
378,309
379,309
380,309
381,309
382,309
383,309
384,309
385,309
386,309
387,309
388,309
389,309
390,309
391,309
392,309
393,309
394,309
395,309
396,309
397,309
398,309
399,309
400,309
401,309
402,309
403,309
404,309
405,309
406,309
407,309
408,309
409,309
410,309
411,309
412,309
413,309
414,309
415,309
416,309
417,309
418,309
419,309
420,309
421,309
422,309
423,309
424,309
425,309
426,309
427,309
428,309
429,309
430,309
431,309
432,309
433,309
434,309
435,309
436,309
360,310
361,310
362,310
363,310
364,310
365,310
366,310
367,310
368,310
369,310
370,310
371,310
372,310
373,310
374,310
375,310
376,310
377,310
378,310
379,310
380,310
381,310
382,310
383,310
384,310
385,310
386,310
387,310
388,310
389,310
390,310
391,310
392,310
393,310
394,310
395,310
396,310
397,310
398,310
399,310
400,310
401,310
402,310
403,310
404,310
405,310
406,310
407,310
408,310
409,310
410,310
411,310
412,310
413,310
414,310
415,310
416,310
417,310
418,310
419,310
420,310
421,310
422,310
423,310
424,310
425,310
426,310
427,310
428,310
429,310
430,310
431,310
432,310
433,310
434,310
435,310
436,310
359,311
360,311
361,311
362,311
363,311
364,311
365,311
366,311
367,311
368,311
369,311
370,311
371,311
372,311
373,311
374,311
375,311
376,311
377,311
378,311
379,311
380,311
381,311
382,311
383,311
384,311
385,311
386,311
387,311
388,311
389,311
390,311
391,311
392,311
393,311
394,311
395,311
396,311
397,311
398,311
399,311
400,311
401,311
402,311
403,311
404,311
405,311
406,311
407,311
408,311
409,311
410,311
411,311
412,311
413,311
414,311
415,311
416,311
417,311
418,311
419,311
420,311
421,311
422,311
423,311
424,311
425,311
426,311
427,311
428,311
429,311
430,311
431,311
432,311
433,311
434,311
435,311
436,311
358,312
359,312
360,312
361,312
362,312
363,312
364,312
365,312
366,312
367,312
368,312
369,312
370,312
371,312
372,312
373,312
374,312
375,312
376,312
377,312
378,312
379,312
380,312
381,312
382,312
383,312
384,312
385,312
386,312
387,312
388,312
389,312
390,312
391,312
392,312
393,312
394,312
395,312
396,312
397,312
398,312
399,312
400,312
401,312
402,312
403,312
404,312
405,312
406,312
407,312
408,312
409,312
410,312
411,312
412,312
413,312
414,312
415,312
416,312
417,312
418,312
419,312
420,312
421,312
422,312
423,312
424,312
425,312
426,312
427,312
428,312
429,312
430,312
431,312
432,312
433,312
434,312
435,312
436,312
358,313
359,313
360,313
361,313
362,313
363,313
364,313
365,313
366,313
367,313
368,313
369,313
370,313
371,313
372,313
373,313
374,313
375,313
376,313
377,313
378,313
379,313
380,313
381,313
382,313
383,313
384,313
385,313
386,313
387,313
388,313
389,313
390,313
391,313
392,313
393,313
394,313
395,313
396,313
397,313
398,313
399,313
400,313
401,313
402,313
403,313
404,313
405,313
406,313
407,313
408,313
409,313
410,313
411,313
412,313
413,313
414,313
415,313
416,313
417,313
418,313
419,313
420,313
421,313
422,313
423,313
424,313
425,313
426,313
427,313
428,313
429,313
430,313
431,313
432,313
433,313
434,313
435,313
436,313
357,314
358,314
359,314
360,314
361,314
362,314
363,314
364,314
365,314
366,314
367,314
368,314
369,314
370,314
371,314
372,314
373,314
374,314
375,314
376,314
377,314
378,314
379,314
380,314
381,314
382,314
383,314
384,314
385,314
386,314
387,314
388,314
389,314
390,314
391,314
392,314
393,314
394,314
395,314
396,314
397,314
398,314
399,314
400,314
401,314
402,314
403,314
404,314
405,314
406,314
407,314
408,314
409,314
410,314
411,314
412,314
413,314
414,314
415,314
416,314
417,314
418,314
419,314
420,314
421,314
422,314
423,314
424,314
425,314
426,314
427,314
428,314
429,314
430,314
431,314
432,314
433,314
434,314
435,314
436,314
357,315
358,315
359,315
360,315
361,315
362,315
363,315
364,315
365,315
366,315
367,315
368,315
369,315
370,315
371,315
372,315
373,315
374,315
375,315
376,315
377,315
378,315
379,315
380,315
381,315
382,315
383,315
384,315
385,315
386,315
387,315
388,315
389,315
390,315
391,315
392,315
393,315
394,315
395,315
396,315
397,315
398,315
399,315
400,315
401,315
402,315
403,315
404,315
405,315
406,315
407,315
408,315
409,315
410,315
411,315
412,315
413,315
414,315
415,315
416,315
417,315
418,315
419,315
420,315
421,315
422,315
423,315
424,315
425,315
426,315
427,315
428,315
429,315
430,315
431,315
432,315
433,315
434,315
435,315
436,315
357,316
358,316
359,316
360,316
361,316
362,316
363,316
364,316
365,316
366,316
367,316
368,316
369,316
370,316
371,316
372,316
373,316
374,316
375,316
376,316
377,316
378,316
379,316
380,316
381,316
382,316
383,316
384,316
385,316
386,316
387,316
388,316
389,316
390,316
391,316
392,316
393,316
394,316
395,316
396,316
397,316
398,316
399,316
400,316
401,316
402,316
403,316
404,316
405,316
406,316
407,316
408,316
409,316
410,316
411,316
412,316
413,316
414,316
415,316
416,316
417,316
418,316
419,316
420,316
421,316
422,316
423,316
424,316
425,316
426,316
427,316
428,316
429,316
430,316
431,316
432,316
433,316
434,316
435,316
436,316
358,317
359,317
360,317
361,317
362,317
363,317
364,317
365,317
366,317
367,317
368,317
369,317
370,317
371,317
372,317
373,317
374,317
375,317
376,317
377,317
378,317
379,317
380,317
381,317
382,317
383,317
384,317
385,317
386,317
387,317
388,317
389,317
390,317
391,317
392,317
393,317
394,317
395,317
396,317
397,317
398,317
399,317
400,317
401,317
402,317
403,317
404,317
405,317
406,317
407,317
408,317
409,317
410,317
411,317
412,317
413,317
414,317
415,317
416,317
417,317
418,317
419,317
420,317
421,317
422,317
423,317
424,317
425,317
426,317
427,317
428,317
429,317
430,317
431,317
432,317
433,317
434,317
435,317
436,317
358,318
359,318
360,318
361,318
362,318
363,318
364,318
365,318
366,318
367,318
368,318
369,318
370,318
371,318
372,318
373,318
374,318
375,318
376,318
377,318
378,318
379,318
380,318
381,318
382,318
383,318
384,318
385,318
386,318
387,318
388,318
389,318
390,318
391,318
392,318
393,318
394,318
395,318
396,318
397,318
398,318
399,318
400,318
401,318
402,318
403,318
404,318
405,318
406,318
407,318
408,318
409,318
410,318
411,318
412,318
413,318
414,318
415,318
416,318
417,318
418,318
419,318
420,318
421,318
422,318
423,318
424,318
425,318
426,318
427,318
428,318
429,318
430,318
431,318
432,318
433,318
434,318
435,318
436,318
359,319
360,319
361,319
362,319
363,319
364,319
365,319
366,319
367,319
368,319
369,319
370,319
371,319
372,319
373,319
374,319
375,319
376,319
377,319
378,319
379,319
380,319
381,319
382,319
383,319
384,319
385,319
386,319
387,319
388,319
389,319
390,319
391,319
392,319
393,319
394,319
395,319
396,319
397,319
398,319
399,319
400,319
401,319
402,319
403,319
404,319
405,319
406,319
407,319
408,319
409,319
410,319
411,319
412,319
413,319
414,319
415,319
416,319
417,319
418,319
419,319
420,319
421,319
422,319
423,319
424,319
425,319
426,319
427,319
428,319
429,319
430,319
431,319
432,319
433,319
434,319
435,319
436,319
360,320
361,320
362,320
363,320
364,320
365,320
366,320
367,320
368,320
369,320
370,320
371,320
372,320
373,320
374,320
375,320
376,320
377,320
378,320
379,320
380,320
381,320
382,320
383,320
384,320
385,320
386,320
387,320
388,320
389,320
390,320
391,320
392,320
393,320
394,320
395,320
396,320
397,320
398,320
399,320
400,320
401,320
402,320
403,320
404,320
405,320
406,320
407,320
408,320
409,320
410,320
411,320
412,320
413,320
414,320
415,320
416,320
417,320
418,320
419,320
420,320
421,320
422,320
423,320
424,320
425,320
426,320
427,320
428,320
429,320
430,320
431,320
432,320
433,320
434,320
435,320
436,320
360,321
361,321
362,321
363,321
364,321
365,321
366,321
367,321
368,321
369,321
370,321
371,321
372,321
373,321
374,321
375,321
376,321
377,321
378,321
379,321
380,321
381,321
382,321
383,321
384,321
385,321
386,321
387,321
388,321
389,321
390,321
391,321
392,321
393,321
394,321
395,321
396,321
397,321
398,321
399,321
400,321
401,321
402,321
403,321
404,321
405,321
406,321
407,321
408,321
409,321
410,321
411,321
412,321
413,321
414,321
415,321
416,321
417,321
418,321
419,321
420,321
421,321
422,321
423,321
424,321
425,321
426,321
427,321
428,321
429,321
430,321
431,321
432,321
433,321
434,321
435,321
436,321
361,322
362,322
363,322
364,322
365,322
366,322
367,322
368,322
369,322
370,322
371,322
372,322
373,322
374,322
375,322
376,322
377,322
378,322
379,322
380,322
381,322
382,322
383,322
384,322
385,322
386,322
387,322
388,322
389,322
390,322
391,322
392,322
393,322
394,322
395,322
396,322
397,322
398,322
399,322
400,322
401,322
402,322
403,322
404,322
405,322
406,322
407,322
408,322
409,322
410,322
411,322
412,322
413,322
414,322
415,322
416,322
417,322
418,322
419,322
420,322
421,322
422,322
423,322
424,322
425,322
426,322
427,322
428,322
429,322
430,322
431,322
432,322
433,322
434,322
435,322
436,322
362,323
363,323
364,323
365,323
366,323
367,323
368,323
369,323
370,323
371,323
372,323
373,323
374,323
375,323
376,323
377,323
378,323
379,323
380,323
381,323
382,323
383,323
384,323
385,323
386,323
387,323
388,323
389,323
390,323
391,323
392,323
393,323
394,323
395,323
396,323
397,323
398,323
399,323
400,323
401,323
402,323
403,323
404,323
405,323
406,323
407,323
408,323
409,323
410,323
411,323
412,323
413,323
414,323
415,323
416,323
417,323
418,323
419,323
420,323
421,323
422,323
423,323
424,323
425,323
426,323
427,323
428,323
429,323
430,323
431,323
432,323
433,323
434,323
435,323
436,323
362,324
363,324
364,324
365,324
366,324
367,324
368,324
369,324
370,324
371,324
372,324
373,324
374,324
375,324
376,324
377,324
378,324
379,324
380,324
381,324
382,324
383,324
384,324
385,324
386,324
387,324
388,324
389,324
390,324
391,324
392,324
393,324
394,324
395,324
396,324
397,324
398,324
399,324
400,324
401,324
402,324
403,324
404,324
405,324
406,324
407,324
408,324
409,324
410,324
411,324
412,324
413,324
414,324
415,324
416,324
417,324
418,324
419,324
420,324
421,324
422,324
423,324
424,324
425,324
426,324
427,324
428,324
429,324
430,324
431,324
432,324
433,324
434,324
435,324
436,324
363,325
364,325
365,325
366,325
367,325
368,325
369,325
370,325
371,325
372,325
373,325
374,325
375,325
376,325
377,325
378,325
379,325
380,325
381,325
382,325
383,325
384,325
385,325
386,325
387,325
388,325
389,325
390,325
391,325
392,325
393,325
394,325
395,325
396,325
397,325
398,325
399,325
400,325
401,325
402,325
403,325
404,325
405,325
406,325
407,325
408,325
409,325
410,325
411,325
412,325
413,325
414,325
415,325
416,325
417,325
418,325
419,325
420,325
421,325
422,325
423,325
424,325
425,325
426,325
427,325
428,325
429,325
430,325
431,325
432,325
433,325
434,325
435,325
436,325
364,326
365,326
366,326
367,326
368,326
369,326
370,326
371,326
372,326
373,326
374,326
375,326
376,326
377,326
378,326
379,326
380,326
381,326
382,326
383,326
384,326
385,326
386,326
387,326
388,326
389,326
390,326
391,326
392,326
393,326
394,326
395,326
396,326
397,326
398,326
399,326
400,326
401,326
402,326
403,326
404,326
405,326
406,326
407,326
408,326
409,326
410,326
411,326
412,326
413,326
414,326
415,326
416,326
417,326
418,326
419,326
420,326
421,326
422,326
423,326
424,326
425,326
426,326
427,326
428,326
429,326
430,326
431,326
432,326
433,326
434,326
435,326
436,326
364,327
365,327
366,327
367,327
368,327
369,327
370,327
371,327
372,327
373,327
374,327
375,327
376,327
377,327
378,327
379,327
380,327
381,327
382,327
383,327
384,327
385,327
386,327
387,327
388,327
389,327
390,327
391,327
392,327
393,327
394,327
395,327
396,327
397,327
398,327
399,327
400,327
401,327
402,327
403,327
404,327
405,327
406,327
407,327
408,327
409,327
410,327
411,327
412,327
413,327
414,327
415,327
416,327
417,327
418,327
419,327
420,327
421,327
422,327
423,327
424,327
425,327
426,327
427,327
428,327
429,327
430,327
431,327
432,327
433,327
434,327
435,327
436,327
365,328
366,328
367,328
368,328
369,328
370,328
371,328
372,328
373,328
374,328
375,328
376,328
377,328
378,328
379,328
380,328
381,328
382,328
383,328
384,328
385,328
386,328
387,328
388,328
389,328
390,328
391,328
392,328
393,328
394,328
395,328
396,328
397,328
398,328
399,328
400,328
401,328
402,328
403,328
404,328
405,328
406,328
407,328
408,328
409,328
410,328
411,328
412,328
413,328
414,328
415,328
416,328
417,328
418,328
419,328
420,328
421,328
422,328
423,328
424,328
425,328
426,328
427,328
428,328
429,328
430,328
431,328
432,328
433,328
434,328
435,328
436,328
365,329
366,329
367,329
368,329
369,329
370,329
371,329
372,329
373,329
374,329
375,329
376,329
377,329
378,329
379,329
380,329
381,329
382,329
383,329
384,329
385,329
386,329
387,329
388,329
389,329
390,329
391,329
392,329
393,329
394,329
395,329
396,329
397,329
398,329
399,329
400,329
401,329
402,329
403,329
404,329
405,329
406,329
407,329
408,329
409,329
410,329
411,329
412,329
413,329
414,329
415,329
416,329
417,329
418,329
419,329
420,329
421,329
422,329
423,329
424,329
425,329
426,329
427,329
428,329
429,329
430,329
431,329
432,329
433,329
434,329
435,329
436,329
366,330
367,330
368,330
369,330
370,330
371,330
372,330
373,330
374,330
375,330
376,330
377,330
378,330
379,330
380,330
381,330
382,330
383,330
384,330
385,330
386,330
387,330
388,330
389,330
390,330
391,330
392,330
393,330
394,330
395,330
396,330
397,330
398,330
399,330
400,330
401,330
402,330
403,330
404,330
405,330
406,330
407,330
408,330
409,330
410,330
411,330
412,330
413,330
414,330
415,330
416,330
417,330
418,330
419,330
420,330
421,330
422,330
423,330
424,330
425,330
426,330
427,330
428,330
429,330
430,330
431,330
432,330
433,330
434,330
435,330
436,330
367,331
368,331
369,331
370,331
371,331
372,331
373,331
374,331
375,331
376,331
377,331
378,331
379,331
380,331
381,331
382,331
383,331
384,331
385,331
386,331
387,331
388,331
389,331
390,331
391,331
392,331
393,331
394,331
395,331
396,331
397,331
398,331
399,331
400,331
401,331
402,331
403,331
404,331
405,331
406,331
407,331
408,331
409,331
410,331
411,331
412,331
413,331
414,331
415,331
416,331
417,331
418,331
419,331
420,331
421,331
422,331
423,331
424,331
425,331
426,331
427,331
428,331
429,331
430,331
431,331
432,331
433,331
434,331
435,331
436,331
367,332
368,332
369,332
370,332
371,332
372,332
373,332
374,332
375,332
376,332
377,332
378,332
379,332
380,332
381,332
382,332
383,332
384,332
385,332
386,332
387,332
388,332
389,332
390,332
391,332
392,332
393,332
394,332
395,332
396,332
397,332
398,332
399,332
400,332
401,332
402,332
403,332
404,332
405,332
406,332
407,332
408,332
409,332
410,332
411,332
412,332
413,332
414,332
415,332
416,332
417,332
418,332
419,332
420,332
421,332
422,332
423,332
424,332
425,332
426,332
427,332
428,332
429,332
430,332
431,332
432,332
433,332
434,332
435,332
436,332
368,333
369,333
370,333
371,333
372,333
373,333
374,333
375,333
376,333
377,333
378,333
379,333
380,333
381,333
382,333
383,333
384,333
385,333
386,333
387,333
388,333
389,333
390,333
391,333
392,333
393,333
394,333
395,333
396,333
397,333
398,333
399,333
400,333
401,333
402,333
403,333
404,333
405,333
406,333
407,333
408,333
409,333
410,333
411,333
412,333
413,333
414,333
415,333
416,333
417,333
418,333
419,333
420,333
421,333
422,333
423,333
424,333
425,333
426,333
427,333
428,333
429,333
430,333
431,333
432,333
433,333
434,333
435,333
436,333
369,334
370,334
371,334
372,334
373,334
374,334
375,334
376,334
377,334
378,334
379,334
380,334
381,334
382,334
383,334
384,334
385,334
386,334
387,334
388,334
389,334
390,334
391,334
392,334
393,334
394,334
395,334
396,334
397,334
398,334
399,334
400,334
401,334
402,334
403,334
404,334
405,334
406,334
407,334
408,334
409,334
410,334
411,334
412,334
413,334
414,334
415,334
416,334
417,334
418,334
419,334
420,334
421,334
422,334
423,334
424,334
425,334
426,334
427,334
428,334
429,334
430,334
431,334
432,334
433,334
434,334
435,334
436,334
369,335
370,335
371,335
372,335
373,335
374,335
375,335
376,335
377,335
378,335
379,335
380,335
381,335
382,335
383,335
384,335
385,335
386,335
387,335
388,335
389,335
390,335
391,335
392,335
393,335
394,335
395,335
396,335
397,335
398,335
399,335
400,335
401,335
402,335
403,335
404,335
405,335
406,335
407,335
408,335
409,335
410,335
411,335
412,335
413,335
414,335
415,335
416,335
417,335
418,335
419,335
420,335
421,335
422,335
423,335
424,335
425,335
426,335
427,335
428,335
429,335
430,335
431,335
432,335
433,335
434,335
435,335
436,335
370,336
371,336
372,336
373,336
374,336
375,336
376,336
377,336
378,336
379,336
380,336
381,336
382,336
383,336
384,336
385,336
386,336
387,336
388,336
389,336
390,336
391,336
392,336
393,336
394,336
395,336
396,336
397,336
398,336
399,336
400,336
401,336
402,336
403,336
404,336
405,336
406,336
407,336
408,336
409,336
410,336
411,336
412,336
413,336
414,336
415,336
416,336
417,336
418,336
419,336
420,336
421,336
422,336
423,336
424,336
425,336
426,336
427,336
428,336
429,336
430,336
431,336
432,336
433,336
434,336
435,336
436,336
370,337
371,337
372,337
373,337
374,337
375,337
376,337
377,337
378,337
379,337
380,337
381,337
382,337
383,337
384,337
385,337
386,337
387,337
388,337
389,337
390,337
391,337
392,337
393,337
394,337
395,337
396,337
397,337
398,337
399,337
400,337
401,337
402,337
403,337
404,337
405,337
406,337
407,337
408,337
409,337
410,337
411,337
412,337
413,337
414,337
415,337
416,337
417,337
418,337
419,337
420,337
421,337
422,337
423,337
424,337
425,337
426,337
427,337
428,337
429,337
430,337
431,337
432,337
433,337
434,337
435,337
436,337
371,338
372,338
373,338
374,338
375,338
376,338
377,338
378,338
379,338
380,338
381,338
382,338
383,338
384,338
385,338
386,338
387,338
388,338
389,338
390,338
391,338
392,338
393,338
394,338
395,338
396,338
397,338
398,338
399,338
400,338
401,338
402,338
403,338
404,338
405,338
406,338
407,338
408,338
409,338
410,338
411,338
412,338
413,338
414,338
415,338
416,338
417,338
418,338
419,338
420,338
421,338
422,338
423,338
424,338
425,338
426,338
427,338
428,338
429,338
430,338
431,338
432,338
433,338
434,338
435,338
436,338
372,339
373,339
374,339
375,339
376,339
377,339
378,339
379,339
380,339
381,339
382,339
383,339
384,339
385,339
386,339
387,339
388,339
389,339
390,339
391,339
392,339
393,339
394,339
395,339
396,339
397,339
398,339
399,339
400,339
401,339
402,339
403,339
404,339
405,339
406,339
407,339
408,339
409,339
410,339
411,339
412,339
413,339
414,339
415,339
416,339
417,339
418,339
419,339
420,339
421,339
422,339
423,339
424,339
425,339
426,339
427,339
428,339
429,339
430,339
431,339
432,339
433,339
434,339
435,339
436,339
372,340
373,340
374,340
375,340
376,340
377,340
378,340
379,340
380,340
381,340
382,340
383,340
384,340
385,340
386,340
387,340
388,340
389,340
390,340
391,340
392,340
393,340
394,340
395,340
396,340
397,340
398,340
399,340
400,340
401,340
402,340
403,340
404,340
405,340
406,340
407,340
408,340
409,340
410,340
411,340
412,340
413,340
414,340
415,340
416,340
417,340
418,340
419,340
420,340
421,340
422,340
423,340
424,340
425,340
426,340
427,340
428,340
429,340
430,340
431,340
432,340
433,340
434,340
435,340
436,340
373,341
374,341
375,341
376,341
377,341
378,341
379,341
380,341
381,341
382,341
383,341
384,341
385,341
386,341
387,341
388,341
389,341
390,341
391,341
392,341
393,341
394,341
395,341
396,341
397,341
398,341
399,341
400,341
401,341
402,341
403,341
404,341
405,341
406,341
407,341
408,341
409,341
410,341
411,341
412,341
413,341
414,341
415,341
416,341
417,341
418,341
419,341
420,341
421,341
422,341
423,341
424,341
425,341
426,341
427,341
428,341
429,341
430,341
431,341
432,341
433,341
434,341
435,341
436,341
374,342
375,342
376,342
377,342
378,342
379,342
380,342
381,342
382,342
383,342
384,342
385,342
386,342
387,342
388,342
389,342
390,342
391,342
392,342
393,342
394,342
395,342
396,342
397,342
398,342
399,342
400,342
401,342
402,342
403,342
404,342
405,342
406,342
407,342
408,342
409,342
410,342
411,342
412,342
413,342
414,342
415,342
416,342
417,342
418,342
419,342
420,342
421,342
422,342
423,342
424,342
425,342
426,342
427,342
428,342
429,342
430,342
431,342
432,342
433,342
434,342
435,342
436,342
374,343
375,343
376,343
377,343
378,343
379,343
380,343
381,343
382,343
383,343
384,343
385,343
386,343
387,343
388,343
389,343
390,343
391,343
392,343
393,343
394,343
395,343
396,343
397,343
398,343
399,343
400,343
401,343
402,343
403,343
404,343
405,343
406,343
407,343
408,343
409,343
410,343
411,343
412,343
413,343
414,343
415,343
416,343
417,343
418,343
419,343
420,343
421,343
422,343
423,343
424,343
425,343
426,343
427,343
428,343
429,343
430,343
431,343
432,343
433,343
434,343
435,343
436,343
375,344
376,344
377,344
378,344
379,344
380,344
381,344
382,344
383,344
384,344
385,344
386,344
387,344
388,344
389,344
390,344
391,344
392,344
393,344
394,344
395,344
396,344
397,344
398,344
399,344
400,344
401,344
402,344
403,344
404,344
405,344
406,344
407,344
408,344
409,344
410,344
411,344
412,344
413,344
414,344
415,344
416,344
417,344
418,344
419,344
420,344
421,344
422,344
423,344
424,344
425,344
426,344
427,344
428,344
429,344
430,344
431,344
432,344
433,344
434,344
435,344
436,344
375,345
376,345
377,345
378,345
379,345
380,345
381,345
382,345
383,345
384,345
385,345
386,345
387,345
388,345
389,345
390,345
391,345
392,345
393,345
394,345
395,345
396,345
397,345
398,345
399,345
400,345
401,345
402,345
403,345
404,345
405,345
406,345
407,345
408,345
409,345
410,345
411,345
412,345
413,345
414,345
415,345
416,345
417,345
418,345
419,345
420,345
421,345
422,345
423,345
424,345
425,345
426,345
427,345
428,345
429,345
430,345
431,345
432,345
433,345
434,345
435,345
376,346
377,346
378,346
379,346
380,346
381,346
382,346
383,346
384,346
385,346
386,346
387,346
388,346
389,346
390,346
391,346
392,346
393,346
394,346
395,346
396,346
397,346
398,346
399,346
400,346
401,346
402,346
403,346
404,346
405,346
406,346
407,346
408,346
409,346
410,346
411,346
412,346
413,346
414,346
415,346
416,346
417,346
418,346
419,346
420,346
421,346
422,346
423,346
424,346
425,346
426,346
427,346
428,346
429,346
430,346
431,346
432,346
433,346
377,347
378,347
379,347
380,347
381,347
382,347
383,347
384,347
385,347
386,347
387,347
388,347
389,347
390,347
391,347
392,347
393,347
394,347
395,347
396,347
397,347
398,347
399,347
400,347
401,347
402,347
403,347
404,347
405,347
406,347
407,347
408,347
409,347
410,347
411,347
412,347
413,347
414,347
415,347
416,347
417,347
418,347
419,347
420,347
421,347
422,347
423,347
424,347
425,347
426,347
427,347
428,347
429,347
430,347
377,348
378,348
379,348
380,348
381,348
382,348
383,348
384,348
385,348
386,348
387,348
388,348
389,348
390,348
391,348
392,348
393,348
394,348
395,348
396,348
397,348
398,348
399,348
400,348
401,348
402,348
403,348
404,348
405,348
406,348
407,348
408,348
409,348
410,348
411,348
412,348
413,348
414,348
415,348
416,348
417,348
418,348
419,348
420,348
421,348
422,348
423,348
424,348
425,348
426,348
427,348
428,348
378,349
379,349
380,349
381,349
382,349
383,349
384,349
385,349
386,349
387,349
388,349
389,349
390,349
391,349
392,349
393,349
394,349
395,349
396,349
397,349
398,349
399,349
400,349
401,349
402,349
403,349
404,349
405,349
406,349
407,349
408,349
409,349
410,349
411,349
412,349
413,349
414,349
415,349
416,349
417,349
418,349
419,349
420,349
421,349
422,349
423,349
424,349
425,349
379,350
380,350
381,350
382,350
383,350
384,350
385,350
386,350
387,350
388,350
389,350
390,350
391,350
392,350
393,350
394,350
395,350
396,350
397,350
398,350
399,350
400,350
401,350
402,350
403,350
404,350
405,350
406,350
407,350
408,350
409,350
410,350
411,350
412,350
413,350
414,350
415,350
416,350
417,350
418,350
419,350
420,350
421,350
422,350
423,350
379,351
380,351
381,351
382,351
383,351
384,351
385,351
386,351
387,351
388,351
389,351
390,351
391,351
392,351
393,351
394,351
395,351
396,351
397,351
398,351
399,351
400,351
401,351
402,351
403,351
404,351
405,351
406,351
407,351
408,351
409,351
410,351
411,351
412,351
413,351
414,351
415,351
416,351
417,351
418,351
419,351
420,351
380,352
381,352
382,352
383,352
384,352
385,352
386,352
387,352
388,352
389,352
390,352
391,352
392,352
393,352
394,352
395,352
396,352
397,352
398,352
399,352
400,352
401,352
402,352
403,352
404,352
405,352
406,352
407,352
408,352
409,352
410,352
411,352
412,352
413,352
414,352
415,352
416,352
417,352
418,352
381,353
382,353
383,353
384,353
385,353
386,353
387,353
388,353
389,353
390,353
391,353
392,353
393,353
394,353
395,353
396,353
397,353
398,353
399,353
400,353
401,353
402,353
403,353
404,353
405,353
406,353
407,353
408,353
409,353
410,353
411,353
412,353
413,353
414,353
415,353
381,354
382,354
383,354
384,354
385,354
386,354
387,354
388,354
389,354
390,354
391,354
392,354
393,354
394,354
395,354
396,354
397,354
398,354
399,354
400,354
401,354
402,354
403,354
404,354
405,354
406,354
407,354
408,354
409,354
410,354
411,354
412,354
382,355
383,355
384,355
385,355
386,355
387,355
388,355
389,355
390,355
391,355
392,355
393,355
394,355
395,355
396,355
397,355
398,355
399,355
400,355
401,355
402,355
403,355
404,355
405,355
406,355
407,355
408,355
409,355
410,355
382,356
383,356
384,356
385,356
386,356
387,356
388,356
389,356
390,356
391,356
392,356
393,356
394,356
395,356
396,356
397,356
398,356
399,356
400,356
401,356
402,356
403,356
404,356
405,356
406,356
407,356
383,357
384,357
385,357
386,357
387,357
388,357
389,357
390,357
391,357
392,357
393,357
394,357
395,357
396,357
397,357
398,357
399,357
400,357
401,357
402,357
403,357
404,357
405,357
384,358
385,358
386,358
387,358
388,358
389,358
390,358
391,358
392,358
393,358
394,358
395,358
396,358
397,358
398,358
399,358
400,358
401,358
402,358
384,359
385,359
386,359
387,359
388,359
389,359
390,359
391,359
392,359
393,359
394,359
395,359
396,359
397,359
398,359
399,359
400,359
385,360
386,360
387,360
388,360
389,360
390,360
391,360
392,360
393,360
394,360
395,360
396,360
397,360
386,361
387,361
388,361
389,361
390,361
391,361
392,361
393,361
394,361
395,361
386,362
387,362
388,362
389,362
390,362
391,362
392,362
387,363
388,363
389,363
