214,440,195,235,72
215,440,189,233,53
216,440,189,233,53
217,440,195,235,72
213,441,194,234,69
214,441,182,230,32
215,441,181,230,29
216,441,181,230,29
217,441,182,230,32
218,441,188,232,51
219,441,189,233,53
220,441,195,235,72
212,442,195,235,72
213,442,182,230,32
214,442,181,230,29
215,442,181,230,29
216,442,181,230,29
217,442,181,230,29
218,442,181,230,29
219,442,181,230,29
220,442,182,230,32
221,442,188,232,51
222,442,189,233,53
223,442,189,233,53
224,442,195,235,72
212,443,188,232,51
213,443,181,230,29
214,443,181,230,29
215,443,181,230,29
216,443,181,230,29
217,443,181,230,29
218,443,181,230,29
219,443,181,230,29
220,443,181,230,29
221,443,181,230,29
222,443,181,230,29
223,443,181,230,29
224,443,182,230,32
225,443,188,232,51
226,443,189,233,53
227,443,195,235,72
211,444,194,234,69
212,444,182,230,32
213,444,181,230,29
214,444,181,230,29
215,444,181,230,29
216,444,181,230,29
217,444,181,230,29
218,444,181,230,29
219,444,181,230,29
220,444,181,230,29
221,444,181,230,29
222,444,181,230,29
223,444,181,230,29
224,444,181,230,29
225,444,181,230,29
226,444,181,230,29
227,444,182,230,32
228,444,188,232,51
229,444,189,233,53
230,444,189,233,53
231,444,195,235,72
210,445,194,234,69
211,445,182,230,32
212,445,181,230,29
213,445,181,230,29
214,445,181,230,29
215,445,181,230,29
216,445,181,230,29
217,445,181,230,29
218,445,181,230,29
219,445,181,230,29
220,445,181,230,29
221,445,181,230,29
222,445,181,230,29
223,445,181,230,29
224,445,181,230,29
225,445,181,230,29
226,445,181,230,29
227,445,181,230,29
228,445,181,230,29
229,445,181,230,29
230,445,181,230,29
231,445,182,230,32
232,445,188,232,51
233,445,189,233,53
234,445,195,235,72
209,446,194,234,69
210,446,182,230,32
211,446,181,230,29
212,446,181,230,29
213,446,181,230,29
214,446,181,230,29
215,446,181,230,29
216,446,181,230,29
217,446,181,230,29
218,446,181,230,29
219,446,181,230,29
220,446,181,230,29
221,446,181,230,29
222,446,181,230,29
223,446,181,230,29
224,446,181,230,29
225,446,181,230,29
226,446,181,230,29
227,446,181,230,29
228,446,181,230,29
229,446,181,230,29
230,446,181,230,29
231,446,181,230,29
232,446,181,230,29
233,446,181,230,29
234,446,182,230,32
235,446,188,232,51
236,446,195,235,72
208,447,195,235,72
209,447,182,230,32
210,447,181,230,29
211,447,181,230,29
212,447,181,230,29
213,447,181,230,29
214,447,181,230,29
215,447,181,230,29
216,447,181,230,29
217,447,181,230,29
218,447,181,230,29
219,447,181,230,29
220,447,181,230,29
221,447,181,230,29
222,447,181,230,29
223,447,181,230,29
224,447,181,230,29
225,447,181,230,29
226,447,181,230,29
227,447,181,230,29
228,447,181,230,29
229,447,181,230,29
230,447,181,230,29
231,447,181,230,29
232,447,181,230,29
233,447,181,230,29
234,447,181,230,29
235,447,181,230,29
236,447,182,230,32
237,447,195,235,72
208,448,188,232,51
209,448,181,230,29
210,448,181,230,29
211,448,181,230,29
212,448,181,230,29
213,448,181,230,29
214,448,181,230,29
215,448,181,230,29
216,448,181,230,29
217,448,181,230,29
218,448,181,230,29
219,448,181,230,29
220,448,181,230,29
221,448,181,230,29
222,448,181,230,29
223,448,181,230,29
224,448,181,230,29
225,448,181,230,29
226,448,181,230,29
227,448,181,230,29
228,448,181,230,29
229,448,181,230,29
230,448,181,230,29
231,448,181,230,29
232,448,181,230,29
233,448,181,230,29
234,448,181,230,29
235,448,181,230,29
236,448,181,230,29
237,448,189,233,53
207,449,194,234,69
208,449,182,230,32
209,449,181,230,29
210,449,181,230,29
211,449,181,230,29
212,449,181,230,29
213,449,181,230,29
214,449,181,230,29
215,449,181,230,29
216,449,181,230,29
217,449,181,230,29
218,449,181,230,29
219,449,181,230,29
220,449,181,230,29
221,449,181,230,29
222,449,181,230,29
223,449,181,230,29
224,449,181,230,29
225,449,181,230,29
226,449,181,230,29
227,449,181,230,29
228,449,181,230,29
229,449,181,230,29
230,449,181,230,29
231,449,181,230,29
232,449,181,230,29
233,449,181,230,29
234,449,181,230,29
235,449,181,230,29
236,449,181,230,29
237,449,189,233,53
206,450,194,234,69
207,450,182,230,32
208,450,181,230,29
209,450,181,230,29
210,450,181,230,29
211,450,181,230,29
212,450,181,230,29
213,450,181,230,29
214,450,181,230,29
215,450,181,230,29
216,450,181,230,29
217,450,181,230,29
218,450,181,230,29
219,450,181,230,29
220,450,181,230,29
221,450,181,230,29
222,450,181,230,29
223,450,181,230,29
224,450,181,230,29
225,450,181,230,29
226,450,181,230,29
227,450,181,230,29
228,450,181,230,29
229,450,181,230,29
230,450,181,230,29
231,450,181,230,29
232,450,181,230,29
233,450,181,230,29
234,450,181,230,29
235,450,181,230,29
236,450,181,230,29
237,450,189,233,53
205,451,194,234,69
206,451,182,230,32
207,451,181,230,29
208,451,181,230,29
209,451,181,230,29
210,451,181,230,29
211,451,181,230,29
212,451,181,230,29
213,451,181,230,29
214,451,181,230,29
215,451,181,230,29
216,451,181,230,29
217,451,181,230,29
218,451,181,230,29
219,451,181,230,29
220,451,181,230,29
221,451,181,230,29
222,451,181,230,29
223,451,181,230,29
224,451,181,230,29
225,451,181,230,29
226,451,181,230,29
227,451,181,230,29
228,451,181,230,29
229,451,181,230,29
230,451,181,230,29
231,451,181,230,29
232,451,181,230,29
233,451,181,230,29
234,451,181,230,29
235,451,181,230,29
236,451,181,230,29
237,451,189,233,53
204,452,195,235,72
205,452,182,230,32
206,452,181,230,29
207,452,181,230,29
208,452,181,230,29
209,452,181,230,29
210,452,181,230,29
211,452,181,230,29
212,452,181,230,29
213,452,181,230,29
214,452,181,230,29
215,452,181,230,29
216,452,181,230,29
217,452,181,230,29
218,452,181,230,29
219,452,181,230,29
220,452,181,230,29
221,452,181,230,29
222,452,181,230,29
223,452,181,230,29
224,452,181,230,29
225,452,181,230,29
226,452,181,230,29
227,452,181,230,29
228,452,181,230,29
229,452,181,230,29
230,452,181,230,29
231,452,181,230,29
232,452,181,230,29
233,452,181,230,29
234,452,181,230,29
235,452,181,230,29
236,452,181,230,29
237,452,189,233,53
204,453,188,232,51
205,453,181,230,29
206,453,181,230,29
207,453,181,230,29
208,453,181,230,29
209,453,181,230,29
210,453,181,230,29
211,453,181,230,29
212,453,181,230,29
213,453,181,230,29
214,453,181,230,29
215,453,181,230,29
216,453,181,230,29
217,453,181,230,29
218,453,181,230,29
219,453,181,230,29
220,453,181,230,29
221,453,181,230,29
222,453,181,230,29
223,453,181,230,29
224,453,181,230,29
225,453,181,230,29
226,453,181,230,29
227,453,181,230,29
228,453,181,230,29
229,453,181,230,29
230,453,181,230,29
231,453,181,230,29
232,453,181,230,29
233,453,181,230,29
234,453,181,230,29
235,453,181,230,29
236,453,181,230,29
237,453,189,233,53
203,454,194,234,69
204,454,182,230,32
205,454,181,230,29
206,454,181,230,29
207,454,181,230,29
208,454,181,230,29
209,454,181,230,29
210,454,181,230,29
211,454,181,230,29
212,454,181,230,29
213,454,181,230,29
214,454,181,230,29
215,454,181,230,29
216,454,181,230,29
217,454,181,230,29
218,454,181,230,29
219,454,181,230,29
220,454,181,230,29
221,454,181,230,29
222,454,181,230,29
223,454,181,230,29
224,454,181,230,29
225,454,181,230,29
226,454,181,230,29
227,454,181,230,29
228,454,181,230,29
229,454,181,230,29
230,454,181,230,29
231,454,181,230,29
232,454,181,230,29
233,454,181,230,29
234,454,181,230,29
235,454,181,230,29
236,454,181,230,29
237,454,189,233,53
202,455,194,234,69
203,455,182,230,32
204,455,181,230,29
205,455,181,230,29
206,455,181,230,29
207,455,181,230,29
208,455,181,230,29
209,455,181,230,29
210,455,181,230,29
211,455,181,230,29
212,455,181,230,29
213,455,181,230,29
214,455,181,230,29
215,455,181,230,29
216,455,181,230,29
217,455,181,230,29
218,455,181,230,29
219,455,181,230,29
220,455,181,230,29
221,455,181,230,29
222,455,181,230,29
223,455,181,230,29
224,455,181,230,29
225,455,181,230,29
226,455,181,230,29
227,455,181,230,29
228,455,181,230,29
229,455,181,230,29
230,455,181,230,29
231,455,181,230,29
232,455,181,230,29
233,455,181,230,29
234,455,181,230,29
235,455,181,230,29
236,455,181,230,29
237,455,189,233,53
201,456,195,235,72
202,456,182,230,32
203,456,181,230,29
204,456,181,230,29
205,456,181,230,29
206,456,181,230,29
207,456,181,230,29
208,456,181,230,29
209,456,181,230,29
210,456,181,230,29
211,456,181,230,29
212,456,181,230,29
213,456,181,230,29
214,456,181,230,29
215,456,181,230,29
216,456,181,230,29
217,456,181,230,29
218,456,181,230,29
219,456,181,230,29
220,456,181,230,29
221,456,181,230,29
222,456,181,230,29
223,456,181,230,29
224,456,181,230,29
225,456,181,230,29
226,456,181,230,29
227,456,181,230,29
228,456,181,230,29
229,456,181,230,29
230,456,181,230,29
231,456,181,230,29
232,456,181,230,29
233,456,181,230,29
234,456,181,230,29
235,456,181,230,29
236,456,181,230,29
237,456,189,233,53
201,457,189,233,53
202,457,181,230,29
203,457,181,230,29
204,457,181,230,29
205,457,181,230,29
206,457,181,230,29
207,457,181,230,29
208,457,181,230,29
209,457,181,230,29
210,457,181,230,29
211,457,181,230,29
212,457,181,230,29
213,457,181,230,29
214,457,181,230,29
215,457,181,230,29
216,457,181,230,29
217,457,181,230,29
218,457,181,230,29
219,457,181,230,29
220,457,181,230,29
221,457,181,230,29
222,457,181,230,29
223,457,181,230,29
224,457,181,230,29
225,457,181,230,29
226,457,181,230,29
227,457,181,230,29
228,457,181,230,29
229,457,181,230,29
230,457,181,230,29
231,457,181,230,29
232,457,181,230,29
233,457,181,230,29
234,457,181,230,29
235,457,181,230,29
236,457,181,230,29
237,457,189,233,53
201,458,195,235,72
202,458,182,230,32
203,458,181,230,29
204,458,181,230,29
205,458,181,230,29
206,458,181,230,29
207,458,181,230,29
208,458,181,230,29
209,458,181,230,29
210,458,181,230,29
211,458,181,230,29
212,458,181,230,29
213,458,181,230,29
214,458,181,230,29
215,458,181,230,29
216,458,181,230,29
217,458,181,230,29
218,458,181,230,29
219,458,181,230,29
220,458,181,230,29
221,458,181,230,29
222,458,181,230,29
223,458,181,230,29
224,458,181,230,29
225,458,181,230,29
226,458,181,230,29
227,458,181,230,29
228,458,181,230,29
229,458,181,230,29
230,458,181,230,29
231,458,181,230,29
232,458,181,230,29
233,458,181,230,29
234,458,181,230,29
235,458,181,230,29
236,458,181,230,29
237,458,189,233,53
202,459,194,234,69
203,459,182,230,32
204,459,181,230,29
205,459,181,230,29
206,459,181,230,29
207,459,181,230,29
208,459,181,230,29
209,459,181,230,29
210,459,181,230,29
211,459,181,230,29
212,459,181,230,29
213,459,181,230,29
214,459,181,230,29
215,459,181,230,29
216,459,181,230,29
217,459,181,230,29
218,459,181,230,29
219,459,181,230,29
220,459,181,230,29
221,459,181,230,29
222,459,181,230,29
223,459,181,230,29
224,459,181,230,29
225,459,181,230,29
226,459,181,230,29
227,459,181,230,29
228,459,181,230,29
229,459,181,230,29
230,459,181,230,29
231,459,181,230,29
232,459,181,230,29
233,459,181,230,29
234,459,181,230,29
235,459,181,230,29
236,459,181,230,29
237,459,189,233,53
203,460,188,232,51
204,460,181,230,29
205,460,181,230,29
206,460,181,230,29
207,460,181,230,29
208,460,181,230,29
209,460,181,230,29
210,460,181,230,29
211,460,181,230,29
212,460,181,230,29
213,460,181,230,29
214,460,181,230,29
215,460,181,230,29
216,460,181,230,29
217,460,181,230,29
218,460,181,230,29
219,460,181,230,29
220,460,181,230,29
221,460,181,230,29
222,460,181,230,29
223,460,181,230,29
224,460,181,230,29
225,460,181,230,29
226,460,181,230,29
227,460,181,230,29
228,460,181,230,29
229,460,181,230,29
230,460,181,230,29
231,460,181,230,29
232,460,181,230,29
233,460,181,230,29
234,460,181,230,29
235,460,181,230,29
236,460,181,230,29
237,460,189,233,53
203,461,195,235,72
204,461,182,230,32
205,461,181,230,29
206,461,181,230,29
207,461,181,230,29
208,461,181,230,29
209,461,181,230,29
210,461,181,230,29
211,461,181,230,29
212,461,181,230,29
213,461,181,230,29
214,461,181,230,29
215,461,181,230,29
216,461,181,230,29
217,461,181,230,29
218,461,181,230,29
219,461,181,230,29
220,461,181,230,29
221,461,181,230,29
222,461,181,230,29
223,461,181,230,29
224,461,181,230,29
225,461,181,230,29
226,461,181,230,29
227,461,181,230,29
228,461,181,230,29
229,461,181,230,29
230,461,181,230,29
231,461,181,230,29
232,461,181,230,29
233,461,181,230,29
234,461,181,230,29
235,461,181,230,29
236,461,181,230,29
237,461,189,233,53
204,462,194,234,69
205,462,182,230,32
206,462,181,230,29
207,462,181,230,29
208,462,181,230,29
209,462,181,230,29
210,462,181,230,29
211,462,181,230,29
212,462,181,230,29
213,462,181,230,29
214,462,181,230,29
215,462,181,230,29
216,462,181,230,29
217,462,181,230,29
218,462,181,230,29
219,462,181,230,29
220,462,181,230,29
221,462,181,230,29
222,462,181,230,29
223,462,181,230,29
224,462,181,230,29
225,462,181,230,29
226,462,181,230,29
227,462,181,230,29
228,462,181,230,29
229,462,181,230,29
230,462,181,230,29
231,462,181,230,29
232,462,181,230,29
233,462,181,230,29
234,462,181,230,29
235,462,181,230,29
236,462,181,230,29
237,462,189,233,53
205,463,194,234,69
206,463,182,230,32
207,463,181,230,29
208,463,181,230,29
209,463,181,230,29
210,463,181,230,29
211,463,181,230,29
212,463,181,230,29
213,463,181,230,29
214,463,181,230,29
215,463,181,230,29
216,463,181,230,29
217,463,181,230,29
218,463,181,230,29
219,463,181,230,29
220,463,181,230,29
221,463,181,230,29
222,463,181,230,29
223,463,181,230,29
224,463,181,230,29
225,463,181,230,29
226,463,181,230,29
227,463,181,230,29
228,463,181,230,29
229,463,181,230,29
230,463,181,230,29
231,463,181,230,29
232,463,181,230,29
233,463,181,230,29
234,463,181,230,29
235,463,181,230,29
236,463,181,230,29
237,463,189,233,53
206,464,194,234,69
207,464,182,230,32
208,464,181,230,29
209,464,181,230,29
210,464,181,230,29
211,464,181,230,29
212,464,181,230,29
213,464,181,230,29
214,464,181,230,29
215,464,181,230,29
216,464,181,230,29
217,464,181,230,29
218,464,181,230,29
219,464,181,230,29
220,464,181,230,29
221,464,181,230,29
222,464,181,230,29
223,464,181,230,29
224,464,181,230,29
225,464,181,230,29
226,464,181,230,29
227,464,181,230,29
228,464,181,230,29
229,464,181,230,29
230,464,181,230,29
231,464,181,230,29
232,464,181,230,29
233,464,181,230,29
234,464,181,230,29
235,464,181,230,29
236,464,181,230,29
237,464,189,233,53
207,465,194,234,69
208,465,182,230,32
209,465,181,230,29
210,465,181,230,29
211,465,181,230,29
212,465,181,230,29
213,465,181,230,29
214,465,181,230,29
215,465,181,230,29
216,465,181,230,29
217,465,181,230,29
218,465,181,230,29
219,465,181,230,29
220,465,181,230,29
221,465,181,230,29
222,465,181,230,29
223,465,181,230,29
224,465,181,230,29
225,465,181,230,29
226,465,181,230,29
227,465,181,230,29
228,465,181,230,29
229,465,181,230,29
230,465,181,230,29
231,465,181,230,29
232,465,181,230,29
233,465,181,230,29
234,465,181,230,29
235,465,181,230,29
236,465,181,230,29
237,465,189,233,53
208,466,188,232,51
209,466,181,230,29
210,466,181,230,29
211,466,181,230,29
212,466,181,230,29
213,466,181,230,29
214,466,181,230,29
215,466,181,230,29
216,466,181,230,29
217,466,181,230,29
218,466,181,230,29
219,466,181,230,29
220,466,181,230,29
221,466,181,230,29
222,466,181,230,29
223,466,181,230,29
224,466,181,230,29
225,466,181,230,29
226,466,181,230,29
227,466,181,230,29
228,466,181,230,29
229,466,181,230,29
230,466,181,230,29
231,466,181,230,29
232,466,181,230,29
233,466,181,230,29
234,466,181,230,29
235,466,181,230,29
236,466,181,230,29
237,466,189,233,53
208,467,195,235,72
209,467,182,230,32
210,467,181,230,29
211,467,181,230,29
212,467,181,230,29
213,467,181,230,29
214,467,181,230,29
215,467,181,230,29
216,467,181,230,29
217,467,181,230,29
218,467,181,230,29
219,467,181,230,29
220,467,181,230,29
221,467,181,230,29
222,467,181,230,29
223,467,181,230,29
224,467,181,230,29
225,467,181,230,29
226,467,181,230,29
227,467,181,230,29
228,467,181,230,29
229,467,181,230,29
230,467,181,230,29
231,467,181,230,29
232,467,181,230,29
233,467,181,230,29
234,467,181,230,29
235,467,181,230,29
236,467,182,230,32
237,467,195,235,72
209,468,194,234,69
210,468,182,230,32
211,468,181,230,29
212,468,181,230,29
213,468,181,230,29
214,468,181,230,29
215,468,181,230,29
216,468,181,230,29
217,468,181,230,29
218,468,181,230,29
219,468,181,230,29
220,468,181,230,29
221,468,181,230,29
222,468,181,230,29
223,468,181,230,29
224,468,181,230,29
225,468,181,230,29
226,468,181,230,29
227,468,181,230,29
228,468,181,230,29
229,468,181,230,29
230,468,181,230,29
231,468,181,230,29
232,468,181,230,29
233,468,181,230,29
234,468,182,230,32
235,468,188,232,51
236,468,195,235,72
210,469,194,234,69
211,469,182,230,32
212,469,181,230,29
213,469,181,230,29
214,469,181,230,29
215,469,181,230,29
216,469,181,230,29
217,469,181,230,29
218,469,181,230,29
219,469,181,230,29
220,469,181,230,29
221,469,181,230,29
222,469,181,230,29
223,469,181,230,29
224,469,181,230,29
225,469,181,230,29
226,469,181,230,29
227,469,181,230,29
228,469,181,230,29
229,469,181,230,29
230,469,181,230,29
231,469,182,230,32
232,469,188,232,51
233,469,189,233,53
234,469,195,235,72
211,470,194,234,69
212,470,182,230,32
213,470,181,230,29
214,470,181,230,29
215,470,181,230,29
216,470,181,230,29
217,470,181,230,29
218,470,181,230,29
219,470,181,230,29
220,470,181,230,29
221,470,181,230,29
222,470,181,230,29
223,470,181,230,29
224,470,181,230,29
225,470,181,230,29
226,470,181,230,29
227,470,182,230,32
228,470,188,232,51
229,470,189,233,53
230,470,189,233,53
231,470,195,235,72
212,471,188,232,51
213,471,181,230,29
214,471,181,230,29
215,471,181,230,29
216,471,181,230,29
217,471,181,230,29
218,471,181,230,29
219,471,181,230,29
220,471,181,230,29
221,471,181,230,29
222,471,181,230,29
223,471,181,230,29
224,471,182,230,32
225,471,188,232,51
226,471,189,233,53
227,471,195,235,72
212,472,195,235,72
213,472,182,230,32
214,472,181,230,29
215,472,181,230,29
216,472,181,230,29
217,472,181,230,29
218,472,181,230,29
219,472,181,230,29
220,472,182,230,32
221,472,188,232,51
222,472,189,233,53
223,472,189,233,53
224,472,195,235,72
213,473,194,234,69
214,473,182,230,32
215,473,181,230,29
216,473,181,230,29
217,473,182,230,32
218,473,188,232,51
219,473,189,233,53
220,473,195,235,72
214,474,195,235,72
215,474,189,233,53
216,474,189,233,53
217,474,195,235,72
