258,231,195,235,72
259,231,189,233,53
260,231,195,235,72
257,232,195,235,72
258,232,182,230,32
259,232,181,230,29
260,232,182,230,32
261,232,195,235,72
257,233,189,233,53
258,233,181,230,29
259,233,181,230,29
260,233,181,230,29
261,233,189,233,53
257,234,188,232,51
258,234,181,230,29
259,234,181,230,29
260,234,181,230,29
261,234,188,232,51
256,235,195,235,72
257,235,182,230,32
258,235,181,230,29
259,235,181,230,29
260,235,181,230,29
261,235,182,230,32
262,235,195,235,72
256,236,189,233,53
257,236,181,230,29
258,236,181,230,29
259,236,181,230,29
260,236,181,230,29
261,236,181,230,29
262,236,189,233,53
256,237,189,233,53
257,237,181,230,29
258,237,181,230,29
259,237,181,230,29
260,237,181,230,29
261,237,181,230,29
262,237,189,233,53
256,238,189,233,53
257,238,181,230,29
258,238,181,230,29
259,238,181,230,29
260,238,181,230,29
261,238,181,230,29
262,238,189,233,53
256,239,188,232,51
257,239,181,230,29
258,239,181,230,29
259,239,181,230,29
260,239,181,230,29
261,239,181,230,29
262,239,188,232,51
255,240,195,235,72
256,240,182,230,32
257,240,181,230,29
258,240,181,230,29
259,240,181,230,29
260,240,181,230,29
261,240,181,230,29
262,240,182,230,32
263,240,195,235,72
255,241,189,233,53
256,241,181,230,29
257,241,181,230,29
258,241,181,230,29
259,241,181,230,29
260,241,181,230,29
261,241,181,230,29
262,241,181,230,29
263,241,189,233,53
255,242,189,233,53
256,242,181,230,29
257,242,181,230,29
258,242,181,230,29
259,242,181,230,29
260,242,181,230,29
261,242,181,230,29
262,242,181,230,29
263,242,189,233,53
255,243,188,232,51
256,243,181,230,29
257,243,181,230,29
258,243,181,230,29
259,243,181,230,29
260,243,181,230,29
261,243,181,230,29
262,243,181,230,29
263,243,188,232,51
254,244,195,235,72
255,244,182,230,32
256,244,181,230,29
257,244,181,230,29
258,244,181,230,29
259,244,181,230,29
260,244,181,230,29
261,244,181,230,29
262,244,181,230,29
263,244,182,230,32
264,244,195,235,72
254,245,189,233,53
255,245,181,230,29
256,245,181,230,29
257,245,181,230,29
258,245,181,230,29
259,245,181,230,29
260,245,181,230,29
261,245,181,230,29
262,245,181,230,29
263,245,181,230,29
264,245,189,233,53
254,246,188,232,51
255,246,181,230,29
256,246,181,230,29
257,246,181,230,29
258,246,181,230,29
259,246,181,230,29
260,246,181,230,29
261,246,181,230,29
262,246,181,230,29
263,246,181,230,29
264,246,188,232,51
253,247,194,234,69
254,247,182,230,32
255,247,181,230,29
256,247,181,230,29
257,247,181,230,29
258,247,181,230,29
259,247,181,230,29
260,247,181,230,29
261,247,181,230,29
262,247,181,230,29
263,247,181,230,29
264,247,182,230,32
265,247,194,234,69
251,248,195,235,72
252,248,188,232,51
253,248,182,230,32
254,248,181,230,29
255,248,181,230,29
256,248,181,230,29
257,248,181,230,29
258,248,181,230,29
259,248,181,230,29
260,248,181,230,29
261,248,181,230,29
262,248,181,230,29
263,248,181,230,29
264,248,181,230,29
265,248,182,230,32
266,248,188,232,51
267,248,195,235,72
249,249,195,235,72
250,249,188,232,51
251,249,182,230,32
252,249,181,230,29
253,249,181,230,29
254,249,181,230,29
255,249,181,230,29
256,249,181,230,29
257,249,181,230,29
258,249,181,230,29
259,249,181,230,29
260,249,181,230,29
261,249,181,230,29
262,249,181,230,29
263,249,181,230,29
264,249,181,230,29
265,249,181,230,29
266,249,181,230,29
267,249,182,230,32
268,249,188,232,51
269,249,195,235,72
246,250,195,235,72
247,250,189,233,53
248,250,188,232,51
249,250,182,230,32
250,250,181,230,29
251,250,181,230,29
252,250,181,230,29
253,250,181,230,29
254,250,181,230,29
255,250,181,230,29
256,250,181,230,29
257,250,181,230,29
258,250,181,230,29
259,250,181,230,29
260,250,181,230,29
261,250,181,230,29
262,250,181,230,29
263,250,181,230,29
264,250,181,230,29
265,250,181,230,29
266,250,181,230,29
267,250,181,230,29
268,250,181,230,29
269,250,182,230,32
270,250,188,232,51
271,250,189,233,53
272,250,195,235,72
244,251,195,235,72
245,251,188,232,51
246,251,182,230,32
247,251,181,230,29
248,251,181,230,29
249,251,181,230,29
250,251,181,230,29
251,251,181,230,29
252,251,181,230,29
253,251,181,230,29
254,251,181,230,29
255,251,181,230,29
256,251,181,230,29
257,251,181,230,29
258,251,181,230,29
259,251,181,230,29
260,251,181,230,29
261,251,181,230,29
262,251,181,230,29
263,251,181,230,29
264,251,181,230,29
265,251,181,230,29
266,251,181,230,29
267,251,181,230,29
268,251,181,230,29
269,251,181,230,29
270,251,181,230,29
271,251,181,230,29
272,251,182,230,32
273,251,188,232,51
274,251,195,235,72
243,252,194,234,69
244,252,182,230,32
245,252,181,230,29
246,252,181,230,29
247,252,181,230,29
248,252,181,230,29
249,252,181,230,29
250,252,181,230,29
251,252,181,230,29
252,252,181,230,29
253,252,181,230,29
254,252,181,230,29
255,252,181,230,29
256,252,181,230,29
257,252,181,230,29
258,252,181,230,29
259,252,181,230,29
260,252,181,230,29
261,252,181,230,29
262,252,181,230,29
263,252,181,230,29
264,252,181,230,29
265,252,181,230,29
266,252,181,230,29
267,252,181,230,29
268,252,181,230,29
269,252,181,230,29
270,252,181,230,29
271,252,181,230,29
272,252,181,230,29
273,252,181,230,29
274,252,182,230,32
275,252,194,234,69
242,253,195,235,72
243,253,182,230,32
244,253,181,230,29
245,253,181,230,29
246,253,181,230,29
247,253,181,230,29
248,253,181,230,29
249,253,181,230,29
250,253,181,230,29
251,253,181,230,29
252,253,181,230,29
253,253,181,230,29
254,253,181,230,29
255,253,181,230,29
256,253,181,230,29
257,253,181,230,29
258,253,181,230,29
259,253,181,230,29
260,253,181,230,29
261,253,181,230,29
262,253,181,230,29
263,253,181,230,29
264,253,181,230,29
265,253,181,230,29
266,253,181,230,29
267,253,181,230,29
268,253,181,230,29
269,253,181,230,29
270,253,181,230,29
271,253,181,230,29
272,253,181,230,29
273,253,181,230,29
274,253,181,230,29
275,253,182,230,32
276,253,195,235,72
242,254,195,235,72
243,254,182,230,32
244,254,181,230,29
245,254,181,230,29
246,254,181,230,29
247,254,181,230,29
248,254,181,230,29
249,254,181,230,29
250,254,181,230,29
251,254,181,230,29
252,254,181,230,29
253,254,181,230,29
254,254,181,230,29
255,254,181,230,29
256,254,181,230,29
257,254,181,230,29
258,254,181,230,29
259,254,181,230,29
260,254,181,230,29
261,254,181,230,29
262,254,181,230,29
263,254,181,230,29
264,254,181,230,29
265,254,181,230,29
266,254,181,230,29
267,254,181,230,29
268,254,181,230,29
269,254,181,230,29
270,254,181,230,29
271,254,181,230,29
272,254,181,230,29
273,254,181,230,29
274,254,181,230,29
275,254,182,230,32
276,254,195,235,72
243,255,194,234,69
244,255,182,230,32
245,255,181,230,29
246,255,181,230,29
247,255,181,230,29
248,255,181,230,29
249,255,181,230,29
250,255,181,230,29
251,255,181,230,29
252,255,181,230,29
253,255,181,230,29
254,255,181,230,29
255,255,181,230,29
256,255,181,230,29
257,255,181,230,29
258,255,181,230,29
259,255,181,230,29
260,255,181,230,29
261,255,181,230,29
262,255,181,230,29
263,255,181,230,29
264,255,181,230,29
265,255,181,230,29
266,255,181,230,29
267,255,181,230,29
268,255,181,230,29
269,255,181,230,29
270,255,181,230,29
271,255,181,230,29
272,255,181,230,29
273,255,181,230,29
274,255,182,230,32
275,255,194,234,69
244,256,195,235,72
245,256,188,232,51
246,256,182,230,32
247,256,181,230,29
248,256,181,230,29
249,256,181,230,29
250,256,181,230,29
251,256,181,230,29
252,256,181,230,29
253,256,181,230,29
254,256,181,230,29
255,256,181,230,29
256,256,181,230,29
257,256,181,230,29
258,256,181,230,29
259,256,181,230,29
260,256,181,230,29
261,256,181,230,29
262,256,181,230,29
263,256,181,230,29
264,256,181,230,29
265,256,181,230,29
266,256,181,230,29
267,256,181,230,29
268,256,181,230,29
269,256,181,230,29
270,256,181,230,29
271,256,181,230,29
272,256,182,230,32
273,256,188,232,51
274,256,195,235,72
246,257,195,235,72
247,257,189,233,53
248,257,188,232,51
249,257,182,230,32
250,257,181,230,29
251,257,181,230,29
252,257,181,230,29
253,257,181,230,29
254,257,181,230,29
255,257,181,230,29
256,257,181,230,29
257,257,181,230,29
258,257,181,230,29
259,257,181,230,29
260,257,181,230,29
261,257,181,230,29
262,257,181,230,29
263,257,181,230,29
264,257,181,230,29
265,257,181,230,29
266,257,181,230,29
267,257,181,230,29
268,257,181,230,29
269,257,182,230,32
270,257,188,232,51
271,257,189,233,53
272,257,195,235,72
249,258,195,235,72
250,258,188,232,51
251,258,182,230,32
252,258,181,230,29
253,258,181,230,29
254,258,181,230,29
255,258,181,230,29
256,258,181,230,29
257,258,181,230,29
258,258,181,230,29
259,258,181,230,29
260,258,181,230,29
261,258,181,230,29
262,258,181,230,29
263,258,181,230,29
264,258,181,230,29
265,258,181,230,29
266,258,181,230,29
267,258,182,230,32
268,258,188,232,51
269,258,195,235,72
251,259,195,235,72
252,259,188,232,51
253,259,182,230,32
254,259,181,230,29
255,259,181,230,29
256,259,181,230,29
257,259,181,230,29
258,259,181,230,29
259,259,181,230,29
260,259,181,230,29
261,259,181,230,29
262,259,181,230,29
263,259,181,230,29
264,259,181,230,29
265,259,182,230,32
266,259,188,232,51
267,259,195,235,72
253,260,194,234,69
254,260,182,230,32
255,260,181,230,29
256,260,181,230,29
257,260,181,230,29
258,260,181,230,29
259,260,181,230,29
260,260,181,230,29
261,260,181,230,29
262,260,181,230,29
263,260,181,230,29
264,260,182,230,32
265,260,194,234,69
254,261,188,232,51
255,261,181,230,29
256,261,181,230,29
257,261,181,230,29
258,261,181,230,29
259,261,181,230,29
260,261,181,230,29
261,261,181,230,29
262,261,181,230,29
263,261,181,230,29
264,261,188,232,51
254,262,189,233,53
255,262,181,230,29
256,262,181,230,29
257,262,181,230,29
258,262,181,230,29
259,262,181,230,29
260,262,181,230,29
261,262,181,230,29
262,262,181,230,29
263,262,181,230,29
264,262,189,233,53
254,263,195,235,72
255,263,182,230,32
256,263,181,230,29
257,263,181,230,29
258,263,181,230,29
259,263,181,230,29
260,263,181,230,29
261,263,181,230,29
262,263,181,230,29
263,263,182,230,32
264,263,195,235,72
255,264,188,232,51
256,264,181,230,29
257,264,181,230,29
258,264,181,230,29
259,264,181,230,29
260,264,181,230,29
261,264,181,230,29
262,264,181,230,29
263,264,188,232,51
255,265,189,233,53
256,265,181,230,29
257,265,181,230,29
258,265,181,230,29
259,265,181,230,29
260,265,181,230,29
261,265,181,230,29
262,265,181,230,29
263,265,189,233,53
255,266,189,233,53
256,266,181,230,29
257,266,181,230,29
258,266,181,230,29
259,266,181,230,29
260,266,181,230,29
261,266,181,230,29
262,266,181,230,29
263,266,189,233,53
255,267,195,235,72
256,267,182,230,32
257,267,181,230,29
258,267,181,230,29
259,267,181,230,29
260,267,181,230,29
261,267,181,230,29
262,267,182,230,32
263,267,195,235,72
256,268,188,232,51
257,268,181,230,29
258,268,181,230,29
259,268,181,230,29
260,268,181,230,29
261,268,181,230,29
262,268,188,232,51
256,269,189,233,53
257,269,181,230,29
258,269,181,230,29
259,269,181,230,29
260,269,181,230,29
261,269,181,230,29
262,269,189,233,53
256,270,189,233,53
257,270,181,230,29
258,270,181,230,29
259,270,181,230,29
260,270,181,230,29
261,270,181,230,29
262,270,189,233,53
256,271,189,233,53
257,271,181,230,29
258,271,181,230,29
259,271,181,230,29
260,271,181,230,29
261,271,181,230,29
262,271,189,233,53
256,272,195,235,72
257,272,182,230,32
258,272,181,230,29
259,272,181,230,29
260,272,181,230,29
261,272,182,230,32
262,272,195,235,72
257,273,188,232,51
258,273,181,230,29
259,273,181,230,29
260,273,181,230,29
261,273,188,232,51
257,274,189,233,53
258,274,181,230,29
259,274,181,230,29
260,274,181,230,29
261,274,189,233,53
257,275,195,235,72
258,275,182,230,32
259,275,181,230,29
260,275,182,230,32
261,275,195,235,72
258,276,195,235,72
259,276,189,233,53
260,276,195,235,72
