48,390,195,235,72
49,390,189,233,53
50,390,189,233,53
51,390,189,233,53
52,390,189,233,53
53,390,189,233,53
54,390,189,233,53
55,390,189,233,53
56,390,189,233,53
57,390,189,233,53
58,390,189,233,53
59,390,189,233,53
60,390,189,233,53
61,390,189,233,53
62,390,189,233,53
63,390,189,233,53
64,390,189,233,53
65,390,189,233,53
66,390,189,233,53
67,390,189,233,53
68,390,195,235,72
47,391,194,234,69
48,391,182,230,32
49,391,181,230,29
50,391,181,230,29
51,391,181,230,29
52,391,181,230,29
53,391,181,230,29
54,391,181,230,29
55,391,181,230,29
56,391,181,230,29
57,391,181,230,29
58,391,181,230,29
59,391,181,230,29
60,391,181,230,29
61,391,181,230,29
62,391,181,230,29
63,391,181,230,29
64,391,181,230,29
65,391,181,230,29
66,391,181,230,29
67,391,181,230,29
68,391,182,230,32
69,391,194,234,69
46,392,195,235,72
47,392,182,230,32
48,392,181,230,29
49,392,181,230,29
50,392,181,230,29
51,392,181,230,29
52,392,181,230,29
53,392,181,230,29
54,392,181,230,29
55,392,181,230,29
56,392,181,230,29
57,392,181,230,29
58,392,181,230,29
59,392,181,230,29
60,392,181,230,29
61,392,181,230,29
62,392,181,230,29
63,392,181,230,29
64,392,181,230,29
65,392,181,230,29
66,392,181,230,29
67,392,181,230,29
68,392,181,230,29
69,392,182,230,32
70,392,195,235,72
46,393,188,232,51
47,393,181,230,29
48,393,181,230,29
49,393,181,230,29
50,393,181,230,29
51,393,181,230,29
52,393,181,230,29
53,393,181,230,29
54,393,181,230,29
55,393,181,230,29
56,393,181,230,29
57,393,181,230,29
58,393,181,230,29
59,393,181,230,29
60,393,181,230,29
61,393,181,230,29
62,393,181,230,29
63,393,181,230,29
64,393,181,230,29
65,393,181,230,29
66,393,181,230,29
67,393,181,230,29
68,393,181,230,29
69,393,181,230,29
70,393,188,232,51
45,394,195,235,72
46,394,182,230,32
47,394,181,230,29
48,394,181,230,29
49,394,181,230,29
50,394,181,230,29
51,394,181,230,29
52,394,181,230,29
53,394,181,230,29
54,394,181,230,29
55,394,181,230,29
56,394,181,230,29
57,394,181,230,29
58,394,181,230,29
59,394,181,230,29
60,394,181,230,29
61,394,181,230,29
62,394,181,230,29
63,394,181,230,29
64,394,181,230,29
65,394,181,230,29
66,394,181,230,29
67,394,181,230,29
68,394,181,230,29
69,394,181,230,29
70,394,182,230,32
71,394,195,235,72
45,395,188,232,51
46,395,181,230,29
47,395,181,230,29
48,395,181,230,29
49,395,181,230,29
50,395,181,230,29
51,395,181,230,29
52,395,181,230,29
53,395,181,230,29
54,395,181,230,29
55,395,181,230,29
56,395,181,230,29
57,395,181,230,29
58,395,181,230,29
59,395,181,230,29
60,395,181,230,29
61,395,181,230,29
62,395,181,230,29
63,395,181,230,29
64,395,181,230,29
65,395,181,230,29
66,395,181,230,29
67,395,181,230,29
68,395,181,230,29
69,395,181,230,29
70,395,181,230,29
71,395,188,232,51
44,396,195,235,72
45,396,182,230,32
46,396,181,230,29
47,396,181,230,29
48,396,181,230,29
49,396,181,230,29
50,396,181,230,29
51,396,181,230,29
52,396,181,230,29
53,396,181,230,29
54,396,181,230,29
55,396,181,230,29
56,396,181,230,29
57,396,181,230,29
58,396,181,230,29
59,396,181,230,29
60,396,181,230,29
61,396,181,230,29
62,396,181,230,29
63,396,181,230,29
64,396,181,230,29
65,396,181,230,29
66,396,181,230,29
67,396,181,230,29
68,396,181,230,29
69,396,181,230,29
70,396,181,230,29
71,396,182,230,32
72,396,195,235,72
44,397,188,232,51
45,397,181,230,29
46,397,181,230,29
47,397,181,230,29
48,397,181,230,29
49,397,181,230,29
50,397,181,230,29
51,397,181,230,29
52,397,181,230,29
53,397,181,230,29
54,397,181,230,29
55,397,181,230,29
56,397,181,230,29
57,397,181,230,29
58,397,181,230,29
59,397,181,230,29
60,397,181,230,29
61,397,181,230,29
62,397,181,230,29
63,397,181,230,29
64,397,181,230,29
65,397,181,230,29
66,397,181,230,29
67,397,181,230,29
68,397,181,230,29
69,397,181,230,29
70,397,181,230,29
71,397,181,230,29
72,397,188,232,51
43,398,195,235,72
44,398,182,230,32
45,398,181,230,29
46,398,181,230,29
47,398,181,230,29
48,398,181,230,29
49,398,181,230,29
50,398,181,230,29
51,398,181,230,29
52,398,181,230,29
53,398,181,230,29
54,398,181,230,29
55,398,181,230,29
56,398,181,230,29
57,398,181,230,29
58,398,181,230,29
59,398,181,230,29
60,398,181,230,29
61,398,181,230,29
62,398,181,230,29
63,398,181,230,29
64,398,181,230,29
65,398,181,230,29
66,398,181,230,29
67,398,181,230,29
68,398,181,230,29
69,398,181,230,29
70,398,181,230,29
71,398,181,230,29
72,398,182,230,32
73,398,195,235,72
43,399,188,232,51
44,399,181,230,29
45,399,181,230,29
46,399,181,230,29
47,399,181,230,29
48,399,181,230,29
49,399,181,230,29
50,399,181,230,29
51,399,181,230,29
52,399,181,230,29
53,399,181,230,29
54,399,181,230,29
55,399,181,230,29
56,399,181,230,29
57,399,181,230,29
58,399,181,230,29
59,399,181,230,29
60,399,181,230,29
61,399,181,230,29
62,399,181,230,29
63,399,181,230,29
64,399,181,230,29
65,399,181,230,29
66,399,181,230,29
67,399,181,230,29
68,399,181,230,29
69,399,181,230,29
70,399,181,230,29
71,399,181,230,29
72,399,181,230,29
73,399,188,232,51
42,400,195,235,72
43,400,182,230,32
44,400,181,230,29
45,400,181,230,29
46,400,181,230,29
47,400,181,230,29
48,400,181,230,29
49,400,181,230,29
50,400,181,230,29
51,400,181,230,29
52,400,181,230,29
53,400,181,230,29
54,400,181,230,29
55,400,181,230,29
56,400,181,230,29
57,400,181,230,29
58,400,181,230,29
59,400,181,230,29
60,400,181,230,29
61,400,181,230,29
62,400,181,230,29
63,400,181,230,29
64,400,181,230,29
65,400,181,230,29
66,400,181,230,29
67,400,181,230,29
68,400,181,230,29
69,400,181,230,29
70,400,181,230,29
71,400,181,230,29
72,400,181,230,29
73,400,182,230,32
74,400,195,235,72
42,401,188,232,51
43,401,181,230,29
44,401,181,230,29
45,401,181,230,29
46,401,181,230,29
47,401,181,230,29
48,401,181,230,29
49,401,181,230,29
50,401,181,230,29
51,401,181,230,29
52,401,181,230,29
53,401,181,230,29
54,401,181,230,29
55,401,181,230,29
56,401,181,230,29
57,401,181,230,29
58,401,181,230,29
59,401,181,230,29
60,401,181,230,29
61,401,181,230,29
62,401,181,230,29
63,401,181,230,29
64,401,181,230,29
65,401,181,230,29
66,401,181,230,29
67,401,181,230,29
68,401,181,230,29
69,401,181,230,29
70,401,181,230,29
71,401,181,230,29
72,401,181,230,29
73,401,181,230,29
74,401,188,232,51
41,402,195,235,72
42,402,182,230,32
43,402,181,230,29
44,402,181,230,29
45,402,181,230,29
46,402,181,230,29
47,402,181,230,29
48,402,181,230,29
49,402,181,230,29
50,402,181,230,29
51,402,181,230,29
52,402,181,230,29
53,402,181,230,29
54,402,181,230,29
55,402,181,230,29
56,402,181,230,29
57,402,181,230,29
58,402,181,230,29
59,402,181,230,29
60,402,181,230,29
61,402,181,230,29
62,402,181,230,29
63,402,181,230,29
64,402,181,230,29
65,402,181,230,29
66,402,181,230,29
67,402,181,230,29
68,402,181,230,29
69,402,181,230,29
70,402,181,230,29
71,402,181,230,29
72,402,181,230,29
73,402,181,230,29
74,402,182,230,32
75,402,195,235,72
41,403,188,232,51
42,403,181,230,29
43,403,181,230,29
44,403,181,230,29
45,403,181,230,29
46,403,181,230,29
47,403,181,230,29
48,403,181,230,29
49,403,181,230,29
50,403,181,230,29
51,403,181,230,29
52,403,181,230,29
53,403,181,230,29
54,403,181,230,29
55,403,181,230,29
56,403,181,230,29
57,403,181,230,29
58,403,181,230,29
59,403,181,230,29
60,403,181,230,29
61,403,181,230,29
62,403,181,230,29
63,403,181,230,29
64,403,181,230,29
65,403,181,230,29
66,403,181,230,29
67,403,181,230,29
68,403,181,230,29
69,403,181,230,29
70,403,181,230,29
71,403,181,230,29
72,403,181,230,29
73,403,181,230,29
74,403,181,230,29
75,403,188,232,51
40,404,195,235,72
41,404,182,230,32
42,404,181,230,29
43,404,181,230,29
44,404,181,230,29
45,404,181,230,29
46,404,181,230,29
47,404,181,230,29
48,404,181,230,29
49,404,181,230,29
50,404,181,230,29
51,404,181,230,29
52,404,181,230,29
53,404,181,230,29
54,404,181,230,29
55,404,181,230,29
56,404,181,230,29
57,404,181,230,29
58,404,181,230,29
59,404,181,230,29
60,404,181,230,29
61,404,181,230,29
62,404,181,230,29
63,404,181,230,29
64,404,181,230,29
65,404,181,230,29
66,404,181,230,29
67,404,181,230,29
68,404,181,230,29
69,404,181,230,29
70,404,181,230,29
71,404,181,230,29
72,404,181,230,29
73,404,181,230,29
74,404,181,230,29
75,404,182,230,32
76,404,195,235,72
40,405,188,232,51
41,405,181,230,29
42,405,181,230,29
43,405,181,230,29
44,405,181,230,29
45,405,181,230,29
46,405,181,230,29
47,405,181,230,29
48,405,181,230,29
49,405,181,230,29
50,405,181,230,29
51,405,181,230,29
52,405,181,230,29
53,405,181,230,29
54,405,181,230,29
55,405,181,230,29
56,405,181,230,29
57,405,181,230,29
58,405,181,230,29
59,405,181,230,29
60,405,181,230,29
61,405,181,230,29
62,405,181,230,29
63,405,181,230,29
64,405,181,230,29
65,405,181,230,29
66,405,181,230,29
67,405,181,230,29
68,405,181,230,29
69,405,181,230,29
70,405,181,230,29
71,405,181,230,29
72,405,181,230,29
73,405,181,230,29
74,405,181,230,29
75,405,181,230,29
76,405,188,232,51
39,406,195,235,72
40,406,182,230,32
41,406,181,230,29
42,406,181,230,29
43,406,181,230,29
44,406,181,230,29
45,406,181,230,29
46,406,181,230,29
47,406,181,230,29
48,406,181,230,29
49,406,181,230,29
50,406,181,230,29
51,406,181,230,29
52,406,181,230,29
53,406,181,230,29
54,406,181,230,29
55,406,181,230,29
56,406,181,230,29
57,406,181,230,29
58,406,181,230,29
59,406,181,230,29
60,406,181,230,29
61,406,181,230,29
62,406,181,230,29
63,406,181,230,29
64,406,181,230,29
65,406,181,230,29
66,406,181,230,29
67,406,181,230,29
68,406,181,230,29
69,406,181,230,29
70,406,181,230,29
71,406,181,230,29
72,406,181,230,29
73,406,181,230,29
74,406,181,230,29
75,406,181,230,29
76,406,182,230,32
77,406,195,235,72
39,407,188,232,51
40,407,181,230,29
41,407,181,230,29
42,407,181,230,29
43,407,181,230,29
44,407,181,230,29
45,407,181,230,29
46,407,181,230,29
47,407,181,230,29
48,407,181,230,29
49,407,181,230,29
50,407,181,230,29
51,407,181,230,29
52,407,181,230,29
53,407,181,230,29
54,407,181,230,29
55,407,181,230,29
56,407,181,230,29
57,407,181,230,29
58,407,181,230,29
59,407,181,230,29
60,407,181,230,29
61,407,181,230,29
62,407,181,230,29
63,407,181,230,29
64,407,181,230,29
65,407,181,230,29
66,407,181,230,29
67,407,181,230,29
68,407,181,230,29
69,407,181,230,29
70,407,181,230,29
71,407,181,230,29
72,407,181,230,29
73,407,181,230,29
74,407,181,230,29
75,407,181,230,29
76,407,181,230,29
77,407,188,232,51
38,408,195,235,72
39,408,182,230,32
40,408,181,230,29
41,408,181,230,29
42,408,181,230,29
43,408,181,230,29
44,408,181,230,29
45,408,181,230,29
46,408,181,230,29
47,408,181,230,29
48,408,181,230,29
49,408,181,230,29
50,408,181,230,29
51,408,181,230,29
52,408,181,230,29
53,408,181,230,29
54,408,181,230,29
55,408,181,230,29
56,408,181,230,29
57,408,181,230,29
58,408,181,230,29
59,408,181,230,29
60,408,181,230,29
61,408,181,230,29
62,408,181,230,29
63,408,181,230,29
64,408,181,230,29
65,408,181,230,29
66,408,181,230,29
67,408,181,230,29
68,408,181,230,29
69,408,181,230,29
70,408,181,230,29
71,408,181,230,29
72,408,181,230,29
73,408,181,230,29
74,408,181,230,29
75,408,181,230,29
76,408,181,230,29
77,408,182,230,32
78,408,195,235,72
38,409,189,233,53
39,409,181,230,29
40,409,181,230,29
41,409,181,230,29
42,409,181,230,29
43,409,181,230,29
44,409,181,230,29
45,409,181,230,29
46,409,181,230,29
47,409,181,230,29
48,409,181,230,29
49,409,181,230,29
50,409,181,230,29
51,409,181,230,29
52,409,181,230,29
53,409,181,230,29
54,409,181,230,29
55,409,181,230,29
56,409,181,230,29
57,409,181,230,29
58,409,181,230,29
59,409,181,230,29
60,409,181,230,29
61,409,181,230,29
62,409,181,230,29
63,409,181,230,29
64,409,181,230,29
65,409,181,230,29
66,409,181,230,29
67,409,181,230,29
68,409,181,230,29
69,409,181,230,29
70,409,181,230,29
71,409,181,230,29
72,409,181,230,29
73,409,181,230,29
74,409,181,230,29
75,409,181,230,29
76,409,181,230,29
77,409,181,230,29
78,409,188,232,51
38,410,188,232,51
39,410,181,230,29
40,410,181,230,29
41,410,181,230,29
42,410,181,230,29
43,410,181,230,29
44,410,181,230,29
45,410,181,230,29
46,410,181,230,29
47,410,181,230,29
48,410,181,230,29
49,410,181,230,29
50,410,181,230,29
51,410,181,230,29
52,410,181,230,29
53,410,181,230,29
54,410,181,230,29
55,410,181,230,29
56,410,181,230,29
57,410,181,230,29
58,410,181,230,29
59,410,181,230,29
60,410,181,230,29
61,410,181,230,29
62,410,181,230,29
63,410,181,230,29
64,410,181,230,29
65,410,181,230,29
66,410,181,230,29
67,410,181,230,29
68,410,181,230,29
69,410,181,230,29
70,410,181,230,29
71,410,181,230,29
72,410,181,230,29
73,410,181,230,29
74,410,181,230,29
75,410,181,230,29
76,410,181,230,29
77,410,181,230,29
78,410,182,230,32
79,410,195,235,72
37,411,195,235,72
38,411,182,230,32
39,411,181,230,29
40,411,181,230,29
41,411,181,230,29
42,411,181,230,29
43,411,181,230,29
44,411,181,230,29
45,411,181,230,29
46,411,181,230,29
47,411,181,230,29
48,411,181,230,29
49,411,181,230,29
50,411,181,230,29
51,411,181,230,29
52,411,181,230,29
53,411,181,230,29
54,411,181,230,29
55,411,181,230,29
56,411,181,230,29
57,411,181,230,29
58,411,181,230,29
59,411,181,230,29
60,411,181,230,29
61,411,181,230,29
62,411,181,230,29
63,411,181,230,29
64,411,181,230,29
65,411,181,230,29
66,411,181,230,29
67,411,181,230,29
68,411,181,230,29
69,411,181,230,29
70,411,181,230,29
71,411,181,230,29
72,411,181,230,29
73,411,181,230,29
74,411,181,230,29
75,411,181,230,29
76,411,181,230,29
77,411,181,230,29
78,411,181,230,29
79,411,189,233,53
37,412,189,233,53
38,412,181,230,29
39,412,181,230,29
40,412,181,230,29
41,412,181,230,29
42,412,181,230,29
43,412,181,230,29
44,412,181,230,29
45,412,181,230,29
46,412,181,230,29
47,412,181,230,29
48,412,181,230,29
49,412,181,230,29
50,412,181,230,29
51,412,181,230,29
52,412,181,230,29
53,412,181,230,29
54,412,181,230,29
55,412,181,230,29
56,412,181,230,29
57,412,181,230,29
58,412,181,230,29
59,412,181,230,29
60,412,181,230,29
61,412,181,230,29
62,412,181,230,29
63,412,181,230,29
64,412,181,230,29
65,412,181,230,29
66,412,181,230,29
67,412,181,230,29
68,412,181,230,29
69,412,181,230,29
70,412,181,230,29
71,412,181,230,29
72,412,181,230,29
73,412,181,230,29
74,412,181,230,29
75,412,181,230,29
76,412,181,230,29
77,412,181,230,29
78,412,181,230,29
79,412,189,233,53
37,413,195,235,72
38,413,182,230,32
39,413,181,230,29
40,413,181,230,29
41,413,181,230,29
42,413,181,230,29
43,413,181,230,29
44,413,181,230,29
45,413,181,230,29
46,413,181,230,29
47,413,181,230,29
48,413,181,230,29
49,413,181,230,29
50,413,181,230,29
51,413,181,230,29
52,413,181,230,29
53,413,181,230,29
54,413,181,230,29
55,413,181,230,29
56,413,181,230,29
57,413,181,230,29
58,413,181,230,29
59,413,181,230,29
60,413,181,230,29
61,413,181,230,29
62,413,181,230,29
63,413,181,230,29
64,413,181,230,29
65,413,181,230,29
66,413,181,230,29
67,413,181,230,29
68,413,181,230,29
69,413,181,230,29
70,413,181,230,29
71,413,181,230,29
72,413,181,230,29
73,413,181,230,29
74,413,181,230,29
75,413,181,230,29
76,413,181,230,29
77,413,181,230,29
78,413,182,230,32
79,413,195,235,72
38,414,188,232,51
39,414,181,230,29
40,414,181,230,29
41,414,181,230,29
42,414,181,230,29
43,414,181,230,29
44,414,181,230,29
45,414,181,230,29
46,414,181,230,29
47,414,181,230,29
48,414,181,230,29
49,414,181,230,29
50,414,181,230,29
51,414,181,230,29
52,414,181,230,29
53,414,181,230,29
54,414,181,230,29
55,414,181,230,29
56,414,181,230,29
57,414,181,230,29
58,414,181,230,29
59,414,181,230,29
60,414,181,230,29
61,414,181,230,29
62,414,181,230,29
63,414,181,230,29
64,414,181,230,29
65,414,181,230,29
66,414,181,230,29
67,414,181,230,29
68,414,181,230,29
69,414,181,230,29
70,414,181,230,29
71,414,181,230,29
72,414,181,230,29
73,414,181,230,29
74,414,181,230,29
75,414,181,230,29
76,414,181,230,29
77,414,181,230,29
78,414,188,232,51
38,415,195,235,72
39,415,182,230,32
40,415,181,230,29
41,415,181,230,29
42,415,181,230,29
43,415,181,230,29
44,415,181,230,29
45,415,181,230,29
46,415,181,230,29
47,415,181,230,29
48,415,181,230,29
49,415,181,230,29
50,415,181,230,29
51,415,181,230,29
52,415,181,230,29
53,415,181,230,29
54,415,181,230,29
55,415,181,230,29
56,415,181,230,29
57,415,181,230,29
58,415,181,230,29
59,415,181,230,29
60,415,181,230,29
61,415,181,230,29
62,415,181,230,29
63,415,181,230,29
64,415,181,230,29
65,415,181,230,29
66,415,181,230,29
67,415,181,230,29
68,415,181,230,29
69,415,181,230,29
70,415,181,230,29
71,415,181,230,29
72,415,181,230,29
73,415,181,230,29
74,415,181,230,29
75,415,181,230,29
76,415,181,230,29
77,415,182,230,32
78,415,195,235,72
39,416,188,232,51
40,416,181,230,29
41,416,181,230,29
42,416,181,230,29
43,416,181,230,29
44,416,181,230,29
45,416,181,230,29
46,416,181,230,29
47,416,181,230,29
48,416,181,230,29
49,416,181,230,29
50,416,181,230,29
51,416,181,230,29
52,416,181,230,29
53,416,181,230,29
54,416,181,230,29
55,416,181,230,29
56,416,181,230,29
57,416,181,230,29
58,416,181,230,29
59,416,181,230,29
60,416,181,230,29
61,416,181,230,29
62,416,181,230,29
63,416,181,230,29
64,416,181,230,29
65,416,181,230,29
66,416,181,230,29
67,416,181,230,29
68,416,181,230,29
69,416,181,230,29
70,416,181,230,29
71,416,181,230,29
72,416,181,230,29
73,416,181,230,29
74,416,181,230,29
75,416,181,230,29
76,416,181,230,29
77,416,188,232,51
39,417,195,235,72
40,417,182,230,32
41,417,181,230,29
42,417,181,230,29
43,417,181,230,29
44,417,181,230,29
45,417,181,230,29
46,417,181,230,29
47,417,181,230,29
48,417,181,230,29
49,417,181,230,29
50,417,181,230,29
51,417,181,230,29
52,417,181,230,29
53,417,181,230,29
54,417,181,230,29
55,417,181,230,29
56,417,181,230,29
57,417,181,230,29
58,417,181,230,29
59,417,181,230,29
60,417,181,230,29
61,417,181,230,29
62,417,181,230,29
63,417,181,230,29
64,417,181,230,29
65,417,181,230,29
66,417,181,230,29
67,417,181,230,29
68,417,181,230,29
69,417,181,230,29
70,417,181,230,29
71,417,181,230,29
72,417,181,230,29
73,417,181,230,29
74,417,181,230,29
75,417,181,230,29
76,417,182,230,32
77,417,195,235,72
40,418,188,232,51
41,418,181,230,29
42,418,181,230,29
43,418,181,230,29
44,418,181,230,29
45,418,181,230,29
46,418,181,230,29
47,418,181,230,29
48,418,181,230,29
49,418,181,230,29
50,418,181,230,29
51,418,181,230,29
52,418,181,230,29
53,418,181,230,29
54,418,181,230,29
55,418,181,230,29
56,418,181,230,29
57,418,181,230,29
58,418,181,230,29
59,418,181,230,29
60,418,181,230,29
61,418,181,230,29
62,418,181,230,29
63,418,181,230,29
64,418,181,230,29
65,418,181,230,29
66,418,181,230,29
67,418,181,230,29
68,418,181,230,29
69,418,181,230,29
70,418,181,230,29
71,418,181,230,29
72,418,181,230,29
73,418,181,230,29
74,418,181,230,29
75,418,181,230,29
76,418,188,232,51
40,419,195,235,72
41,419,182,230,32
42,419,181,230,29
43,419,181,230,29
44,419,181,230,29
45,419,181,230,29
46,419,181,230,29
47,419,181,230,29
48,419,181,230,29
49,419,181,230,29
50,419,181,230,29
51,419,181,230,29
52,419,181,230,29
53,419,181,230,29
54,419,181,230,29
55,419,181,230,29
56,419,181,230,29
57,419,181,230,29
58,419,181,230,29
59,419,181,230,29
60,419,181,230,29
61,419,181,230,29
62,419,181,230,29
63,419,181,230,29
64,419,181,230,29
65,419,181,230,29
66,419,181,230,29
67,419,181,230,29
68,419,181,230,29
69,419,181,230,29
70,419,181,230,29
71,419,181,230,29
72,419,181,230,29
73,419,181,230,29
74,419,181,230,29
75,419,182,230,32
76,419,195,235,72
41,420,188,232,51
42,420,181,230,29
43,420,181,230,29
44,420,181,230,29
45,420,181,230,29
46,420,181,230,29
47,420,181,230,29
48,420,181,230,29
49,420,181,230,29
50,420,181,230,29
51,420,181,230,29
52,420,181,230,29
53,420,181,230,29
54,420,181,230,29
55,420,181,230,29
56,420,181,230,29
57,420,181,230,29
58,420,181,230,29
59,420,181,230,29
60,420,181,230,29
61,420,181,230,29
62,420,181,230,29
63,420,181,230,29
64,420,181,230,29
65,420,181,230,29
66,420,181,230,29
67,420,181,230,29
68,420,181,230,29
69,420,181,230,29
70,420,181,230,29
71,420,181,230,29
72,420,181,230,29
73,420,181,230,29
74,420,181,230,29
75,420,188,232,51
41,421,195,235,72
42,421,182,230,32
43,421,181,230,29
44,421,181,230,29
45,421,181,230,29
46,421,181,230,29
47,421,181,230,29
48,421,181,230,29
49,421,181,230,29
50,421,181,230,29
51,421,181,230,29
52,421,181,230,29
53,421,181,230,29
54,421,181,230,29
55,421,181,230,29
56,421,181,230,29
57,421,181,230,29
58,421,181,230,29
59,421,181,230,29
60,421,181,230,29
61,421,181,230,29
62,421,181,230,29
63,421,181,230,29
64,421,181,230,29
65,421,181,230,29
66,421,181,230,29
67,421,181,230,29
68,421,181,230,29
69,421,181,230,29
70,421,181,230,29
71,421,181,230,29
72,421,181,230,29
73,421,181,230,29
74,421,182,230,32
75,421,195,235,72
42,422,188,232,51
43,422,181,230,29
44,422,181,230,29
45,422,181,230,29
46,422,181,230,29
47,422,181,230,29
48,422,181,230,29
49,422,181,230,29
50,422,181,230,29
51,422,181,230,29
52,422,181,230,29
53,422,181,230,29
54,422,181,230,29
55,422,181,230,29
56,422,181,230,29
57,422,181,230,29
58,422,181,230,29
59,422,181,230,29
60,422,181,230,29
61,422,181,230,29
62,422,181,230,29
63,422,181,230,29
64,422,181,230,29
65,422,181,230,29
66,422,181,230,29
67,422,181,230,29
68,422,181,230,29
69,422,181,230,29
70,422,181,230,29
71,422,181,230,29
72,422,181,230,29
73,422,181,230,29
74,422,188,232,51
42,423,195,235,72
43,423,182,230,32
44,423,181,230,29
45,423,181,230,29
46,423,181,230,29
47,423,181,230,29
48,423,181,230,29
49,423,181,230,29
50,423,181,230,29
51,423,181,230,29
52,423,181,230,29
53,423,181,230,29
54,423,181,230,29
55,423,181,230,29
56,423,181,230,29
57,423,181,230,29
58,423,181,230,29
59,423,181,230,29
60,423,181,230,29
61,423,181,230,29
62,423,181,230,29
63,423,181,230,29
64,423,181,230,29
65,423,181,230,29
66,423,181,230,29
67,423,181,230,29
68,423,181,230,29
69,423,181,230,29
70,423,181,230,29
71,423,181,230,29
72,423,181,230,29
73,423,182,230,32
74,423,195,235,72
43,424,188,232,51
44,424,181,230,29
45,424,181,230,29
46,424,181,230,29
47,424,181,230,29
48,424,181,230,29
49,424,181,230,29
50,424,181,230,29
51,424,181,230,29
52,424,181,230,29
53,424,181,230,29
54,424,181,230,29
55,424,181,230,29
56,424,181,230,29
57,424,181,230,29
58,424,181,230,29
59,424,181,230,29
60,424,181,230,29
61,424,181,230,29
62,424,181,230,29
63,424,181,230,29
64,424,181,230,29
65,424,181,230,29
66,424,181,230,29
67,424,181,230,29
68,424,181,230,29
69,424,181,230,29
70,424,181,230,29
71,424,181,230,29
72,424,181,230,29
73,424,188,232,51
43,425,195,235,72
44,425,182,230,32
45,425,181,230,29
46,425,181,230,29
47,425,181,230,29
48,425,181,230,29
49,425,181,230,29
50,425,181,230,29
51,425,181,230,29
52,425,181,230,29
53,425,181,230,29
54,425,181,230,29
55,425,181,230,29
56,425,181,230,29
57,425,181,230,29
58,425,181,230,29
59,425,181,230,29
60,425,181,230,29
61,425,181,230,29
62,425,181,230,29
63,425,181,230,29
64,425,181,230,29
65,425,181,230,29
66,425,181,230,29
67,425,181,230,29
68,425,181,230,29
69,425,181,230,29
70,425,181,230,29
71,425,181,230,29
72,425,182,230,32
73,425,195,235,72
44,426,188,232,51
45,426,181,230,29
46,426,181,230,29
47,426,181,230,29
48,426,181,230,29
49,426,181,230,29
50,426,181,230,29
51,426,181,230,29
52,426,181,230,29
53,426,181,230,29
54,426,181,230,29
55,426,181,230,29
56,426,181,230,29
57,426,181,230,29
58,426,181,230,29
59,426,181,230,29
60,426,181,230,29
61,426,181,230,29
62,426,181,230,29
63,426,181,230,29
64,426,181,230,29
65,426,181,230,29
66,426,181,230,29
67,426,181,230,29
68,426,181,230,29
69,426,181,230,29
70,426,181,230,29
71,426,181,230,29
72,426,188,232,51
44,427,195,235,72
45,427,182,230,32
46,427,181,230,29
47,427,181,230,29
48,427,181,230,29
49,427,181,230,29
50,427,181,230,29
51,427,181,230,29
52,427,181,230,29
53,427,181,230,29
54,427,181,230,29
55,427,181,230,29
56,427,181,230,29
57,427,181,230,29
58,427,181,230,29
59,427,181,230,29
60,427,181,230,29
61,427,181,230,29
62,427,181,230,29
63,427,181,230,29
64,427,181,230,29
65,427,181,230,29
66,427,181,230,29
67,427,181,230,29
68,427,181,230,29
69,427,181,230,29
70,427,181,230,29
71,427,182,230,32
72,427,195,235,72
45,428,188,232,51
46,428,181,230,29
47,428,181,230,29
48,428,181,230,29
49,428,181,230,29
50,428,181,230,29
51,428,181,230,29
52,428,181,230,29
53,428,181,230,29
54,428,181,230,29
55,428,181,230,29
56,428,181,230,29
57,428,181,230,29
58,428,181,230,29
59,428,181,230,29
60,428,181,230,29
61,428,181,230,29
62,428,181,230,29
63,428,181,230,29
64,428,181,230,29
65,428,181,230,29
66,428,181,230,29
67,428,181,230,29
68,428,181,230,29
69,428,181,230,29
70,428,181,230,29
71,428,188,232,51
45,429,195,235,72
46,429,182,230,32
47,429,181,230,29
48,429,181,230,29
49,429,181,230,29
50,429,181,230,29
51,429,181,230,29
52,429,181,230,29
53,429,181,230,29
54,429,181,230,29
55,429,181,230,29
56,429,181,230,29
57,429,181,230,29
58,429,181,230,29
59,429,181,230,29
60,429,181,230,29
61,429,181,230,29
62,429,181,230,29
63,429,181,230,29
64,429,181,230,29
65,429,181,230,29
66,429,181,230,29
67,429,181,230,29
68,429,181,230,29
69,429,181,230,29
70,429,182,230,32
71,429,195,235,72
46,430,188,232,51
47,430,181,230,29
48,430,181,230,29
49,430,181,230,29
50,430,181,230,29
51,430,181,230,29
52,430,181,230,29
53,430,181,230,29
54,430,181,230,29
55,430,181,230,29
56,430,181,230,29
57,430,181,230,29
58,430,181,230,29
59,430,181,230,29
60,430,181,230,29
61,430,181,230,29
62,430,181,230,29
63,430,181,230,29
64,430,181,230,29
65,430,181,230,29
66,430,181,230,29
67,430,181,230,29
68,430,181,230,29
69,430,181,230,29
70,430,188,232,51
46,431,195,235,72
47,431,182,230,32
48,431,181,230,29
49,431,181,230,29
50,431,181,230,29
51,431,181,230,29
52,431,181,230,29
53,431,181,230,29
54,431,181,230,29
55,431,181,230,29
56,431,181,230,29
57,431,181,230,29
58,431,181,230,29
59,431,181,230,29
60,431,181,230,29
61,431,181,230,29
62,431,181,230,29
63,431,181,230,29
64,431,181,230,29
65,431,181,230,29
66,431,181,230,29
67,431,181,230,29
68,431,181,230,29
69,431,182,230,32
70,431,195,235,72
47,432,194,234,69
48,432,182,230,32
49,432,181,230,29
50,432,181,230,29
51,432,181,230,29
52,432,181,230,29
53,432,181,230,29
54,432,181,230,29
55,432,181,230,29
56,432,181,230,29
57,432,181,230,29
58,432,181,230,29
59,432,181,230,29
60,432,181,230,29
61,432,181,230,29
62,432,181,230,29
63,432,181,230,29
64,432,181,230,29
65,432,181,230,29
66,432,181,230,29
67,432,181,230,29
68,432,182,230,32
69,432,194,234,69
48,433,195,235,72
49,433,189,233,53
50,433,189,233,53
51,433,189,233,53
52,433,189,233,53
53,433,189,233,53
54,433,189,233,53
55,433,189,233,53
56,433,189,233,53
57,433,189,233,53
58,433,189,233,53
59,433,189,233,53
60,433,189,233,53
61,433,189,233,53
62,433,189,233,53
63,433,189,233,53
64,433,189,233,53
65,433,189,233,53
66,433,189,233,53
67,433,189,233,53
68,433,195,235,72
