370,177,195,235,72
371,177,189,233,53
372,177,195,235,72
369,178,195,235,72
370,178,182,230,32
371,178,181,230,29
372,178,182,230,32
373,178,195,235,72
369,179,188,232,51
370,179,181,230,29
371,179,181,230,29
372,179,181,230,29
373,179,189,233,53
368,180,195,235,72
369,180,182,230,32
370,180,181,230,29
371,180,181,230,29
372,180,182,230,32
373,180,195,235,72
368,181,188,232,51
369,181,181,230,29
370,181,181,230,29
371,181,181,230,29
372,181,188,232,51
367,182,195,235,72
368,182,182,230,32
369,182,181,230,29
370,182,181,230,29
371,182,181,230,29
372,182,189,233,53
367,183,189,233,53
368,183,181,230,29
369,183,181,230,29
370,183,181,230,29
371,183,182,230,32
372,183,195,235,72
367,184,188,232,51
368,184,181,230,29
369,184,181,230,29
370,184,181,230,29
371,184,188,232,51
366,185,195,235,72
367,185,182,230,32
368,185,181,230,29
369,185,181,230,29
370,185,182,230,32
371,185,195,235,72
366,186,188,232,51
367,186,181,230,29
368,186,181,230,29
369,186,181,230,29
370,186,188,232,51
365,187,195,235,72
366,187,182,230,32
367,187,181,230,29
368,187,181,230,29
369,187,182,230,32
370,187,195,235,72
365,188,188,232,51
366,188,181,230,29
367,188,181,230,29
368,188,181,230,29
369,188,188,232,51
364,189,195,235,72
365,189,182,230,32
366,189,181,230,29
367,189,181,230,29
368,189,182,230,32
369,189,195,235,72
364,190,188,232,51
365,190,181,230,29
366,190,181,230,29
367,190,181,230,29
368,190,188,232,51
363,191,195,235,72
364,191,182,230,32
365,191,181,230,29
366,191,181,230,29
367,191,182,230,32
368,191,195,235,72
363,192,189,233,53
364,192,181,230,29
365,192,181,230,29
366,192,181,230,29
367,192,188,232,51
363,193,188,232,51
364,193,181,230,29
365,193,181,230,29
366,193,181,230,29
367,193,189,233,53
362,194,195,235,72
363,194,182,230,32
364,194,181,230,29
365,194,181,230,29
366,194,182,230,32
367,194,195,235,72
362,195,188,232,51
363,195,181,230,29
364,195,181,230,29
365,195,181,230,29
366,195,188,232,51
361,196,195,235,72
362,196,182,230,32
363,196,181,230,29
364,196,181,230,29
365,196,182,230,32
366,196,195,235,72
361,197,188,232,51
362,197,181,230,29
363,197,181,230,29
364,197,181,230,29
365,197,188,232,51
360,198,195,235,72
361,198,182,230,32
362,198,181,230,29
363,198,181,230,29
364,198,182,230,32
365,198,195,235,72
360,199,188,232,51
361,199,181,230,29
362,199,181,230,29
363,199,181,230,29
364,199,188,232,51
359,200,195,235,72
360,200,182,230,32
361,200,181,230,29
362,200,181,230,29
363,200,182,230,32
364,200,195,235,72
359,201,189,233,53
360,201,181,230,29
361,201,181,230,29
362,201,181,230,29
363,201,188,232,51
359,202,188,232,51
360,202,181,230,29
361,202,181,230,29
362,202,181,230,29
363,202,189,233,53
358,203,195,235,72
359,203,182,230,32
360,203,181,230,29
361,203,181,230,29
362,203,182,230,32
363,203,195,235,72
358,204,188,232,51
359,204,181,230,29
360,204,181,230,29
361,204,181,230,29
362,204,188,232,51
357,205,195,235,72
358,205,182,230,32
359,205,181,230,29
360,205,181,230,29
361,205,182,230,32
362,205,195,235,72
357,206,188,232,51
358,206,181,230,29
359,206,181,230,29
360,206,181,230,29
361,206,188,232,51
356,207,195,235,72
357,207,182,230,32
358,207,181,230,29
359,207,181,230,29
360,207,182,230,32
361,207,195,235,72
356,208,188,232,51
357,208,181,230,29
358,208,181,230,29
359,208,181,230,29
360,208,188,232,51
355,209,195,235,72
356,209,182,230,32
357,209,181,230,29
358,209,181,230,29
359,209,182,230,32
360,209,195,235,72
355,210,189,233,53
356,210,181,230,29
357,210,181,230,29
358,210,181,230,29
359,210,188,232,51
355,211,188,232,51
356,211,181,230,29
357,211,181,230,29
358,211,181,230,29
359,211,189,233,53
354,212,195,235,72
355,212,182,230,32
356,212,181,230,29
357,212,181,230,29
358,212,182,230,32
359,212,195,235,72
354,213,188,232,51
355,213,181,230,29
356,213,181,230,29
357,213,181,230,29
358,213,188,232,51
353,214,195,235,72
354,214,182,230,32
355,214,181,230,29
356,214,181,230,29
357,214,182,230,32
358,214,195,235,72
353,215,188,232,51
354,215,181,230,29
355,215,181,230,29
356,215,181,230,29
357,215,188,232,51
352,216,195,235,72
353,216,182,230,32
354,216,181,230,29
355,216,181,230,29
356,216,182,230,32
357,216,195,235,72
352,217,188,232,51
353,217,181,230,29
354,217,181,230,29
355,217,181,230,29
356,217,188,232,51
351,218,195,235,72
352,218,182,230,32
353,218,181,230,29
354,218,181,230,29
355,218,182,230,32
356,218,195,235,72
351,219,189,233,53
352,219,181,230,29
353,219,181,230,29
354,219,181,230,29
355,219,188,232,51
351,220,188,232,51
352,220,181,230,29
353,220,181,230,29
354,220,181,230,29
355,220,189,233,53
350,221,195,235,72
351,221,182,230,32
352,221,181,230,29
353,221,181,230,29
354,221,182,230,32
355,221,195,235,72
350,222,188,232,51
351,222,181,230,29
352,222,181,230,29
353,222,181,230,29
354,222,188,232,51
349,223,195,235,72
350,223,182,230,32
351,223,181,230,29
352,223,181,230,29
353,223,182,230,32
354,223,195,235,72
349,224,188,232,51
350,224,181,230,29
351,224,181,230,29
352,224,181,230,29
353,224,188,232,51
348,225,195,235,72
349,225,182,230,32
350,225,181,230,29
351,225,181,230,29
352,225,182,230,32
353,225,195,235,72
348,226,188,232,51
349,226,181,230,29
350,226,181,230,29
351,226,181,230,29
352,226,188,232,51
347,227,195,235,72
348,227,182,230,32
349,227,181,230,29
350,227,181,230,29
351,227,182,230,32
352,227,195,235,72
347,228,189,233,53
348,228,181,230,29
349,228,181,230,29
350,228,181,230,29
351,228,188,232,51
347,229,188,232,51
348,229,181,230,29
349,229,181,230,29
350,229,181,230,29
351,229,189,233,53
346,230,195,235,72
347,230,182,230,32
348,230,181,230,29
349,230,181,230,29
350,230,182,230,32
351,230,195,235,72
346,231,188,232,51
347,231,181,230,29
348,231,181,230,29
349,231,181,230,29
350,231,188,232,51
345,232,195,235,72
346,232,182,230,32
347,232,181,230,29
348,232,181,230,29
349,232,182,230,32
350,232,195,235,72
345,233,188,232,51
346,233,181,230,29
347,233,181,230,29
348,233,181,230,29
349,233,188,232,51
344,234,195,235,72
345,234,182,230,32
346,234,181,230,29
347,234,181,230,29
348,234,182,230,32
349,234,195,235,72
344,235,188,232,51
345,235,181,230,29
346,235,181,230,29
347,235,181,230,29
348,235,188,232,51
343,236,195,235,72
344,236,182,230,32
345,236,181,230,29
346,236,181,230,29
347,236,182,230,32
348,236,195,235,72
343,237,188,232,51
344,237,181,230,29
345,237,181,230,29
346,237,181,230,29
347,237,188,232,51
342,238,195,235,72
343,238,182,230,32
344,238,181,230,29
345,238,181,230,29
346,238,182,230,32
347,238,195,235,72
342,239,189,233,53
343,239,181,230,29
344,239,181,230,29
345,239,181,230,29
346,239,188,232,51
342,240,188,232,51
343,240,181,230,29
344,240,181,230,29
345,240,181,230,29
346,240,189,233,53
341,241,195,235,72
342,241,182,230,32
343,241,181,230,29
344,241,181,230,29
345,241,182,230,32
346,241,195,235,72
341,242,188,232,51
342,242,181,230,29
343,242,181,230,29
344,242,181,230,29
345,242,188,232,51
340,243,195,235,72
341,243,182,230,32
342,243,181,230,29
343,243,181,230,29
344,243,182,230,32
345,243,195,235,72
340,244,188,232,51
341,244,181,230,29
342,244,181,230,29
343,244,181,230,29
344,244,188,232,51
339,245,195,235,72
340,245,182,230,32
341,245,181,230,29
342,245,181,230,29
343,245,182,230,32
344,245,195,235,72
339,246,188,232,51
340,246,181,230,29
341,246,181,230,29
342,246,181,230,29
343,246,188,232,51
338,247,195,235,72
339,247,182,230,32
340,247,181,230,29
341,247,181,230,29
342,247,182,230,32
343,247,195,235,72
338,248,188,232,51
339,248,181,230,29
340,248,181,230,29
341,248,181,230,29
342,248,188,232,51
337,249,195,235,72
338,249,182,230,32
339,249,181,230,29
340,249,181,230,29
341,249,182,230,32
342,249,195,235,72
337,250,188,232,51
338,250,181,230,29
339,250,181,230,29
340,250,181,230,29
341,250,188,232,51
336,251,195,235,72
337,251,182,230,32
338,251,181,230,29
339,251,181,230,29
340,251,181,230,29
341,251,189,233,53
336,252,189,233,53
337,252,181,230,29
338,252,181,230,29
339,252,181,230,29
340,252,182,230,32
341,252,195,235,72
336,253,188,232,51
337,253,181,230,29
338,253,181,230,29
339,253,181,230,29
340,253,188,232,51
335,254,195,235,72
336,254,182,230,32
337,254,181,230,29
338,254,181,230,29
339,254,182,230,32
340,254,195,235,72
335,255,188,232,51
336,255,181,230,29
337,255,181,230,29
338,255,181,230,29
339,255,188,232,51
334,256,195,235,72
335,256,182,230,32
336,256,181,230,29
337,256,181,230,29
338,256,182,230,32
339,256,195,235,72
334,257,188,232,51
335,257,181,230,29
336,257,181,230,29
337,257,181,230,29
338,257,188,232,51
333,258,195,235,72
334,258,182,230,32
335,258,181,230,29
336,258,181,230,29
337,258,182,230,32
338,258,195,235,72
333,259,188,232,51
334,259,181,230,29
335,259,181,230,29
336,259,181,230,29
337,259,188,232,51
332,260,195,235,72
333,260,182,230,32
334,260,181,230,29
335,260,181,230,29
336,260,182,230,32
337,260,195,235,72
332,261,188,232,51
333,261,181,230,29
334,261,181,230,29
335,261,181,230,29
336,261,188,232,51
331,262,195,235,72
332,262,182,230,32
333,262,181,230,29
334,262,181,230,29
335,262,182,230,32
336,262,195,235,72
331,263,189,233,53
332,263,181,230,29
333,263,181,230,29
334,263,181,230,29
335,263,188,232,51
331,264,188,232,51
332,264,181,230,29
333,264,181,230,29
334,264,181,230,29
335,264,189,233,53
330,265,195,235,72
331,265,182,230,32
332,265,181,230,29
333,265,181,230,29
334,265,182,230,32
335,265,195,235,72
330,266,188,232,51
331,266,181,230,29
332,266,181,230,29
333,266,181,230,29
334,266,188,232,51
329,267,195,235,72
330,267,182,230,32
331,267,181,230,29
332,267,181,230,29
333,267,182,230,32
334,267,195,235,72
329,268,188,232,51
330,268,181,230,29
331,268,181,230,29
332,268,181,230,29
333,268,188,232,51
328,269,195,235,72
329,269,182,230,32
330,269,181,230,29
331,269,181,230,29
332,269,182,230,32
333,269,195,235,72
328,270,188,232,51
329,270,181,230,29
330,270,181,230,29
331,270,181,230,29
332,270,188,232,51
327,271,195,235,72
328,271,182,230,32
329,271,181,230,29
330,271,181,230,29
331,271,182,230,32
332,271,195,235,72
327,272,188,232,51
328,272,181,230,29
329,272,181,230,29
330,272,181,230,29
331,272,188,232,51
326,273,195,235,72
327,273,182,230,32
328,273,181,230,29
329,273,181,230,29
330,273,182,230,32
331,273,195,235,72
326,274,188,232,51
327,274,181,230,29
328,274,181,230,29
329,274,181,230,29
330,274,188,232,51
325,275,195,235,72
326,275,182,230,32
327,275,181,230,29
328,275,181,230,29
329,275,182,230,32
330,275,195,235,72
325,276,188,232,51
326,276,181,230,29
327,276,181,230,29
328,276,181,230,29
329,276,188,232,51
324,277,195,235,72
325,277,182,230,32
326,277,181,230,29
327,277,181,230,29
328,277,182,230,32
329,277,195,235,72
324,278,188,232,51
325,278,181,230,29
326,278,181,230,29
327,278,181,230,29
328,278,188,232,51
323,279,195,235,72
324,279,182,230,32
325,279,181,230,29
326,279,181,230,29
327,279,181,230,29
328,279,189,233,53
323,280,188,232,51
324,280,181,230,29
325,280,181,230,29
326,280,181,230,29
327,280,182,230,32
328,280,195,235,72
322,281,195,235,72
323,281,182,230,32
324,281,181,230,29
325,281,181,230,29
326,281,181,230,29
327,281,188,232,51
322,282,188,232,51
323,282,181,230,29
324,282,181,230,29
325,282,181,230,29
326,282,182,230,32
327,282,195,235,72
321,283,195,235,72
322,283,182,230,32
323,283,181,230,29
324,283,181,230,29
325,283,181,230,29
326,283,188,232,51
321,284,189,233,53
322,284,181,230,29
323,284,181,230,29
324,284,181,230,29
325,284,182,230,32
326,284,195,235,72
321,285,188,232,51
322,285,181,230,29
323,285,181,230,29
324,285,181,230,29
325,285,188,232,51
320,286,195,235,72
321,286,182,230,32
322,286,181,230,29
323,286,181,230,29
324,286,182,230,32
325,286,195,235,72
320,287,188,232,51
321,287,181,230,29
322,287,181,230,29
323,287,181,230,29
324,287,188,232,51
319,288,195,235,72
320,288,182,230,32
321,288,181,230,29
322,288,181,230,29
323,288,182,230,32
324,288,195,235,72
319,289,188,232,51
320,289,181,230,29
321,289,181,230,29
322,289,181,230,29
323,289,188,232,51
318,290,195,235,72
319,290,182,230,32
320,290,181,230,29
321,290,181,230,29
322,290,182,230,32
323,290,195,235,72
318,291,188,232,51
319,291,181,230,29
320,291,181,230,29
321,291,181,230,29
322,291,188,232,51
317,292,195,235,72
318,292,182,230,32
319,292,181,230,29
320,292,181,230,29
321,292,182,230,32
322,292,195,235,72
317,293,188,232,51
318,293,181,230,29
319,293,181,230,29
320,293,181,230,29
321,293,188,232,51
316,294,195,235,72
317,294,182,230,32
318,294,181,230,29
319,294,181,230,29
320,294,182,230,32
321,294,195,235,72
316,295,188,232,51
317,295,181,230,29
318,295,181,230,29
319,295,181,230,29
320,295,188,232,51
315,296,195,235,72
316,296,182,230,32
317,296,181,230,29
318,296,181,230,29
319,296,182,230,32
320,296,195,235,72
315,297,188,232,51
316,297,181,230,29
317,297,181,230,29
318,297,181,230,29
319,297,188,232,51
314,298,195,235,72
315,298,182,230,32
316,298,181,230,29
317,298,181,230,29
318,298,182,230,32
319,298,195,235,72
314,299,188,232,51
315,299,181,230,29
316,299,181,230,29
317,299,181,230,29
318,299,188,232,51
313,300,195,235,72
314,300,182,230,32
315,300,181,230,29
316,300,181,230,29
317,300,182,230,32
318,300,195,235,72
313,301,188,232,51
314,301,181,230,29
315,301,181,230,29
316,301,181,230,29
317,301,188,232,51
312,302,195,235,72
313,302,182,230,32
314,302,181,230,29
315,302,181,230,29
316,302,182,230,32
317,302,195,235,72
312,303,188,232,51
313,303,181,230,29
314,303,181,230,29
315,303,181,230,29
316,303,188,232,51
311,304,195,235,72
312,304,182,230,32
313,304,181,230,29
314,304,181,230,29
315,304,182,230,32
316,304,195,235,72
311,305,188,232,51
312,305,181,230,29
313,305,181,230,29
314,305,181,230,29
315,305,188,232,51
310,306,195,235,72
311,306,182,230,32
312,306,181,230,29
313,306,181,230,29
314,306,182,230,32
315,306,195,235,72
310,307,188,232,51
311,307,181,230,29
312,307,181,230,29
313,307,181,230,29
314,307,188,232,51
309,308,195,235,72
310,308,182,230,32
311,308,181,230,29
312,308,181,230,29
313,308,182,230,32
314,308,195,235,72
309,309,188,232,51
310,309,181,230,29
311,309,181,230,29
312,309,181,230,29
313,309,188,232,51
308,310,194,234,69
309,310,182,230,32
310,310,181,230,29
311,310,181,230,29
312,310,182,230,32
313,310,195,235,72
307,311,195,235,72
308,311,182,230,32
309,311,181,230,29
310,311,181,230,29
311,311,181,230,29
312,311,188,232,51
307,312,188,232,51
308,312,181,230,29
309,312,181,230,29
310,312,181,230,29
311,312,182,230,32
312,312,195,235,72
306,313,195,235,72
307,313,182,230,32
308,313,181,230,29
309,313,181,230,29
310,313,181,230,29
311,313,188,232,51
306,314,188,232,51
307,314,181,230,29
308,314,181,230,29
309,314,181,230,29
310,314,182,230,32
311,314,195,235,72
305,315,195,235,72
306,315,182,230,32
307,315,181,230,29
308,315,181,230,29
309,315,182,230,32
310,315,194,234,69
305,316,188,232,51
306,316,181,230,29
307,316,181,230,29
308,316,181,230,29
309,316,188,232,51
304,317,195,235,72
305,317,182,230,32
306,317,181,230,29
307,317,181,230,29
308,317,182,230,32
309,317,195,235,72
304,318,188,232,51
305,318,181,230,29
306,318,181,230,29
307,318,181,230,29
308,318,188,232,51
303,319,195,235,72
304,319,182,230,32
305,319,181,230,29
306,319,181,230,29
307,319,182,230,32
308,319,195,235,72
303,320,188,232,51
304,320,181,230,29
305,320,181,230,29
306,320,181,230,29
307,320,188,232,51
302,321,194,234,69
303,321,182,230,32
304,321,181,230,29
305,321,181,230,29
306,321,182,230,32
307,321,195,235,72
301,322,195,235,72
302,322,182,230,32
303,322,181,230,29
304,322,181,230,29
305,322,181,230,29
306,322,188,232,51
301,323,188,232,51
302,323,181,230,29
303,323,181,230,29
304,323,181,230,29
305,323,182,230,32
306,323,195,235,72
300,324,195,235,72
301,324,182,230,32
302,324,181,230,29
303,324,181,230,29
304,324,182,230,32
305,324,194,234,69
300,325,188,232,51
301,325,181,230,29
302,325,181,230,29
303,325,181,230,29
304,325,188,232,51
299,326,195,235,72
300,326,182,230,32
301,326,181,230,29
302,326,181,230,29
303,326,182,230,32
304,326,195,235,72
299,327,188,232,51
300,327,181,230,29
301,327,181,230,29
302,327,181,230,29
303,327,188,232,51
298,328,194,234,69
299,328,182,230,32
300,328,181,230,29
301,328,181,230,29
302,328,182,230,32
303,328,195,235,72
297,329,195,235,72
298,329,182,230,32
299,329,181,230,29
300,329,181,230,29
301,329,181,230,29
302,329,188,232,51
297,330,188,232,51
298,330,181,230,29
299,330,181,230,29
300,330,181,230,29
301,330,182,230,32
302,330,195,235,72
296,331,195,235,72
297,331,182,230,32
298,331,181,230,29
299,331,181,230,29
300,331,182,230,32
301,331,194,234,69
296,332,188,232,51
297,332,181,230,29
298,332,181,230,29
299,332,181,230,29
300,332,188,232,51
295,333,194,234,69
296,333,182,230,32
297,333,181,230,29
298,333,181,230,29
299,333,182,230,32
300,333,195,235,72
294,334,195,235,72
295,334,182,230,32
296,334,181,230,29
297,334,181,230,29
298,334,181,230,29
299,334,188,232,51
294,335,188,232,51
295,335,181,230,29
296,335,181,230,29
297,335,181,230,29
298,335,182,230,32
299,335,195,235,72
293,336,195,235,72
294,336,182,230,32
295,336,181,230,29
296,336,181,230,29
297,336,182,230,32
298,336,194,234,69
293,337,188,232,51
294,337,181,230,29
295,337,181,230,29
296,337,181,230,29
297,337,188,232,51
292,338,194,234,69
293,338,182,230,32
294,338,181,230,29
295,338,181,230,29
296,338,182,230,32
297,338,195,235,72
291,339,195,235,72
292,339,182,230,32
293,339,181,230,29
294,339,181,230,29
295,339,181,230,29
296,339,188,232,51
291,340,188,232,51
292,340,181,230,29
293,340,181,230,29
294,340,181,230,29
295,340,182,230,32
296,340,195,235,72
290,341,194,234,69
291,341,182,230,32
292,341,181,230,29
293,341,181,230,29
294,341,182,230,32
295,341,194,234,69
289,342,195,235,72
290,342,182,230,32
291,342,181,230,29
292,342,181,230,29
293,342,181,230,29
294,342,188,232,51
289,343,188,232,51
290,343,181,230,29
291,343,181,230,29
292,343,181,230,29
293,343,182,230,32
294,343,195,235,72
288,344,194,234,69
289,344,182,230,32
290,344,181,230,29
291,344,181,230,29
292,344,182,230,32
293,344,194,234,69
287,345,195,235,72
288,345,182,230,32
289,345,181,230,29
290,345,181,230,29
291,345,181,230,29
292,345,188,232,51
287,346,188,232,51
288,346,181,230,29
289,346,181,230,29
290,346,181,230,29
291,346,182,230,32
292,346,195,235,72
286,347,194,234,69
287,347,182,230,32
288,347,181,230,29
289,347,181,230,29
290,347,182,230,32
291,347,194,234,69
285,348,195,235,72
286,348,182,230,32
287,348,181,230,29
288,348,181,230,29
289,348,181,230,29
290,348,188,232,51
285,349,188,232,51
286,349,181,230,29
287,349,181,230,29
288,349,181,230,29
289,349,182,230,32
290,349,195,235,72
284,350,194,234,69
285,350,182,230,32
286,350,181,230,29
287,350,181,230,29
288,350,182,230,32
289,350,194,234,69
283,351,195,235,72
284,351,182,230,32
285,351,181,230,29
286,351,181,230,29
287,351,181,230,29
288,351,188,232,51
283,352,188,232,51
284,352,181,230,29
285,352,181,230,29
286,352,181,230,29
287,352,182,230,32
288,352,195,235,72
282,353,194,234,69
283,353,182,230,32
284,353,181,230,29
285,353,181,230,29
286,353,182,230,32
287,353,194,234,69
281,354,194,234,69
282,354,182,230,32
283,354,181,230,29
284,354,181,230,29
285,354,181,230,29
286,354,188,232,51
280,355,195,235,72
281,355,182,230,32
282,355,181,230,29
283,355,181,230,29
284,355,181,230,29
285,355,182,230,32
286,355,195,235,72
280,356,188,232,51
281,356,181,230,29
282,356,181,230,29
283,356,181,230,29
284,356,182,230,32
285,356,194,234,69
279,357,194,234,69
280,357,182,230,32
281,357,181,230,29
282,357,181,230,29
283,357,182,230,32
284,357,194,234,69
278,358,194,234,69
279,358,182,230,32
280,358,181,230,29
281,358,181,230,29
282,358,181,230,29
283,358,188,232,51
277,359,195,235,72
278,359,182,230,32
279,359,181,230,29
280,359,181,230,29
281,359,181,230,29
282,359,182,230,32
283,359,195,235,72
277,360,188,232,51
278,360,181,230,29
279,360,181,230,29
280,360,181,230,29
281,360,182,230,32
282,360,194,234,69
276,361,194,234,69
277,361,182,230,32
278,361,181,230,29
279,361,181,230,29
280,361,182,230,32
281,361,194,234,69
275,362,194,234,69
276,362,182,230,32
277,362,181,230,29
278,362,181,230,29
279,362,181,230,29
280,362,188,232,51
274,363,194,234,69
275,363,182,230,32
276,363,181,230,29
277,363,181,230,29
278,363,181,230,29
279,363,182,230,32
280,363,195,235,72
273,364,195,235,72
274,364,182,230,32
275,364,181,230,29
276,364,181,230,29
277,364,181,230,29
278,364,182,230,32
279,364,194,234,69
273,365,188,232,51
274,365,181,230,29
275,365,181,230,29
276,365,181,230,29
277,365,182,230,32
278,365,194,234,69
272,366,194,234,69
273,366,182,230,32
274,366,181,230,29
275,366,181,230,29
276,366,182,230,32
277,366,194,234,69
271,367,194,234,69
272,367,182,230,32
273,367,181,230,29
274,367,181,230,29
275,367,181,230,29
276,367,188,232,51
270,368,194,234,69
271,368,182,230,32
272,368,181,230,29
273,368,181,230,29
274,368,181,230,29
275,368,182,230,32
276,368,195,235,72
269,369,194,234,69
270,369,182,230,32
271,369,181,230,29
272,369,181,230,29
273,369,181,230,29
274,369,182,230,32
275,369,194,234,69
268,370,194,234,69
269,370,182,230,32
270,370,181,230,29
271,370,181,230,29
272,370,181,230,29
273,370,182,230,32
274,370,194,234,69
267,371,195,235,72
268,371,182,230,32
269,371,181,230,29
270,371,181,230,29
271,371,181,230,29
272,371,182,230,32
273,371,194,234,69
267,372,188,232,51
268,372,181,230,29
269,372,181,230,29
270,372,181,230,29
271,372,182,230,32
272,372,194,234,69
266,373,194,234,69
267,373,182,230,32
268,373,181,230,29
269,373,181,230,29
270,373,182,230,32
271,373,194,234,69
265,374,194,234,69
266,374,182,230,32
267,374,181,230,29
268,374,181,230,29
269,374,182,230,32
270,374,194,234,69
264,375,194,234,69
265,375,182,230,32
266,375,181,230,29
267,375,181,230,29
268,375,181,230,29
269,375,188,232,51
263,376,194,234,69
264,376,182,230,32
265,376,181,230,29
266,376,181,230,29
267,376,181,230,29
268,376,182,230,32
269,376,195,235,72
262,377,194,234,69
263,377,182,230,32
264,377,181,230,29
265,377,181,230,29
266,377,181,230,29
267,377,182,230,32
268,377,194,234,69
261,378,194,234,69
262,378,182,230,32
263,378,181,230,29
264,378,181,230,29
265,378,181,230,29
266,378,182,230,32
267,378,194,234,69
260,379,194,234,69
261,379,182,230,32
262,379,181,230,29
263,379,181,230,29
264,379,181,230,29
265,379,182,230,32
266,379,194,234,69
259,380,194,234,69
260,380,182,230,32
261,380,181,230,29
262,380,181,230,29
263,380,181,230,29
264,380,182,230,32
265,380,194,234,69
258,381,194,234,69
259,381,182,230,32
260,381,181,230,29
261,381,181,230,29
262,381,181,230,29
263,381,182,230,32
264,381,194,234,69
256,382,195,235,72
257,382,188,232,51
258,382,182,230,32
259,382,181,230,29
260,382,181,230,29
261,382,181,230,29
262,382,182,230,32
263,382,194,234,69
255,383,194,234,69
256,383,182,230,32
257,383,181,230,29
258,383,181,230,29
259,383,181,230,29
260,383,181,230,29
261,383,182,230,32
262,383,194,234,69
254,384,194,234,69
255,384,182,230,32
256,384,181,230,29
257,384,181,230,29
258,384,181,230,29
259,384,181,230,29
260,384,182,230,32
261,384,194,234,69
253,385,194,234,69
254,385,182,230,32
255,385,181,230,29
256,385,181,230,29
257,385,181,230,29
258,385,182,230,32
259,385,188,232,51
260,385,195,235,72
252,386,194,234,69
253,386,182,230,32
254,386,181,230,29
255,386,181,230,29
256,386,181,230,29
257,386,182,230,32
258,386,194,234,69
251,387,194,234,69
252,387,182,230,32
253,387,181,230,29
254,387,181,230,29
255,387,181,230,29
256,387,182,230,32
257,387,194,234,69
250,388,194,234,69
251,388,182,230,32
252,388,181,230,29
253,388,181,230,29
254,388,181,230,29
255,388,182,230,32
256,388,194,234,69
248,389,195,235,72
249,389,188,232,51
250,389,182,230,32
251,389,181,230,29
252,389,181,230,29
253,389,181,230,29
254,389,182,230,32
255,389,194,234,69
247,390,194,234,69
248,390,182,230,32
249,390,181,230,29
250,390,181,230,29
251,390,181,230,29
252,390,181,230,29
253,390,182,230,32
254,390,194,234,69
246,391,194,234,69
247,391,182,230,32
248,391,181,230,29
249,391,181,230,29
250,391,181,230,29
251,391,181,230,29
252,391,182,230,32
253,391,194,234,69
245,392,194,234,69
246,392,182,230,32
247,392,181,230,29
248,392,181,230,29
249,392,181,230,29
250,392,182,230,32
251,392,188,232,51
252,392,195,235,72
244,393,194,234,69
245,393,182,230,32
246,393,181,230,29
247,393,181,230,29
248,393,181,230,29
249,393,182,230,32
250,393,194,234,69
242,394,195,235,72
243,394,188,232,51
244,394,182,230,32
245,394,181,230,29
246,394,181,230,29
247,394,181,230,29
248,394,182,230,32
249,394,194,234,69
241,395,194,234,69
242,395,182,230,32
243,395,181,230,29
244,395,181,230,29
245,395,181,230,29
246,395,181,230,29
247,395,182,230,32
248,395,194,234,69
240,396,194,234,69
241,396,182,230,32
242,396,181,230,29
243,396,181,230,29
244,396,181,230,29
245,396,181,230,29
246,396,182,230,32
247,396,194,234,69
238,397,195,235,72
239,397,188,232,51
240,397,182,230,32
241,397,181,230,29
242,397,181,230,29
243,397,181,230,29
244,397,182,230,32
245,397,188,232,51
246,397,195,235,72
237,398,194,234,69
238,398,182,230,32
239,398,181,230,29
240,398,181,230,29
241,398,181,230,29
242,398,181,230,29
243,398,182,230,32
244,398,194,234,69
235,399,195,235,72
236,399,188,232,51
237,399,182,230,32
238,399,181,230,29
239,399,181,230,29
240,399,181,230,29
241,399,181,230,29
242,399,182,230,32
243,399,194,234,69
234,400,194,234,69
235,400,182,230,32
236,400,181,230,29
237,400,181,230,29
238,400,181,230,29
239,400,181,230,29
240,400,182,230,32
241,400,188,232,51
242,400,195,235,72
233,401,194,234,69
234,401,182,230,32
235,401,181,230,29
236,401,181,230,29
237,401,181,230,29
238,401,181,230,29
239,401,182,230,32
240,401,194,234,69
231,402,195,235,72
232,402,188,232,51
233,402,182,230,32
234,402,181,230,29
235,402,181,230,29
236,402,181,230,29
237,402,182,230,32
238,402,188,232,51
239,402,195,235,72
230,403,194,234,69
231,403,182,230,32
232,403,181,230,29
233,403,181,230,29
234,403,181,230,29
235,403,181,230,29
236,403,182,230,32
237,403,194,234,69
228,404,195,235,72
229,404,188,232,51
230,404,182,230,32
231,404,181,230,29
232,404,181,230,29
233,404,181,230,29
234,404,181,230,29
235,404,182,230,32
236,404,194,234,69
226,405,195,235,72
227,405,188,232,51
228,405,182,230,32
229,405,181,230,29
230,405,181,230,29
231,405,181,230,29
232,405,181,230,29
233,405,182,230,32
234,405,188,232,51
235,405,195,235,72
225,406,194,234,69
226,406,182,230,32
227,406,181,230,29
228,406,181,230,29
229,406,181,230,29
230,406,181,230,29
231,406,181,230,29
232,406,182,230,32
233,406,194,234,69
223,407,195,235,72
224,407,188,232,51
225,407,182,230,32
226,407,181,230,29
227,407,181,230,29
228,407,181,230,29
229,407,181,230,29
230,407,182,230,32
231,407,188,232,51
232,407,195,235,72
222,408,194,234,69
223,408,182,230,32
224,408,181,230,29
225,408,181,230,29
226,408,181,230,29
227,408,181,230,29
228,408,181,230,29
229,408,182,230,32
230,408,194,234,69
220,409,195,235,72
221,409,188,232,51
222,409,182,230,32
223,409,181,230,29
224,409,181,230,29
225,409,181,230,29
226,409,181,230,29
227,409,182,230,32
228,409,188,232,51
229,409,195,235,72
218,410,195,235,72
219,410,188,232,51
220,410,182,230,32
221,410,181,230,29
222,410,181,230,29
223,410,181,230,29
224,410,181,230,29
225,410,182,230,32
226,410,188,232,51
227,410,195,235,72
217,411,194,234,69
218,411,182,230,32
219,411,181,230,29
220,411,181,230,29
221,411,181,230,29
222,411,181,230,29
223,411,181,230,29
224,411,182,230,32
225,411,194,234,69
215,412,195,235,72
216,412,188,232,51
217,412,182,230,32
218,412,181,230,29
219,412,181,230,29
220,412,181,230,29
221,412,181,230,29
222,412,182,230,32
223,412,188,232,51
224,412,195,235,72
213,413,195,235,72
214,413,188,232,51
215,413,182,230,32
216,413,181,230,29
217,413,181,230,29
218,413,181,230,29
219,413,181,230,29
220,413,181,230,29
221,413,182,230,32
222,413,194,234,69
212,414,194,234,69
213,414,182,230,32
214,414,181,230,29
215,414,181,230,29
216,414,181,230,29
217,414,181,230,29
218,414,181,230,29
219,414,182,230,32
220,414,188,232,51
221,414,195,235,72
210,415,195,235,72
211,415,188,232,51
212,415,182,230,32
213,415,181,230,29
214,415,181,230,29
215,415,181,230,29
216,415,181,230,29
217,415,182,230,32
218,415,188,232,51
219,415,195,235,72
208,416,195,235,72
209,416,188,232,51
210,416,182,230,32
211,416,181,230,29
212,416,181,230,29
213,416,181,230,29
214,416,181,230,29
215,416,182,230,32
216,416,188,232,51
217,416,195,235,72
206,417,195,235,72
207,417,188,232,51
208,417,182,230,32
209,417,181,230,29
210,417,181,230,29
211,417,181,230,29
212,417,181,230,29
213,417,181,230,29
214,417,182,230,32
215,417,194,234,69
205,418,194,234,69
206,418,182,230,32
207,418,181,230,29
208,418,181,230,29
209,418,181,230,29
210,418,181,230,29
211,418,181,230,29
212,418,182,230,32
213,418,188,232,51
214,418,195,235,72
203,419,195,235,72
204,419,188,232,51
205,419,182,230,32
206,419,181,230,29
207,419,181,230,29
208,419,181,230,29
209,419,181,230,29
210,419,182,230,32
211,419,188,232,51
212,419,195,235,72
201,420,195,235,72
202,420,188,232,51
203,420,182,230,32
204,420,181,230,29
205,420,181,230,29
206,420,181,230,29
207,420,181,230,29
208,420,181,230,29
209,420,182,230,32
210,420,194,234,69
199,421,195,235,72
200,421,188,232,51
201,421,182,230,32
202,421,181,230,29
203,421,181,230,29
204,421,181,230,29
205,421,181,230,29
206,421,181,230,29
207,421,182,230,32
208,421,188,232,51
209,421,195,235,72
197,422,195,235,72
198,422,188,232,51
199,422,182,230,32
200,422,181,230,29
201,422,181,230,29
202,422,181,230,29
203,422,181,230,29
204,422,181,230,29
205,422,182,230,32
206,422,188,232,51
207,422,195,235,72
195,423,195,235,72
196,423,188,232,51
197,423,182,230,32
198,423,181,230,29
199,423,181,230,29
200,423,181,230,29
201,423,181,230,29
202,423,181,230,29
203,423,182,230,32
204,423,188,232,51
205,423,195,235,72
193,424,195,235,72
194,424,188,232,51
195,424,182,230,32
196,424,181,230,29
197,424,181,230,29
198,424,181,230,29
199,424,181,230,29
200,424,181,230,29
201,424,182,230,32
202,424,188,232,51
203,424,195,235,72
192,425,194,234,69
193,425,182,230,32
194,425,181,230,29
195,425,181,230,29
196,425,181,230,29
197,425,181,230,29
198,425,181,230,29
199,425,182,230,32
200,425,188,232,51
201,425,195,235,72
190,426,195,235,72
191,426,188,232,51
192,426,182,230,32
193,426,181,230,29
194,426,181,230,29
195,426,181,230,29
196,426,181,230,29
197,426,181,230,29
198,426,182,230,32
199,426,194,234,69
188,427,195,235,72
189,427,188,232,51
190,427,182,230,32
191,427,181,230,29
192,427,181,230,29
193,427,181,230,29
194,427,181,230,29
195,427,181,230,29
196,427,182,230,32
197,427,188,232,51
198,427,195,235,72
186,428,195,235,72
187,428,188,232,51
188,428,182,230,32
189,428,181,230,29
190,428,181,230,29
191,428,181,230,29
192,428,181,230,29
193,428,181,230,29
194,428,182,230,32
195,428,188,232,51
196,428,195,235,72
184,429,195,235,72
185,429,188,232,51
186,429,182,230,32
187,429,181,230,29
188,429,181,230,29
189,429,181,230,29
190,429,181,230,29
191,429,181,230,29
192,429,182,230,32
193,429,188,232,51
194,429,195,235,72
182,430,195,235,72
183,430,188,232,51
184,430,182,230,32
185,430,181,230,29
186,430,181,230,29
187,430,181,230,29
188,430,181,230,29
189,430,181,230,29
190,430,182,230,32
191,430,188,232,51
192,430,195,235,72
180,431,195,235,72
181,431,188,232,51
182,431,182,230,32
183,431,181,230,29
184,431,181,230,29
185,431,181,230,29
186,431,181,230,29
187,431,181,230,29
188,431,182,230,32
189,431,188,232,51
190,431,195,235,72
178,432,195,235,72
179,432,188,232,51
180,432,182,230,32
181,432,181,230,29
182,432,181,230,29
183,432,181,230,29
184,432,181,230,29
185,432,181,230,29
186,432,182,230,32
187,432,188,232,51
188,432,195,235,72
176,433,195,235,72
177,433,188,232,51
178,433,182,230,32
179,433,181,230,29
180,433,181,230,29
181,433,181,230,29
182,433,181,230,29
183,433,181,230,29
184,433,182,230,32
185,433,188,232,51
186,433,195,235,72
174,434,195,235,72
175,434,188,232,51
176,434,182,230,32
177,434,181,230,29
178,434,181,230,29
179,434,181,230,29
180,434,181,230,29
181,434,181,230,29
182,434,182,230,32
183,434,188,232,51
184,434,195,235,72
172,435,195,235,72
173,435,188,232,51
174,435,182,230,32
175,435,181,230,29
176,435,181,230,29
177,435,181,230,29
178,435,181,230,29
179,435,181,230,29
180,435,182,230,32
181,435,188,232,51
182,435,195,235,72
170,436,195,235,72
171,436,188,232,51
172,436,182,230,32
173,436,181,230,29
174,436,181,230,29
175,436,181,230,29
176,436,181,230,29
177,436,181,230,29
178,436,182,230,32
179,436,188,232,51
180,436,195,235,72
168,437,195,235,72
169,437,188,232,51
170,437,182,230,32
171,437,181,230,29
172,437,181,230,29
173,437,181,230,29
174,437,181,230,29
175,437,181,230,29
176,437,182,230,32
177,437,188,232,51
178,437,195,235,72
166,438,195,235,72
167,438,188,232,51
168,438,182,230,32
169,438,181,230,29
170,438,181,230,29
171,438,181,230,29
172,438,181,230,29
173,438,181,230,29
174,438,182,230,32
175,438,188,232,51
176,438,195,235,72
164,439,195,235,72
165,439,188,232,51
166,439,182,230,32
167,439,181,230,29
168,439,181,230,29
169,439,181,230,29
170,439,181,230,29
171,439,181,230,29
172,439,182,230,32
173,439,188,232,51
174,439,195,235,72
162,440,195,235,72
163,440,188,232,51
164,440,182,230,32
165,440,181,230,29
166,440,181,230,29
167,440,181,230,29
168,440,181,230,29
169,440,181,230,29
170,440,182,230,32
171,440,188,232,51
172,440,195,235,72
160,441,195,235,72
161,441,188,232,51
162,441,182,230,32
163,441,181,230,29
164,441,181,230,29
165,441,181,230,29
166,441,181,230,29
167,441,181,230,29
168,441,182,230,32
169,441,188,232,51
170,441,195,235,72
158,442,195,235,72
159,442,188,232,51
160,442,182,230,32
161,442,181,230,29
162,442,181,230,29
163,442,181,230,29
164,442,181,230,29
165,442,181,230,29
166,442,182,230,32
167,442,188,232,51
168,442,195,235,72
156,443,195,235,72
157,443,188,232,51
158,443,182,230,32
159,443,181,230,29
160,443,181,230,29
161,443,181,230,29
162,443,181,230,29
163,443,181,230,29
164,443,182,230,32
165,443,188,232,51
166,443,195,235,72
154,444,195,235,72
155,444,188,232,51
156,444,182,230,32
157,444,181,230,29
158,444,181,230,29
159,444,181,230,29
160,444,181,230,29
161,444,181,230,29
162,444,182,230,32
163,444,188,232,51
164,444,195,235,72
152,445,195,235,72
153,445,188,232,51
154,445,182,230,32
155,445,181,230,29
156,445,181,230,29
157,445,181,230,29
158,445,181,230,29
159,445,181,230,29
160,445,182,230,32
161,445,188,232,51
162,445,195,235,72
150,446,195,235,72
151,446,188,232,51
152,446,182,230,32
153,446,181,230,29
154,446,181,230,29
155,446,181,230,29
156,446,181,230,29
157,446,181,230,29
158,446,182,230,32
159,446,188,232,51
160,446,195,235,72
148,447,195,235,72
149,447,188,232,51
150,447,182,230,32
151,447,181,230,29
152,447,181,230,29
153,447,181,230,29
154,447,181,230,29
155,447,181,230,29
156,447,182,230,32
157,447,188,232,51
158,447,195,235,72
146,448,195,235,72
147,448,188,232,51
148,448,182,230,32
149,448,181,230,29
150,448,181,230,29
151,448,181,230,29
152,448,181,230,29
153,448,181,230,29
154,448,182,230,32
155,448,188,232,51
156,448,195,235,72
144,449,195,235,72
145,449,188,232,51
146,449,182,230,32
147,449,181,230,29
148,449,181,230,29
149,449,181,230,29
150,449,181,230,29
151,449,181,230,29
152,449,182,230,32
153,449,188,232,51
154,449,195,235,72
141,450,195,235,72
142,450,189,233,53
143,450,188,232,51
144,450,182,230,32
145,450,181,230,29
146,450,181,230,29
147,450,181,230,29
148,450,181,230,29
149,450,181,230,29
150,450,182,230,32
151,450,188,232,51
152,450,195,235,72
139,451,195,235,72
140,451,188,232,51
141,451,182,230,32
142,451,181,230,29
143,451,181,230,29
144,451,181,230,29
145,451,181,230,29
146,451,181,230,29
147,451,181,230,29
148,451,182,230,32
149,451,188,232,51
150,451,195,235,72
137,452,195,235,72
138,452,188,232,51
139,452,182,230,32
140,452,181,230,29
141,452,181,230,29
142,452,181,230,29
143,452,181,230,29
144,452,181,230,29
145,452,181,230,29
146,452,182,230,32
147,452,188,232,51
148,452,195,235,72
135,453,195,235,72
136,453,188,232,51
137,453,182,230,32
138,453,181,230,29
139,453,181,230,29
140,453,181,230,29
141,453,181,230,29
142,453,181,230,29
143,453,181,230,29
144,453,182,230,32
145,453,188,232,51
146,453,195,235,72
133,454,195,235,72
134,454,188,232,51
135,454,182,230,32
136,454,181,230,29
137,454,181,230,29
138,454,181,230,29
139,454,181,230,29
140,454,181,230,29
141,454,182,230,32
142,454,188,232,51
143,454,189,233,53
144,454,195,235,72
131,455,195,235,72
132,455,188,232,51
133,455,182,230,32
134,455,181,230,29
135,455,181,230,29
136,455,181,230,29
137,455,181,230,29
138,455,181,230,29
139,455,182,230,32
140,455,188,232,51
141,455,195,235,72
129,456,195,235,72
130,456,188,232,51
131,456,182,230,32
132,456,181,230,29
133,456,181,230,29
134,456,181,230,29
135,456,181,230,29
136,456,181,230,29
137,456,182,230,32
138,456,188,232,51
139,456,195,235,72
128,457,195,235,72
129,457,182,230,32
130,457,181,230,29
131,457,181,230,29
132,457,181,230,29
133,457,181,230,29
134,457,181,230,29
135,457,182,230,32
136,457,188,232,51
137,457,195,235,72
128,458,189,233,53
129,458,181,230,29
130,458,181,230,29
131,458,181,230,29
132,458,181,230,29
133,458,182,230,32
134,458,188,232,51
135,458,195,235,72
128,459,195,235,72
129,459,182,230,32
130,459,181,230,29
131,459,182,230,32
132,459,188,232,51
133,459,195,235,72
129,460,195,235,72
130,460,189,233,53
131,460,195,235,72
