326,325,195,235,72
327,325,189,233,53
328,325,195,235,72
325,326,194,234,69
326,326,182,230,32
327,326,181,230,29
328,326,182,230,32
329,326,188,232,51
330,326,189,233,53
331,326,195,235,72
324,327,194,234,69
325,327,182,230,32
326,327,181,230,29
327,327,181,230,29
328,327,181,230,29
329,327,181,230,29
330,327,181,230,29
331,327,182,230,32
332,327,188,232,51
333,327,189,233,53
334,327,195,235,72
323,328,195,235,72
324,328,182,230,32
325,328,181,230,29
326,328,181,230,29
327,328,181,230,29
328,328,181,230,29
329,328,181,230,29
330,328,181,230,29
331,328,181,230,29
332,328,181,230,29
333,328,181,230,29
334,328,182,230,32
335,328,188,232,51
336,328,189,233,53
337,328,189,233,53
338,328,195,235,72
323,329,188,232,51
324,329,181,230,29
325,329,181,230,29
326,329,181,230,29
327,329,181,230,29
328,329,181,230,29
329,329,181,230,29
330,329,181,230,29
331,329,181,230,29
332,329,181,230,29
333,329,181,230,29
334,329,181,230,29
335,329,181,230,29
336,329,181,230,29
337,329,181,230,29
338,329,182,230,32
339,329,188,232,51
340,329,189,233,53
341,329,195,235,72
322,330,194,234,69
323,330,182,230,32
324,330,181,230,29
325,330,181,230,29
326,330,181,230,29
327,330,181,230,29
328,330,181,230,29
329,330,181,230,29
330,330,181,230,29
331,330,181,230,29
332,330,181,230,29
333,330,181,230,29
334,330,181,230,29
335,330,181,230,29
336,330,181,230,29
337,330,181,230,29
338,330,181,230,29
339,330,181,230,29
340,330,181,230,29
341,330,182,230,32
342,330,194,234,69
321,331,195,235,72
322,331,182,230,32
323,331,181,230,29
324,331,181,230,29
325,331,181,230,29
326,331,181,230,29
327,331,181,230,29
328,331,181,230,29
329,331,181,230,29
330,331,181,230,29
331,331,181,230,29
332,331,181,230,29
333,331,181,230,29
334,331,181,230,29
335,331,181,230,29
336,331,181,230,29
337,331,181,230,29
338,331,181,230,29
339,331,181,230,29
340,331,181,230,29
341,331,181,230,29
342,331,182,230,32
343,331,195,235,72
321,332,188,232,51
322,332,181,230,29
323,332,181,230,29
324,332,181,230,29
325,332,181,230,29
326,332,181,230,29
327,332,181,230,29
328,332,181,230,29
329,332,181,230,29
330,332,181,230,29
331,332,181,230,29
332,332,181,230,29
333,332,181,230,29
334,332,181,230,29
335,332,181,230,29
336,332,181,230,29
337,332,181,230,29
338,332,181,230,29
339,332,181,230,29
340,332,181,230,29
341,332,181,230,29
342,332,181,230,29
343,332,189,233,53
320,333,194,234,69
321,333,182,230,32
322,333,181,230,29
323,333,181,230,29
324,333,181,230,29
325,333,181,230,29
326,333,181,230,29
327,333,181,230,29
328,333,181,230,29
329,333,181,230,29
330,333,181,230,29
331,333,181,230,29
332,333,181,230,29
333,333,181,230,29
334,333,181,230,29
335,333,181,230,29
336,333,181,230,29
337,333,181,230,29
338,333,181,230,29
339,333,181,230,29
340,333,181,230,29
341,333,181,230,29
342,333,181,230,29
343,333,189,233,53
319,334,194,234,69
320,334,182,230,32
321,334,181,230,29
322,334,181,230,29
323,334,181,230,29
324,334,181,230,29
325,334,181,230,29
326,334,181,230,29
327,334,181,230,29
328,334,181,230,29
329,334,181,230,29
330,334,181,230,29
331,334,181,230,29
332,334,181,230,29
333,334,181,230,29
334,334,181,230,29
335,334,181,230,29
336,334,181,230,29
337,334,181,230,29
338,334,181,230,29
339,334,181,230,29
340,334,181,230,29
341,334,181,230,29
342,334,181,230,29
343,334,189,233,53
318,335,195,235,72
319,335,182,230,32
320,335,181,230,29
321,335,181,230,29
322,335,181,230,29
323,335,181,230,29
324,335,181,230,29
325,335,181,230,29
326,335,181,230,29
327,335,181,230,29
328,335,181,230,29
329,335,181,230,29
330,335,181,230,29
331,335,181,230,29
332,335,181,230,29
333,335,181,230,29
334,335,181,230,29
335,335,181,230,29
336,335,181,230,29
337,335,181,230,29
338,335,181,230,29
339,335,181,230,29
340,335,181,230,29
341,335,181,230,29
342,335,181,230,29
343,335,189,233,53
318,336,188,232,51
319,336,181,230,29
320,336,181,230,29
321,336,181,230,29
322,336,181,230,29
323,336,181,230,29
324,336,181,230,29
325,336,181,230,29
326,336,181,230,29
327,336,181,230,29
328,336,181,230,29
329,336,181,230,29
330,336,181,230,29
331,336,181,230,29
332,336,181,230,29
333,336,181,230,29
334,336,181,230,29
335,336,181,230,29
336,336,181,230,29
337,336,181,230,29
338,336,181,230,29
339,336,181,230,29
340,336,181,230,29
341,336,181,230,29
342,336,181,230,29
343,336,189,233,53
317,337,194,234,69
318,337,182,230,32
319,337,181,230,29
320,337,181,230,29
321,337,181,230,29
322,337,181,230,29
323,337,181,230,29
324,337,181,230,29
325,337,181,230,29
326,337,181,230,29
327,337,181,230,29
328,337,181,230,29
329,337,181,230,29
330,337,181,230,29
331,337,181,230,29
332,337,181,230,29
333,337,181,230,29
334,337,181,230,29
335,337,181,230,29
336,337,181,230,29
337,337,181,230,29
338,337,181,230,29
339,337,181,230,29
340,337,181,230,29
341,337,181,230,29
342,337,181,230,29
343,337,189,233,53
316,338,195,235,72
317,338,182,230,32
318,338,181,230,29
319,338,181,230,29
320,338,181,230,29
321,338,181,230,29
322,338,181,230,29
323,338,181,230,29
324,338,181,230,29
325,338,181,230,29
326,338,181,230,29
327,338,181,230,29
328,338,181,230,29
329,338,181,230,29
330,338,181,230,29
331,338,181,230,29
332,338,181,230,29
333,338,181,230,29
334,338,181,230,29
335,338,181,230,29
336,338,181,230,29
337,338,181,230,29
338,338,181,230,29
339,338,181,230,29
340,338,181,230,29
341,338,181,230,29
342,338,181,230,29
343,338,189,233,53
316,339,189,233,53
317,339,181,230,29
318,339,181,230,29
319,339,181,230,29
320,339,181,230,29
321,339,181,230,29
322,339,181,230,29
323,339,181,230,29
324,339,181,230,29
325,339,181,230,29
326,339,181,230,29
327,339,181,230,29
328,339,181,230,29
329,339,181,230,29
330,339,181,230,29
331,339,181,230,29
332,339,181,230,29
333,339,181,230,29
334,339,181,230,29
335,339,181,230,29
336,339,181,230,29
337,339,181,230,29
338,339,181,230,29
339,339,181,230,29
340,339,181,230,29
341,339,181,230,29
342,339,181,230,29
343,339,189,233,53
316,340,195,235,72
317,340,182,230,32
318,340,181,230,29
319,340,181,230,29
320,340,181,230,29
321,340,181,230,29
322,340,181,230,29
323,340,181,230,29
324,340,181,230,29
325,340,181,230,29
326,340,181,230,29
327,340,181,230,29
328,340,181,230,29
329,340,181,230,29
330,340,181,230,29
331,340,181,230,29
332,340,181,230,29
333,340,181,230,29
334,340,181,230,29
335,340,181,230,29
336,340,181,230,29
337,340,181,230,29
338,340,181,230,29
339,340,181,230,29
340,340,181,230,29
341,340,181,230,29
342,340,181,230,29
343,340,189,233,53
317,341,194,234,69
318,341,182,230,32
319,341,181,230,29
320,341,181,230,29
321,341,181,230,29
322,341,181,230,29
323,341,181,230,29
324,341,181,230,29
325,341,181,230,29
326,341,181,230,29
327,341,181,230,29
328,341,181,230,29
329,341,181,230,29
330,341,181,230,29
331,341,181,230,29
332,341,181,230,29
333,341,181,230,29
334,341,181,230,29
335,341,181,230,29
336,341,181,230,29
337,341,181,230,29
338,341,181,230,29
339,341,181,230,29
340,341,181,230,29
341,341,181,230,29
342,341,181,230,29
343,341,189,233,53
318,342,188,232,51
319,342,181,230,29
320,342,181,230,29
321,342,181,230,29
322,342,181,230,29
323,342,181,230,29
324,342,181,230,29
325,342,181,230,29
326,342,181,230,29
327,342,181,230,29
328,342,181,230,29
329,342,181,230,29
330,342,181,230,29
331,342,181,230,29
332,342,181,230,29
333,342,181,230,29
334,342,181,230,29
335,342,181,230,29
336,342,181,230,29
337,342,181,230,29
338,342,181,230,29
339,342,181,230,29
340,342,181,230,29
341,342,181,230,29
342,342,181,230,29
343,342,189,233,53
318,343,195,235,72
319,343,182,230,32
320,343,181,230,29
321,343,181,230,29
322,343,181,230,29
323,343,181,230,29
324,343,181,230,29
325,343,181,230,29
326,343,181,230,29
327,343,181,230,29
328,343,181,230,29
329,343,181,230,29
330,343,181,230,29
331,343,181,230,29
332,343,181,230,29
333,343,181,230,29
334,343,181,230,29
335,343,181,230,29
336,343,181,230,29
337,343,181,230,29
338,343,181,230,29
339,343,181,230,29
340,343,181,230,29
341,343,181,230,29
342,343,181,230,29
343,343,189,233,53
319,344,194,234,69
320,344,182,230,32
321,344,181,230,29
322,344,181,230,29
323,344,181,230,29
324,344,181,230,29
325,344,181,230,29
326,344,181,230,29
327,344,181,230,29
328,344,181,230,29
329,344,181,230,29
330,344,181,230,29
331,344,181,230,29
332,344,181,230,29
333,344,181,230,29
334,344,181,230,29
335,344,181,230,29
336,344,181,230,29
337,344,181,230,29
338,344,181,230,29
339,344,181,230,29
340,344,181,230,29
341,344,181,230,29
342,344,181,230,29
343,344,189,233,53
320,345,194,234,69
321,345,182,230,32
322,345,181,230,29
323,345,181,230,29
324,345,181,230,29
325,345,181,230,29
326,345,181,230,29
327,345,181,230,29
328,345,181,230,29
329,345,181,230,29
330,345,181,230,29
331,345,181,230,29
332,345,181,230,29
333,345,181,230,29
334,345,181,230,29
335,345,181,230,29
336,345,181,230,29
337,345,181,230,29
338,345,181,230,29
339,345,181,230,29
340,345,181,230,29
341,345,181,230,29
342,345,181,230,29
343,345,189,233,53
321,346,188,232,51
322,346,181,230,29
323,346,181,230,29
324,346,181,230,29
325,346,181,230,29
326,346,181,230,29
327,346,181,230,29
328,346,181,230,29
329,346,181,230,29
330,346,181,230,29
331,346,181,230,29
332,346,181,230,29
333,346,181,230,29
334,346,181,230,29
335,346,181,230,29
336,346,181,230,29
337,346,181,230,29
338,346,181,230,29
339,346,181,230,29
340,346,181,230,29
341,346,181,230,29
342,346,181,230,29
343,346,189,233,53
321,347,195,235,72
322,347,182,230,32
323,347,181,230,29
324,347,181,230,29
325,347,181,230,29
326,347,181,230,29
327,347,181,230,29
328,347,181,230,29
329,347,181,230,29
330,347,181,230,29
331,347,181,230,29
332,347,181,230,29
333,347,181,230,29
334,347,181,230,29
335,347,181,230,29
336,347,181,230,29
337,347,181,230,29
338,347,181,230,29
339,347,181,230,29
340,347,181,230,29
341,347,181,230,29
342,347,182,230,32
343,347,195,235,72
322,348,194,234,69
323,348,182,230,32
324,348,181,230,29
325,348,181,230,29
326,348,181,230,29
327,348,181,230,29
328,348,181,230,29
329,348,181,230,29
330,348,181,230,29
331,348,181,230,29
332,348,181,230,29
333,348,181,230,29
334,348,181,230,29
335,348,181,230,29
336,348,181,230,29
337,348,181,230,29
338,348,181,230,29
339,348,181,230,29
340,348,181,230,29
341,348,182,230,32
342,348,194,234,69
323,349,188,232,51
324,349,181,230,29
325,349,181,230,29
326,349,181,230,29
327,349,181,230,29
328,349,181,230,29
329,349,181,230,29
330,349,181,230,29
331,349,181,230,29
332,349,181,230,29
333,349,181,230,29
334,349,181,230,29
335,349,181,230,29
336,349,181,230,29
337,349,181,230,29
338,349,182,230,32
339,349,188,232,51
340,349,189,233,53
341,349,195,235,72
323,350,195,235,72
324,350,182,230,32
325,350,181,230,29
326,350,181,230,29
327,350,181,230,29
328,350,181,230,29
329,350,181,230,29
330,350,181,230,29
331,350,181,230,29
332,350,181,230,29
333,350,181,230,29
334,350,181,230,29
335,350,182,230,32
336,350,188,232,51
337,350,189,233,53
338,350,195,235,72
324,351,194,234,69
325,351,182,230,32
326,351,181,230,29
327,351,181,230,29
328,351,181,230,29
329,351,181,230,29
330,351,181,230,29
331,351,181,230,29
332,351,182,230,32
333,351,188,232,51
334,351,189,233,53
335,351,195,235,72
325,352,194,234,69
326,352,182,230,32
327,352,181,230,29
328,352,182,230,32
329,352,188,232,51
330,352,189,233,53
331,352,189,233,53
332,352,195,235,72
326,353,195,235,72
327,353,189,233,53
328,353,195,235,72
