166,885,195,235,72
167,885,189,233,53
168,885,189,233,53
169,885,189,233,53
170,885,189,233,53
171,885,189,233,53
172,885,189,233,53
173,885,189,233,53
174,885,195,235,72
162,886,195,235,72
163,886,189,233,53
164,886,189,233,53
165,886,188,232,51
166,886,182,230,32
167,886,181,230,29
168,886,181,230,29
169,886,181,230,29
170,886,181,230,29
171,886,181,230,29
172,886,181,230,29
173,886,181,230,29
174,886,182,230,32
175,886,188,232,51
176,886,189,233,53
177,886,189,233,53
178,886,195,235,72
159,887,195,235,72
160,887,189,233,53
161,887,188,232,51
162,887,182,230,32
163,887,181,230,29
164,887,181,230,29
165,887,181,230,29
166,887,181,230,29
167,887,181,230,29
168,887,181,230,29
169,887,181,230,29
170,887,181,230,29
171,887,181,230,29
172,887,181,230,29
173,887,181,230,29
174,887,181,230,29
175,887,181,230,29
176,887,181,230,29
177,887,181,230,29
178,887,182,230,32
179,887,188,232,51
180,887,189,233,53
181,887,195,235,72
157,888,195,235,72
158,888,188,232,51
159,888,182,230,32
160,888,181,230,29
161,888,181,230,29
162,888,181,230,29
163,888,181,230,29
164,888,181,230,29
165,888,181,230,29
166,888,181,230,29
167,888,181,230,29
168,888,181,230,29
169,888,181,230,29
170,888,181,230,29
171,888,181,230,29
172,888,181,230,29
173,888,181,230,29
174,888,181,230,29
175,888,181,230,29
176,888,181,230,29
177,888,181,230,29
178,888,181,230,29
179,888,181,230,29
180,888,181,230,29
181,888,182,230,32
182,888,188,232,51
183,888,195,235,72
155,889,195,235,72
156,889,188,232,51
157,889,182,230,32
158,889,181,230,29
159,889,181,230,29
160,889,181,230,29
161,889,181,230,29
162,889,181,230,29
163,889,181,230,29
164,889,181,230,29
165,889,181,230,29
166,889,181,230,29
167,889,181,230,29
168,889,181,230,29
169,889,181,230,29
170,889,181,230,29
171,889,181,230,29
172,889,181,230,29
173,889,181,230,29
174,889,181,230,29
175,889,181,230,29
176,889,181,230,29
177,889,181,230,29
178,889,181,230,29
179,889,181,230,29
180,889,181,230,29
181,889,181,230,29
182,889,181,230,29
183,889,182,230,32
184,889,188,232,51
185,889,195,235,72
153,890,195,235,72
154,890,188,232,51
155,890,182,230,32
156,890,181,230,29
157,890,181,230,29
158,890,181,230,29
159,890,181,230,29
160,890,181,230,29
161,890,181,230,29
162,890,181,230,29
163,890,181,230,29
164,890,181,230,29
165,890,181,230,29
166,890,181,230,29
167,890,181,230,29
168,890,181,230,29
169,890,181,230,29
170,890,181,230,29
171,890,181,230,29
172,890,181,230,29
173,890,181,230,29
174,890,181,230,29
175,890,181,230,29
176,890,181,230,29
177,890,181,230,29
178,890,181,230,29
179,890,181,230,29
180,890,181,230,29
181,890,181,230,29
182,890,181,230,29
183,890,181,230,29
184,890,181,230,29
185,890,182,230,32
186,890,188,232,51
187,890,195,235,72
152,891,194,234,69
153,891,182,230,32
154,891,181,230,29
155,891,181,230,29
156,891,181,230,29
157,891,181,230,29
158,891,181,230,29
159,891,181,230,29
160,891,181,230,29
161,891,181,230,29
162,891,181,230,29
163,891,181,230,29
164,891,181,230,29
165,891,181,230,29
166,891,181,230,29
167,891,181,230,29
168,891,181,230,29
169,891,181,230,29
170,891,181,230,29
171,891,181,230,29
172,891,181,230,29
173,891,181,230,29
174,891,181,230,29
175,891,181,230,29
176,891,181,230,29
177,891,181,230,29
178,891,181,230,29
179,891,181,230,29
180,891,181,230,29
181,891,181,230,29
182,891,181,230,29
183,891,181,230,29
184,891,181,230,29
185,891,181,230,29
186,891,181,230,29
187,891,182,230,32
188,891,194,234,69
151,892,194,234,69
152,892,182,230,32
153,892,181,230,29
154,892,181,230,29
155,892,181,230,29
156,892,181,230,29
157,892,181,230,29
158,892,181,230,29
159,892,181,230,29
160,892,181,230,29
161,892,181,230,29
162,892,181,230,29
163,892,181,230,29
164,892,181,230,29
165,892,181,230,29
166,892,181,230,29
167,892,181,230,29
168,892,181,230,29
169,892,181,230,29
170,892,181,230,29
171,892,181,230,29
172,892,181,230,29
173,892,181,230,29
174,892,181,230,29
175,892,181,230,29
176,892,181,230,29
177,892,181,230,29
178,892,181,230,29
179,892,181,230,29
180,892,181,230,29
181,892,181,230,29
182,892,181,230,29
183,892,181,230,29
184,892,181,230,29
185,892,181,230,29
186,892,181,230,29
187,892,181,230,29
188,892,182,230,32
189,892,194,234,69
150,893,194,234,69
151,893,182,230,32
152,893,181,230,29
153,893,181,230,29
154,893,181,230,29
155,893,181,230,29
156,893,181,230,29
157,893,181,230,29
158,893,181,230,29
159,893,181,230,29
160,893,181,230,29
161,893,181,230,29
162,893,181,230,29
163,893,181,230,29
164,893,181,230,29
165,893,181,230,29
166,893,181,230,29
167,893,181,230,29
168,893,181,230,29
169,893,181,230,29
170,893,181,230,29
171,893,181,230,29
172,893,181,230,29
173,893,181,230,29
174,893,181,230,29
175,893,181,230,29
176,893,181,230,29
177,893,181,230,29
178,893,181,230,29
179,893,181,230,29
180,893,181,230,29
181,893,181,230,29
182,893,181,230,29
183,893,181,230,29
184,893,181,230,29
185,893,181,230,29
186,893,181,230,29
187,893,181,230,29
188,893,181,230,29
189,893,182,230,32
190,893,194,234,69
149,894,194,234,69
150,894,182,230,32
151,894,181,230,29
152,894,181,230,29
153,894,181,230,29
154,894,181,230,29
155,894,181,230,29
156,894,181,230,29
157,894,181,230,29
158,894,181,230,29
159,894,181,230,29
160,894,181,230,29
161,894,181,230,29
162,894,181,230,29
163,894,181,230,29
164,894,181,230,29
165,894,181,230,29
166,894,181,230,29
167,894,181,230,29
168,894,181,230,29
169,894,181,230,29
170,894,181,230,29
171,894,181,230,29
172,894,181,230,29
173,894,181,230,29
174,894,181,230,29
175,894,181,230,29
176,894,181,230,29
177,894,181,230,29
178,894,181,230,29
179,894,181,230,29
180,894,181,230,29
181,894,181,230,29
182,894,181,230,29
183,894,181,230,29
184,894,181,230,29
185,894,181,230,29
186,894,181,230,29
187,894,181,230,29
188,894,181,230,29
189,894,181,230,29
190,894,182,230,32
191,894,194,234,69
148,895,194,234,69
149,895,182,230,32
150,895,181,230,29
151,895,181,230,29
152,895,181,230,29
153,895,181,230,29
154,895,181,230,29
155,895,181,230,29
156,895,181,230,29
157,895,181,230,29
158,895,181,230,29
159,895,181,230,29
160,895,181,230,29
161,895,181,230,29
162,895,181,230,29
163,895,181,230,29
164,895,181,230,29
165,895,181,230,29
166,895,181,230,29
167,895,181,230,29
168,895,181,230,29
169,895,181,230,29
170,895,181,230,29
171,895,181,230,29
172,895,181,230,29
173,895,181,230,29
174,895,181,230,29
175,895,181,230,29
176,895,181,230,29
177,895,181,230,29
178,895,181,230,29
179,895,181,230,29
180,895,181,230,29
181,895,181,230,29
182,895,181,230,29
183,895,181,230,29
184,895,181,230,29
185,895,181,230,29
186,895,181,230,29
187,895,181,230,29
188,895,181,230,29
189,895,181,230,29
190,895,181,230,29
191,895,182,230,32
192,895,194,234,69
147,896,194,234,69
148,896,182,230,32
149,896,181,230,29
150,896,181,230,29
151,896,181,230,29
152,896,181,230,29
153,896,181,230,29
154,896,181,230,29
155,896,181,230,29
156,896,181,230,29
157,896,181,230,29
158,896,181,230,29
159,896,181,230,29
160,896,181,230,29
161,896,181,230,29
162,896,181,230,29
163,896,181,230,29
164,896,181,230,29
165,896,181,230,29
166,896,181,230,29
167,896,181,230,29
168,896,181,230,29
169,896,181,230,29
170,896,181,230,29
171,896,181,230,29
172,896,181,230,29
173,896,181,230,29
174,896,181,230,29
175,896,181,230,29
176,896,181,230,29
177,896,181,230,29
178,896,181,230,29
179,896,181,230,29
180,896,181,230,29
181,896,181,230,29
182,896,181,230,29
183,896,181,230,29
184,896,181,230,29
185,896,181,230,29
186,896,181,230,29
187,896,181,230,29
188,896,181,230,29
189,896,181,230,29
190,896,181,230,29
191,896,181,230,29
192,896,182,230,32
193,896,194,234,69
146,897,195,235,72
147,897,182,230,32
148,897,181,230,29
149,897,181,230,29
150,897,181,230,29
151,897,181,230,29
152,897,181,230,29
153,897,181,230,29
154,897,181,230,29
155,897,181,230,29
156,897,181,230,29
157,897,181,230,29
158,897,181,230,29
159,897,181,230,29
160,897,181,230,29
161,897,181,230,29
162,897,181,230,29
163,897,181,230,29
164,897,181,230,29
165,897,181,230,29
166,897,181,230,29
167,897,181,230,29
168,897,181,230,29
169,897,181,230,29
170,897,181,230,29
171,897,181,230,29
172,897,181,230,29
173,897,181,230,29
174,897,181,230,29
175,897,181,230,29
176,897,181,230,29
177,897,181,230,29
178,897,181,230,29
179,897,181,230,29
180,897,181,230,29
181,897,181,230,29
182,897,181,230,29
183,897,181,230,29
184,897,181,230,29
185,897,181,230,29
186,897,181,230,29
187,897,181,230,29
188,897,181,230,29
189,897,181,230,29
190,897,181,230,29
191,897,181,230,29
192,897,181,230,29
193,897,182,230,32
194,897,194,234,69
146,898,188,232,51
147,898,181,230,29
148,898,181,230,29
149,898,181,230,29
150,898,181,230,29
151,898,181,230,29
152,898,181,230,29
153,898,181,230,29
154,898,181,230,29
155,898,181,230,29
156,898,181,230,29
157,898,181,230,29
158,898,181,230,29
159,898,181,230,29
160,898,181,230,29
161,898,181,230,29
162,898,181,230,29
163,898,181,230,29
164,898,181,230,29
165,898,181,230,29
166,898,181,230,29
167,898,181,230,29
168,898,181,230,29
169,898,181,230,29
170,898,181,230,29
171,898,181,230,29
172,898,181,230,29
173,898,181,230,29
174,898,181,230,29
175,898,181,230,29
176,898,181,230,29
177,898,181,230,29
178,898,181,230,29
179,898,181,230,29
180,898,181,230,29
181,898,181,230,29
182,898,181,230,29
183,898,181,230,29
184,898,181,230,29
185,898,181,230,29
186,898,181,230,29
187,898,181,230,29
188,898,181,230,29
189,898,181,230,29
190,898,181,230,29
191,898,181,230,29
192,898,181,230,29
193,898,181,230,29
194,898,182,230,32
195,898,195,235,72
145,899,194,234,69
146,899,182,230,32
147,899,181,230,29
148,899,181,230,29
149,899,181,230,29
150,899,181,230,29
151,899,181,230,29
152,899,181,230,29
153,899,181,230,29
154,899,181,230,29
155,899,181,230,29
156,899,181,230,29
157,899,181,230,29
158,899,181,230,29
159,899,181,230,29
160,899,181,230,29
161,899,181,230,29
162,899,181,230,29
163,899,181,230,29
164,899,181,230,29
165,899,181,230,29
166,899,181,230,29
167,899,181,230,29
168,899,181,230,29
169,899,181,230,29
170,899,181,230,29
171,899,181,230,29
172,899,181,230,29
173,899,181,230,29
174,899,181,230,29
175,899,181,230,29
176,899,181,230,29
177,899,181,230,29
178,899,181,230,29
179,899,181,230,29
180,899,181,230,29
181,899,181,230,29
182,899,181,230,29
183,899,181,230,29
184,899,181,230,29
185,899,181,230,29
186,899,181,230,29
187,899,181,230,29
188,899,181,230,29
189,899,181,230,29
190,899,181,230,29
191,899,181,230,29
192,899,181,230,29
193,899,181,230,29
194,899,181,230,29
195,899,188,232,51
144,900,195,235,72
145,900,182,230,32
146,900,181,230,29
147,900,181,230,29
148,900,181,230,29
149,900,181,230,29
150,900,181,230,29
151,900,181,230,29
152,900,181,230,29
153,900,181,230,29
154,900,181,230,29
155,900,181,230,29
156,900,181,230,29
157,900,181,230,29
158,900,181,230,29
159,900,181,230,29
160,900,181,230,29
161,900,181,230,29
162,900,181,230,29
163,900,181,230,29
164,900,181,230,29
165,900,181,230,29
166,900,181,230,29
167,900,181,230,29
168,900,181,230,29
169,900,181,230,29
170,900,181,230,29
171,900,181,230,29
172,900,181,230,29
173,900,181,230,29
174,900,181,230,29
175,900,181,230,29
176,900,181,230,29
177,900,181,230,29
178,900,181,230,29
179,900,181,230,29
180,900,181,230,29
181,900,181,230,29
182,900,181,230,29
183,900,181,230,29
184,900,181,230,29
185,900,181,230,29
186,900,181,230,29
187,900,181,230,29
188,900,181,230,29
189,900,181,230,29
190,900,181,230,29
191,900,181,230,29
192,900,181,230,29
193,900,181,230,29
194,900,181,230,29
195,900,182,230,32
196,900,195,235,72
144,901,188,232,51
145,901,181,230,29
146,901,181,230,29
147,901,181,230,29
148,901,181,230,29
149,901,181,230,29
150,901,181,230,29
151,901,181,230,29
152,901,181,230,29
153,901,181,230,29
154,901,181,230,29
155,901,181,230,29
156,901,181,230,29
157,901,181,230,29
158,901,181,230,29
159,901,181,230,29
160,901,181,230,29
161,901,181,230,29
162,901,181,230,29
163,901,181,230,29
164,901,181,230,29
165,901,181,230,29
166,901,181,230,29
167,901,181,230,29
168,901,181,230,29
169,901,181,230,29
170,901,181,230,29
171,901,181,230,29
172,901,181,230,29
173,901,181,230,29
174,901,181,230,29
175,901,181,230,29
176,901,181,230,29
177,901,181,230,29
178,901,181,230,29
179,901,181,230,29
180,901,181,230,29
181,901,181,230,29
182,901,181,230,29
183,901,181,230,29
184,901,181,230,29
185,901,181,230,29
186,901,181,230,29
187,901,181,230,29
188,901,181,230,29
189,901,181,230,29
190,901,181,230,29
191,901,181,230,29
192,901,181,230,29
193,901,181,230,29
194,901,181,230,29
195,901,181,230,29
196,901,188,232,51
143,902,195,235,72
144,902,182,230,32
145,902,181,230,29
146,902,181,230,29
147,902,181,230,29
148,902,181,230,29
149,902,181,230,29
150,902,181,230,29
151,902,181,230,29
152,902,181,230,29
153,902,181,230,29
154,902,181,230,29
155,902,181,230,29
156,902,181,230,29
157,902,181,230,29
158,902,181,230,29
159,902,181,230,29
160,902,181,230,29
161,902,181,230,29
162,902,181,230,29
163,902,181,230,29
164,902,181,230,29
165,902,181,230,29
166,902,181,230,29
167,902,181,230,29
168,902,181,230,29
169,902,181,230,29
170,902,181,230,29
171,902,181,230,29
172,902,181,230,29
173,902,181,230,29
174,902,181,230,29
175,902,181,230,29
176,902,181,230,29
177,902,181,230,29
178,902,181,230,29
179,902,181,230,29
180,902,181,230,29
181,902,181,230,29
182,902,181,230,29
183,902,181,230,29
184,902,181,230,29
185,902,181,230,29
186,902,181,230,29
187,902,181,230,29
188,902,181,230,29
189,902,181,230,29
190,902,181,230,29
191,902,181,230,29
192,902,181,230,29
193,902,181,230,29
194,902,181,230,29
195,902,181,230,29
196,902,182,230,32
197,902,195,235,72
143,903,188,232,51
144,903,181,230,29
145,903,181,230,29
146,903,181,230,29
147,903,181,230,29
148,903,181,230,29
149,903,181,230,29
150,903,181,230,29
151,903,181,230,29
152,903,181,230,29
153,903,181,230,29
154,903,181,230,29
155,903,181,230,29
156,903,181,230,29
157,903,181,230,29
158,903,181,230,29
159,903,181,230,29
160,903,181,230,29
161,903,181,230,29
162,903,181,230,29
163,903,181,230,29
164,903,181,230,29
165,903,181,230,29
166,903,181,230,29
167,903,181,230,29
168,903,181,230,29
169,903,181,230,29
170,903,181,230,29
171,903,181,230,29
172,903,181,230,29
173,903,181,230,29
174,903,181,230,29
175,903,181,230,29
176,903,181,230,29
177,903,181,230,29
178,903,181,230,29
179,903,181,230,29
180,903,181,230,29
181,903,181,230,29
182,903,181,230,29
183,903,181,230,29
184,903,181,230,29
185,903,181,230,29
186,903,181,230,29
187,903,181,230,29
188,903,181,230,29
189,903,181,230,29
190,903,181,230,29
191,903,181,230,29
192,903,181,230,29
193,903,181,230,29
194,903,181,230,29
195,903,181,230,29
196,903,181,230,29
197,903,188,232,51
142,904,195,235,72
143,904,182,230,32
144,904,181,230,29
145,904,181,230,29
146,904,181,230,29
147,904,181,230,29
148,904,181,230,29
149,904,181,230,29
150,904,181,230,29
151,904,181,230,29
152,904,181,230,29
153,904,181,230,29
154,904,181,230,29
155,904,181,230,29
156,904,181,230,29
157,904,181,230,29
158,904,181,230,29
159,904,181,230,29
160,904,181,230,29
161,904,181,230,29
162,904,181,230,29
163,904,181,230,29
164,904,181,230,29
165,904,181,230,29
166,904,181,230,29
167,904,181,230,29
168,904,181,230,29
169,904,181,230,29
170,904,181,230,29
171,904,181,230,29
172,904,181,230,29
173,904,181,230,29
174,904,181,230,29
175,904,181,230,29
176,904,181,230,29
177,904,181,230,29
178,904,181,230,29
179,904,181,230,29
180,904,181,230,29
181,904,181,230,29
182,904,181,230,29
183,904,181,230,29
184,904,181,230,29
185,904,181,230,29
186,904,181,230,29
187,904,181,230,29
188,904,181,230,29
189,904,181,230,29
190,904,181,230,29
191,904,181,230,29
192,904,181,230,29
193,904,181,230,29
194,904,181,230,29
195,904,181,230,29
196,904,181,230,29
197,904,182,230,32
198,904,195,235,72
142,905,189,233,53
143,905,181,230,29
144,905,181,230,29
145,905,181,230,29
146,905,181,230,29
147,905,181,230,29
148,905,181,230,29
149,905,181,230,29
150,905,181,230,29
151,905,181,230,29
152,905,181,230,29
153,905,181,230,29
154,905,181,230,29
155,905,181,230,29
156,905,181,230,29
157,905,181,230,29
158,905,181,230,29
159,905,181,230,29
160,905,181,230,29
161,905,181,230,29
162,905,181,230,29
163,905,181,230,29
164,905,181,230,29
165,905,181,230,29
166,905,181,230,29
167,905,181,230,29
168,905,181,230,29
169,905,181,230,29
170,905,181,230,29
171,905,181,230,29
172,905,181,230,29
173,905,181,230,29
174,905,181,230,29
175,905,181,230,29
176,905,181,230,29
177,905,181,230,29
178,905,181,230,29
179,905,181,230,29
180,905,181,230,29
181,905,181,230,29
182,905,181,230,29
183,905,181,230,29
184,905,181,230,29
185,905,181,230,29
186,905,181,230,29
187,905,181,230,29
188,905,181,230,29
189,905,181,230,29
190,905,181,230,29
191,905,181,230,29
192,905,181,230,29
193,905,181,230,29
194,905,181,230,29
195,905,181,230,29
196,905,181,230,29
197,905,181,230,29
198,905,189,233,53
142,906,188,232,51
143,906,181,230,29
144,906,181,230,29
145,906,181,230,29
146,906,181,230,29
147,906,181,230,29
148,906,181,230,29
149,906,181,230,29
150,906,181,230,29
151,906,181,230,29
152,906,181,230,29
153,906,181,230,29
154,906,181,230,29
155,906,181,230,29
156,906,181,230,29
157,906,181,230,29
158,906,181,230,29
159,906,181,230,29
160,906,181,230,29
161,906,181,230,29
162,906,181,230,29
163,906,181,230,29
164,906,181,230,29
165,906,181,230,29
166,906,181,230,29
167,906,181,230,29
168,906,181,230,29
169,906,181,230,29
170,906,181,230,29
171,906,181,230,29
172,906,181,230,29
173,906,181,230,29
174,906,181,230,29
175,906,181,230,29
176,906,181,230,29
177,906,181,230,29
178,906,181,230,29
179,906,181,230,29
180,906,181,230,29
181,906,181,230,29
182,906,181,230,29
183,906,181,230,29
184,906,181,230,29
185,906,181,230,29
186,906,181,230,29
187,906,181,230,29
188,906,181,230,29
189,906,181,230,29
190,906,181,230,29
191,906,181,230,29
192,906,181,230,29
193,906,181,230,29
194,906,181,230,29
195,906,181,230,29
196,906,181,230,29
197,906,181,230,29
198,906,188,232,51
141,907,195,235,72
142,907,182,230,32
143,907,181,230,29
144,907,181,230,29
145,907,181,230,29
146,907,181,230,29
147,907,181,230,29
148,907,181,230,29
149,907,181,230,29
150,907,181,230,29
151,907,181,230,29
152,907,181,230,29
153,907,181,230,29
154,907,181,230,29
155,907,181,230,29
156,907,181,230,29
157,907,181,230,29
158,907,181,230,29
159,907,181,230,29
160,907,181,230,29
161,907,181,230,29
162,907,181,230,29
163,907,181,230,29
164,907,181,230,29
165,907,181,230,29
166,907,181,230,29
167,907,181,230,29
168,907,181,230,29
169,907,181,230,29
170,907,181,230,29
171,907,181,230,29
172,907,181,230,29
173,907,181,230,29
174,907,181,230,29
175,907,181,230,29
176,907,181,230,29
177,907,181,230,29
178,907,181,230,29
179,907,181,230,29
180,907,181,230,29
181,907,181,230,29
182,907,181,230,29
183,907,181,230,29
184,907,181,230,29
185,907,181,230,29
186,907,181,230,29
187,907,181,230,29
188,907,181,230,29
189,907,181,230,29
190,907,181,230,29
191,907,181,230,29
192,907,181,230,29
193,907,181,230,29
194,907,181,230,29
195,907,181,230,29
196,907,181,230,29
197,907,181,230,29
198,907,182,230,32
199,907,195,235,72
141,908,189,233,53
142,908,181,230,29
143,908,181,230,29
144,908,181,230,29
145,908,181,230,29
146,908,181,230,29
147,908,181,230,29
148,908,181,230,29
149,908,181,230,29
150,908,181,230,29
151,908,181,230,29
152,908,181,230,29
153,908,181,230,29
154,908,181,230,29
155,908,181,230,29
156,908,181,230,29
157,908,181,230,29
158,908,181,230,29
159,908,181,230,29
160,908,181,230,29
161,908,181,230,29
162,908,181,230,29
163,908,181,230,29
164,908,181,230,29
165,908,181,230,29
166,908,181,230,29
167,908,181,230,29
168,908,181,230,29
169,908,181,230,29
170,908,181,230,29
171,908,181,230,29
172,908,181,230,29
173,908,181,230,29
174,908,181,230,29
175,908,181,230,29
176,908,181,230,29
177,908,181,230,29
178,908,181,230,29
179,908,181,230,29
180,908,181,230,29
181,908,181,230,29
182,908,181,230,29
183,908,181,230,29
184,908,181,230,29
185,908,181,230,29
186,908,181,230,29
187,908,181,230,29
188,908,181,230,29
189,908,181,230,29
190,908,181,230,29
191,908,181,230,29
192,908,181,230,29
193,908,181,230,29
194,908,181,230,29
195,908,181,230,29
196,908,181,230,29
197,908,181,230,29
198,908,181,230,29
199,908,189,233,53
141,909,189,233,53
142,909,181,230,29
143,909,181,230,29
144,909,181,230,29
145,909,181,230,29
146,909,181,230,29
147,909,181,230,29
148,909,181,230,29
149,909,181,230,29
150,909,181,230,29
151,909,181,230,29
152,909,181,230,29
153,909,181,230,29
154,909,181,230,29
155,909,181,230,29
156,909,181,230,29
157,909,181,230,29
158,909,181,230,29
159,909,181,230,29
160,909,181,230,29
161,909,181,230,29
162,909,181,230,29
163,909,181,230,29
164,909,181,230,29
165,909,181,230,29
166,909,181,230,29
167,909,181,230,29
168,909,181,230,29
169,909,181,230,29
170,909,181,230,29
171,909,181,230,29
172,909,181,230,29
173,909,181,230,29
174,909,181,230,29
175,909,181,230,29
176,909,181,230,29
177,909,181,230,29
178,909,181,230,29
179,909,181,230,29
180,909,181,230,29
181,909,181,230,29
182,909,181,230,29
183,909,181,230,29
184,909,181,230,29
185,909,181,230,29
186,909,181,230,29
187,909,181,230,29
188,909,181,230,29
189,909,181,230,29
190,909,181,230,29
191,909,181,230,29
192,909,181,230,29
193,909,181,230,29
194,909,181,230,29
195,909,181,230,29
196,909,181,230,29
197,909,181,230,29
198,909,181,230,29
199,909,189,233,53
141,910,189,233,53
142,910,181,230,29
143,910,181,230,29
144,910,181,230,29
145,910,181,230,29
146,910,181,230,29
147,910,181,230,29
148,910,181,230,29
149,910,181,230,29
150,910,181,230,29
151,910,181,230,29
152,910,181,230,29
153,910,181,230,29
154,910,181,230,29
155,910,181,230,29
156,910,181,230,29
157,910,181,230,29
158,910,181,230,29
159,910,181,230,29
160,910,181,230,29
161,910,181,230,29
162,910,181,230,29
163,910,181,230,29
164,910,181,230,29
165,910,181,230,29
166,910,181,230,29
167,910,181,230,29
168,910,181,230,29
169,910,181,230,29
170,910,181,230,29
171,910,181,230,29
172,910,181,230,29
173,910,181,230,29
174,910,181,230,29
175,910,181,230,29
176,910,181,230,29
177,910,181,230,29
178,910,181,230,29
179,910,181,230,29
180,910,181,230,29
181,910,181,230,29
182,910,181,230,29
183,910,181,230,29
184,910,181,230,29
185,910,181,230,29
186,910,181,230,29
187,910,181,230,29
188,910,181,230,29
189,910,181,230,29
190,910,181,230,29
191,910,181,230,29
192,910,181,230,29
193,910,181,230,29
194,910,181,230,29
195,910,181,230,29
196,910,181,230,29
197,910,181,230,29
198,910,181,230,29
199,910,188,232,51
141,911,188,232,51
142,911,181,230,29
143,911,181,230,29
144,911,181,230,29
145,911,181,230,29
146,911,181,230,29
147,911,181,230,29
148,911,181,230,29
149,911,181,230,29
150,911,181,230,29
151,911,181,230,29
152,911,181,230,29
153,911,181,230,29
154,911,181,230,29
155,911,181,230,29
156,911,181,230,29
157,911,181,230,29
158,911,181,230,29
159,911,181,230,29
160,911,181,230,29
161,911,181,230,29
162,911,181,230,29
163,911,181,230,29
164,911,181,230,29
165,911,181,230,29
166,911,181,230,29
167,911,181,230,29
168,911,181,230,29
169,911,181,230,29
170,911,181,230,29
171,911,181,230,29
172,911,181,230,29
173,911,181,230,29
174,911,181,230,29
175,911,181,230,29
176,911,181,230,29
177,911,181,230,29
178,911,181,230,29
179,911,181,230,29
180,911,181,230,29
181,911,181,230,29
182,911,181,230,29
183,911,181,230,29
184,911,181,230,29
185,911,181,230,29
186,911,181,230,29
187,911,181,230,29
188,911,181,230,29
189,911,181,230,29
190,911,181,230,29
191,911,181,230,29
192,911,181,230,29
193,911,181,230,29
194,911,181,230,29
195,911,181,230,29
196,911,181,230,29
197,911,181,230,29
198,911,181,230,29
199,911,182,230,32
200,911,195,235,72
140,912,195,235,72
141,912,182,230,32
142,912,181,230,29
143,912,181,230,29
144,912,181,230,29
145,912,181,230,29
146,912,181,230,29
147,912,181,230,29
148,912,181,230,29
149,912,181,230,29
150,912,181,230,29
151,912,181,230,29
152,912,181,230,29
153,912,181,230,29
154,912,181,230,29
155,912,181,230,29
156,912,181,230,29
157,912,181,230,29
158,912,181,230,29
159,912,181,230,29
160,912,181,230,29
161,912,181,230,29
162,912,181,230,29
163,912,181,230,29
164,912,181,230,29
165,912,181,230,29
166,912,181,230,29
167,912,181,230,29
168,912,181,230,29
169,912,181,230,29
170,912,181,230,29
171,912,181,230,29
172,912,181,230,29
173,912,181,230,29
174,912,181,230,29
175,912,181,230,29
176,912,181,230,29
177,912,181,230,29
178,912,181,230,29
179,912,181,230,29
180,912,181,230,29
181,912,181,230,29
182,912,181,230,29
183,912,181,230,29
184,912,181,230,29
185,912,181,230,29
186,912,181,230,29
187,912,181,230,29
188,912,181,230,29
189,912,181,230,29
190,912,181,230,29
191,912,181,230,29
192,912,181,230,29
193,912,181,230,29
194,912,181,230,29
195,912,181,230,29
196,912,181,230,29
197,912,181,230,29
198,912,181,230,29
199,912,181,230,29
200,912,189,233,53
140,913,189,233,53
141,913,181,230,29
142,913,181,230,29
143,913,181,230,29
144,913,181,230,29
145,913,181,230,29
146,913,181,230,29
147,913,181,230,29
148,913,181,230,29
149,913,181,230,29
150,913,181,230,29
151,913,181,230,29
152,913,181,230,29
153,913,181,230,29
154,913,181,230,29
155,913,181,230,29
156,913,181,230,29
157,913,181,230,29
158,913,181,230,29
159,913,181,230,29
160,913,181,230,29
161,913,181,230,29
162,913,181,230,29
163,913,181,230,29
164,913,181,230,29
165,913,181,230,29
166,913,181,230,29
167,913,181,230,29
168,913,181,230,29
169,913,181,230,29
170,913,181,230,29
171,913,181,230,29
172,913,181,230,29
173,913,181,230,29
174,913,181,230,29
175,913,181,230,29
176,913,181,230,29
177,913,181,230,29
178,913,181,230,29
179,913,181,230,29
180,913,181,230,29
181,913,181,230,29
182,913,181,230,29
183,913,181,230,29
184,913,181,230,29
185,913,181,230,29
186,913,181,230,29
187,913,181,230,29
188,913,181,230,29
189,913,181,230,29
190,913,181,230,29
191,913,181,230,29
192,913,181,230,29
193,913,181,230,29
194,913,181,230,29
195,913,181,230,29
196,913,181,230,29
197,913,181,230,29
198,913,181,230,29
199,913,181,230,29
200,913,189,233,53
140,914,189,233,53
141,914,181,230,29
142,914,181,230,29
143,914,181,230,29
144,914,181,230,29
145,914,181,230,29
146,914,181,230,29
147,914,181,230,29
148,914,181,230,29
149,914,181,230,29
150,914,181,230,29
151,914,181,230,29
152,914,181,230,29
153,914,181,230,29
154,914,181,230,29
155,914,181,230,29
156,914,181,230,29
157,914,181,230,29
158,914,181,230,29
159,914,181,230,29
160,914,181,230,29
161,914,181,230,29
162,914,181,230,29
163,914,181,230,29
164,914,181,230,29
165,914,181,230,29
166,914,181,230,29
167,914,181,230,29
168,914,181,230,29
169,914,181,230,29
170,914,181,230,29
171,914,181,230,29
172,914,181,230,29
173,914,181,230,29
174,914,181,230,29
175,914,181,230,29
176,914,181,230,29
177,914,181,230,29
178,914,181,230,29
179,914,181,230,29
180,914,181,230,29
181,914,181,230,29
182,914,181,230,29
183,914,181,230,29
184,914,181,230,29
185,914,181,230,29
186,914,181,230,29
187,914,181,230,29
188,914,181,230,29
189,914,181,230,29
190,914,181,230,29
191,914,181,230,29
192,914,181,230,29
193,914,181,230,29
194,914,181,230,29
195,914,181,230,29
196,914,181,230,29
197,914,181,230,29
198,914,181,230,29
199,914,181,230,29
200,914,189,233,53
140,915,189,233,53
141,915,181,230,29
142,915,181,230,29
143,915,181,230,29
144,915,181,230,29
145,915,181,230,29
146,915,181,230,29
147,915,181,230,29
148,915,181,230,29
149,915,181,230,29
150,915,181,230,29
151,915,181,230,29
152,915,181,230,29
153,915,181,230,29
154,915,181,230,29
155,915,181,230,29
156,915,181,230,29
157,915,181,230,29
158,915,181,230,29
159,915,181,230,29
160,915,181,230,29
161,915,181,230,29
162,915,181,230,29
163,915,181,230,29
164,915,181,230,29
165,915,181,230,29
166,915,181,230,29
167,915,181,230,29
168,915,181,230,29
169,915,181,230,29
170,915,181,230,29
171,915,181,230,29
172,915,181,230,29
173,915,181,230,29
174,915,181,230,29
175,915,181,230,29
176,915,181,230,29
177,915,181,230,29
178,915,181,230,29
179,915,181,230,29
180,915,181,230,29
181,915,181,230,29
182,915,181,230,29
183,915,181,230,29
184,915,181,230,29
185,915,181,230,29
186,915,181,230,29
187,915,181,230,29
188,915,181,230,29
189,915,181,230,29
190,915,181,230,29
191,915,181,230,29
192,915,181,230,29
193,915,181,230,29
194,915,181,230,29
195,915,181,230,29
196,915,181,230,29
197,915,181,230,29
198,915,181,230,29
199,915,181,230,29
200,915,189,233,53
140,916,189,233,53
141,916,181,230,29
142,916,181,230,29
143,916,181,230,29
144,916,181,230,29
145,916,181,230,29
146,916,181,230,29
147,916,181,230,29
148,916,181,230,29
149,916,181,230,29
150,916,181,230,29
151,916,181,230,29
152,916,181,230,29
153,916,181,230,29
154,916,181,230,29
155,916,181,230,29
156,916,181,230,29
157,916,181,230,29
158,916,181,230,29
159,916,181,230,29
160,916,181,230,29
161,916,181,230,29
162,916,181,230,29
163,916,181,230,29
164,916,181,230,29
165,916,181,230,29
166,916,181,230,29
167,916,181,230,29
168,916,181,230,29
169,916,181,230,29
170,916,181,230,29
171,916,181,230,29
172,916,181,230,29
173,916,181,230,29
174,916,181,230,29
175,916,181,230,29
176,916,181,230,29
177,916,181,230,29
178,916,181,230,29
179,916,181,230,29
180,916,181,230,29
181,916,181,230,29
182,916,181,230,29
183,916,181,230,29
184,916,181,230,29
185,916,181,230,29
186,916,181,230,29
187,916,181,230,29
188,916,181,230,29
189,916,181,230,29
190,916,181,230,29
191,916,181,230,29
192,916,181,230,29
193,916,181,230,29
194,916,181,230,29
195,916,181,230,29
196,916,181,230,29
197,916,181,230,29
198,916,181,230,29
199,916,181,230,29
200,916,189,233,53
140,917,189,233,53
141,917,181,230,29
142,917,181,230,29
143,917,181,230,29
144,917,181,230,29
145,917,181,230,29
146,917,181,230,29
147,917,181,230,29
148,917,181,230,29
149,917,181,230,29
150,917,181,230,29
151,917,181,230,29
152,917,181,230,29
153,917,181,230,29
154,917,181,230,29
155,917,181,230,29
156,917,181,230,29
157,917,181,230,29
158,917,181,230,29
159,917,181,230,29
160,917,181,230,29
161,917,181,230,29
162,917,181,230,29
163,917,181,230,29
164,917,181,230,29
165,917,181,230,29
166,917,181,230,29
167,917,181,230,29
168,917,181,230,29
169,917,181,230,29
170,917,181,230,29
171,917,181,230,29
172,917,181,230,29
173,917,181,230,29
174,917,181,230,29
175,917,181,230,29
176,917,181,230,29
177,917,181,230,29
178,917,181,230,29
179,917,181,230,29
180,917,181,230,29
181,917,181,230,29
182,917,181,230,29
183,917,181,230,29
184,917,181,230,29
185,917,181,230,29
186,917,181,230,29
187,917,181,230,29
188,917,181,230,29
189,917,181,230,29
190,917,181,230,29
191,917,181,230,29
192,917,181,230,29
193,917,181,230,29
194,917,181,230,29
195,917,181,230,29
196,917,181,230,29
197,917,181,230,29
198,917,181,230,29
199,917,181,230,29
200,917,189,233,53
140,918,189,233,53
141,918,181,230,29
142,918,181,230,29
143,918,181,230,29
144,918,181,230,29
145,918,181,230,29
146,918,181,230,29
147,918,181,230,29
148,918,181,230,29
149,918,181,230,29
150,918,181,230,29
151,918,181,230,29
152,918,181,230,29
153,918,181,230,29
154,918,181,230,29
155,918,181,230,29
156,918,181,230,29
157,918,181,230,29
158,918,181,230,29
159,918,181,230,29
160,918,181,230,29
161,918,181,230,29
162,918,181,230,29
163,918,181,230,29
164,918,181,230,29
165,918,181,230,29
166,918,181,230,29
167,918,181,230,29
168,918,181,230,29
169,918,181,230,29
170,918,181,230,29
171,918,181,230,29
172,918,181,230,29
173,918,181,230,29
174,918,181,230,29
175,918,181,230,29
176,918,181,230,29
177,918,181,230,29
178,918,181,230,29
179,918,181,230,29
180,918,181,230,29
181,918,181,230,29
182,918,181,230,29
183,918,181,230,29
184,918,181,230,29
185,918,181,230,29
186,918,181,230,29
187,918,181,230,29
188,918,181,230,29
189,918,181,230,29
190,918,181,230,29
191,918,181,230,29
192,918,181,230,29
193,918,181,230,29
194,918,181,230,29
195,918,181,230,29
196,918,181,230,29
197,918,181,230,29
198,918,181,230,29
199,918,181,230,29
200,918,189,233,53
140,919,189,233,53
141,919,181,230,29
142,919,181,230,29
143,919,181,230,29
144,919,181,230,29
145,919,181,230,29
146,919,181,230,29
147,919,181,230,29
148,919,181,230,29
149,919,181,230,29
150,919,181,230,29
151,919,181,230,29
152,919,181,230,29
153,919,181,230,29
154,919,181,230,29
155,919,181,230,29
156,919,181,230,29
157,919,181,230,29
158,919,181,230,29
159,919,181,230,29
160,919,181,230,29
161,919,181,230,29
162,919,181,230,29
163,919,181,230,29
164,919,181,230,29
165,919,181,230,29
166,919,181,230,29
167,919,181,230,29
168,919,181,230,29
169,919,181,230,29
170,919,181,230,29
171,919,181,230,29
172,919,181,230,29
173,919,181,230,29
174,919,181,230,29
175,919,181,230,29
176,919,181,230,29
177,919,181,230,29
178,919,181,230,29
179,919,181,230,29
180,919,181,230,29
181,919,181,230,29
182,919,181,230,29
183,919,181,230,29
184,919,181,230,29
185,919,181,230,29
186,919,181,230,29
187,919,181,230,29
188,919,181,230,29
189,919,181,230,29
190,919,181,230,29
191,919,181,230,29
192,919,181,230,29
193,919,181,230,29
194,919,181,230,29
195,919,181,230,29
196,919,181,230,29
197,919,181,230,29
198,919,181,230,29
199,919,181,230,29
200,919,189,233,53
140,920,195,235,72
141,920,182,230,32
142,920,181,230,29
143,920,181,230,29
144,920,181,230,29
145,920,181,230,29
146,920,181,230,29
147,920,181,230,29
148,920,181,230,29
149,920,181,230,29
150,920,181,230,29
151,920,181,230,29
152,920,181,230,29
153,920,181,230,29
154,920,181,230,29
155,920,181,230,29
156,920,181,230,29
157,920,181,230,29
158,920,181,230,29
159,920,181,230,29
160,920,181,230,29
161,920,181,230,29
162,920,181,230,29
163,920,181,230,29
164,920,181,230,29
165,920,181,230,29
166,920,181,230,29
167,920,181,230,29
168,920,181,230,29
169,920,181,230,29
170,920,181,230,29
171,920,181,230,29
172,920,181,230,29
173,920,181,230,29
174,920,181,230,29
175,920,181,230,29
176,920,181,230,29
177,920,181,230,29
178,920,181,230,29
179,920,181,230,29
180,920,181,230,29
181,920,181,230,29
182,920,181,230,29
183,920,181,230,29
184,920,181,230,29
185,920,181,230,29
186,920,181,230,29
187,920,181,230,29
188,920,181,230,29
189,920,181,230,29
190,920,181,230,29
191,920,181,230,29
192,920,181,230,29
193,920,181,230,29
194,920,181,230,29
195,920,181,230,29
196,920,181,230,29
197,920,181,230,29
198,920,181,230,29
199,920,181,230,29
200,920,189,233,53
141,921,188,232,51
142,921,181,230,29
143,921,181,230,29
144,921,181,230,29
145,921,181,230,29
146,921,181,230,29
147,921,181,230,29
148,921,181,230,29
149,921,181,230,29
150,921,181,230,29
151,921,181,230,29
152,921,181,230,29
153,921,181,230,29
154,921,181,230,29
155,921,181,230,29
156,921,181,230,29
157,921,181,230,29
158,921,181,230,29
159,921,181,230,29
160,921,181,230,29
161,921,181,230,29
162,921,181,230,29
163,921,181,230,29
164,921,181,230,29
165,921,181,230,29
166,921,181,230,29
167,921,181,230,29
168,921,181,230,29
169,921,181,230,29
170,921,181,230,29
171,921,181,230,29
172,921,181,230,29
173,921,181,230,29
174,921,181,230,29
175,921,181,230,29
176,921,181,230,29
177,921,181,230,29
178,921,181,230,29
179,921,181,230,29
180,921,181,230,29
181,921,181,230,29
182,921,181,230,29
183,921,181,230,29
184,921,181,230,29
185,921,181,230,29
186,921,181,230,29
187,921,181,230,29
188,921,181,230,29
189,921,181,230,29
190,921,181,230,29
191,921,181,230,29
192,921,181,230,29
193,921,181,230,29
194,921,181,230,29
195,921,181,230,29
196,921,181,230,29
197,921,181,230,29
198,921,181,230,29
199,921,182,230,32
200,921,195,235,72
141,922,189,233,53
142,922,181,230,29
143,922,181,230,29
144,922,181,230,29
145,922,181,230,29
146,922,181,230,29
147,922,181,230,29
148,922,181,230,29
149,922,181,230,29
150,922,181,230,29
151,922,181,230,29
152,922,181,230,29
153,922,181,230,29
154,922,181,230,29
155,922,181,230,29
156,922,181,230,29
157,922,181,230,29
158,922,181,230,29
159,922,181,230,29
160,922,181,230,29
161,922,181,230,29
162,922,181,230,29
163,922,181,230,29
164,922,181,230,29
165,922,181,230,29
166,922,181,230,29
167,922,181,230,29
168,922,181,230,29
169,922,181,230,29
170,922,181,230,29
171,922,181,230,29
172,922,181,230,29
173,922,181,230,29
174,922,181,230,29
175,922,181,230,29
176,922,181,230,29
177,922,181,230,29
178,922,181,230,29
179,922,181,230,29
180,922,181,230,29
181,922,181,230,29
182,922,181,230,29
183,922,181,230,29
184,922,181,230,29
185,922,181,230,29
186,922,181,230,29
187,922,181,230,29
188,922,181,230,29
189,922,181,230,29
190,922,181,230,29
191,922,181,230,29
192,922,181,230,29
193,922,181,230,29
194,922,181,230,29
195,922,181,230,29
196,922,181,230,29
197,922,181,230,29
198,922,181,230,29
199,922,188,232,51
141,923,189,233,53
142,923,181,230,29
143,923,181,230,29
144,923,181,230,29
145,923,181,230,29
146,923,181,230,29
147,923,181,230,29
148,923,181,230,29
149,923,181,230,29
150,923,181,230,29
151,923,181,230,29
152,923,181,230,29
153,923,181,230,29
154,923,181,230,29
155,923,181,230,29
156,923,181,230,29
157,923,181,230,29
158,923,181,230,29
159,923,181,230,29
160,923,181,230,29
161,923,181,230,29
162,923,181,230,29
163,923,181,230,29
164,923,181,230,29
165,923,181,230,29
166,923,181,230,29
167,923,181,230,29
168,923,181,230,29
169,923,181,230,29
170,923,181,230,29
171,923,181,230,29
172,923,181,230,29
173,923,181,230,29
174,923,181,230,29
175,923,181,230,29
176,923,181,230,29
177,923,181,230,29
178,923,181,230,29
179,923,181,230,29
180,923,181,230,29
181,923,181,230,29
182,923,181,230,29
183,923,181,230,29
184,923,181,230,29
185,923,181,230,29
186,923,181,230,29
187,923,181,230,29
188,923,181,230,29
189,923,181,230,29
190,923,181,230,29
191,923,181,230,29
192,923,181,230,29
193,923,181,230,29
194,923,181,230,29
195,923,181,230,29
196,923,181,230,29
197,923,181,230,29
198,923,181,230,29
199,923,189,233,53
141,924,189,233,53
142,924,181,230,29
143,924,181,230,29
144,924,181,230,29
145,924,181,230,29
146,924,181,230,29
147,924,181,230,29
148,924,181,230,29
149,924,181,230,29
150,924,181,230,29
151,924,181,230,29
152,924,181,230,29
153,924,181,230,29
154,924,181,230,29
155,924,181,230,29
156,924,181,230,29
157,924,181,230,29
158,924,181,230,29
159,924,181,230,29
160,924,181,230,29
161,924,181,230,29
162,924,181,230,29
163,924,181,230,29
164,924,181,230,29
165,924,181,230,29
166,924,181,230,29
167,924,181,230,29
168,924,181,230,29
169,924,181,230,29
170,924,181,230,29
171,924,181,230,29
172,924,181,230,29
173,924,181,230,29
174,924,181,230,29
175,924,181,230,29
176,924,181,230,29
177,924,181,230,29
178,924,181,230,29
179,924,181,230,29
180,924,181,230,29
181,924,181,230,29
182,924,181,230,29
183,924,181,230,29
184,924,181,230,29
185,924,181,230,29
186,924,181,230,29
187,924,181,230,29
188,924,181,230,29
189,924,181,230,29
190,924,181,230,29
191,924,181,230,29
192,924,181,230,29
193,924,181,230,29
194,924,181,230,29
195,924,181,230,29
196,924,181,230,29
197,924,181,230,29
198,924,181,230,29
199,924,189,233,53
141,925,195,235,72
142,925,182,230,32
143,925,181,230,29
144,925,181,230,29
145,925,181,230,29
146,925,181,230,29
147,925,181,230,29
148,925,181,230,29
149,925,181,230,29
150,925,181,230,29
151,925,181,230,29
152,925,181,230,29
153,925,181,230,29
154,925,181,230,29
155,925,181,230,29
156,925,181,230,29
157,925,181,230,29
158,925,181,230,29
159,925,181,230,29
160,925,181,230,29
161,925,181,230,29
162,925,181,230,29
163,925,181,230,29
164,925,181,230,29
165,925,181,230,29
166,925,181,230,29
167,925,181,230,29
168,925,181,230,29
169,925,181,230,29
170,925,181,230,29
171,925,181,230,29
172,925,181,230,29
173,925,181,230,29
174,925,181,230,29
175,925,181,230,29
176,925,181,230,29
177,925,181,230,29
178,925,181,230,29
179,925,181,230,29
180,925,181,230,29
181,925,181,230,29
182,925,181,230,29
183,925,181,230,29
184,925,181,230,29
185,925,181,230,29
186,925,181,230,29
187,925,181,230,29
188,925,181,230,29
189,925,181,230,29
190,925,181,230,29
191,925,181,230,29
192,925,181,230,29
193,925,181,230,29
194,925,181,230,29
195,925,181,230,29
196,925,181,230,29
197,925,181,230,29
198,925,182,230,32
199,925,195,235,72
142,926,188,232,51
143,926,181,230,29
144,926,181,230,29
145,926,181,230,29
146,926,181,230,29
147,926,181,230,29
148,926,181,230,29
149,926,181,230,29
150,926,181,230,29
151,926,181,230,29
152,926,181,230,29
153,926,181,230,29
154,926,181,230,29
155,926,181,230,29
156,926,181,230,29
157,926,181,230,29
158,926,181,230,29
159,926,181,230,29
160,926,181,230,29
161,926,181,230,29
162,926,181,230,29
163,926,181,230,29
164,926,181,230,29
165,926,181,230,29
166,926,181,230,29
167,926,181,230,29
168,926,181,230,29
169,926,181,230,29
170,926,181,230,29
171,926,181,230,29
172,926,181,230,29
173,926,181,230,29
174,926,181,230,29
175,926,181,230,29
176,926,181,230,29
177,926,181,230,29
178,926,181,230,29
179,926,181,230,29
180,926,181,230,29
181,926,181,230,29
182,926,181,230,29
183,926,181,230,29
184,926,181,230,29
185,926,181,230,29
186,926,181,230,29
187,926,181,230,29
188,926,181,230,29
189,926,181,230,29
190,926,181,230,29
191,926,181,230,29
192,926,181,230,29
193,926,181,230,29
194,926,181,230,29
195,926,181,230,29
196,926,181,230,29
197,926,181,230,29
198,926,188,232,51
142,927,189,233,53
143,927,181,230,29
144,927,181,230,29
145,927,181,230,29
146,927,181,230,29
147,927,181,230,29
148,927,181,230,29
149,927,181,230,29
150,927,181,230,29
151,927,181,230,29
152,927,181,230,29
153,927,181,230,29
154,927,181,230,29
155,927,181,230,29
156,927,181,230,29
157,927,181,230,29
158,927,181,230,29
159,927,181,230,29
160,927,181,230,29
161,927,181,230,29
162,927,181,230,29
163,927,181,230,29
164,927,181,230,29
165,927,181,230,29
166,927,181,230,29
167,927,181,230,29
168,927,181,230,29
169,927,181,230,29
170,927,181,230,29
171,927,181,230,29
172,927,181,230,29
173,927,181,230,29
174,927,181,230,29
175,927,181,230,29
176,927,181,230,29
177,927,181,230,29
178,927,181,230,29
179,927,181,230,29
180,927,181,230,29
181,927,181,230,29
182,927,181,230,29
183,927,181,230,29
184,927,181,230,29
185,927,181,230,29
186,927,181,230,29
187,927,181,230,29
188,927,181,230,29
189,927,181,230,29
190,927,181,230,29
191,927,181,230,29
192,927,181,230,29
193,927,181,230,29
194,927,181,230,29
195,927,181,230,29
196,927,181,230,29
197,927,181,230,29
198,927,189,233,53
142,928,195,235,72
143,928,182,230,32
144,928,181,230,29
145,928,181,230,29
146,928,181,230,29
147,928,181,230,29
148,928,181,230,29
149,928,181,230,29
150,928,181,230,29
151,928,181,230,29
152,928,181,230,29
153,928,181,230,29
154,928,181,230,29
155,928,181,230,29
156,928,181,230,29
157,928,181,230,29
158,928,181,230,29
159,928,181,230,29
160,928,181,230,29
161,928,181,230,29
162,928,181,230,29
163,928,181,230,29
164,928,181,230,29
165,928,181,230,29
166,928,181,230,29
167,928,181,230,29
168,928,181,230,29
169,928,181,230,29
170,928,181,230,29
171,928,181,230,29
172,928,181,230,29
173,928,181,230,29
174,928,181,230,29
175,928,181,230,29
176,928,181,230,29
177,928,181,230,29
178,928,181,230,29
179,928,181,230,29
180,928,181,230,29
181,928,181,230,29
182,928,181,230,29
183,928,181,230,29
184,928,181,230,29
185,928,181,230,29
186,928,181,230,29
187,928,181,230,29
188,928,181,230,29
189,928,181,230,29
190,928,181,230,29
191,928,181,230,29
192,928,181,230,29
193,928,181,230,29
194,928,181,230,29
195,928,181,230,29
196,928,181,230,29
197,928,182,230,32
198,928,195,235,72
143,929,188,232,51
144,929,181,230,29
145,929,181,230,29
146,929,181,230,29
147,929,181,230,29
148,929,181,230,29
149,929,181,230,29
150,929,181,230,29
151,929,181,230,29
152,929,181,230,29
153,929,181,230,29
154,929,181,230,29
155,929,181,230,29
156,929,181,230,29
157,929,181,230,29
158,929,181,230,29
159,929,181,230,29
160,929,181,230,29
161,929,181,230,29
162,929,181,230,29
163,929,181,230,29
164,929,181,230,29
165,929,181,230,29
166,929,181,230,29
167,929,181,230,29
168,929,181,230,29
169,929,181,230,29
170,929,181,230,29
171,929,181,230,29
172,929,181,230,29
173,929,181,230,29
174,929,181,230,29
175,929,181,230,29
176,929,181,230,29
177,929,181,230,29
178,929,181,230,29
179,929,181,230,29
180,929,181,230,29
181,929,181,230,29
182,929,181,230,29
183,929,181,230,29
184,929,181,230,29
185,929,181,230,29
186,929,181,230,29
187,929,181,230,29
188,929,181,230,29
189,929,181,230,29
190,929,181,230,29
191,929,181,230,29
192,929,181,230,29
193,929,181,230,29
194,929,181,230,29
195,929,181,230,29
196,929,181,230,29
197,929,188,232,51
143,930,195,235,72
144,930,182,230,32
145,930,181,230,29
146,930,181,230,29
147,930,181,230,29
148,930,181,230,29
149,930,181,230,29
150,930,181,230,29
151,930,181,230,29
152,930,181,230,29
153,930,181,230,29
154,930,181,230,29
155,930,181,230,29
156,930,181,230,29
157,930,181,230,29
158,930,181,230,29
159,930,181,230,29
160,930,181,230,29
161,930,181,230,29
162,930,181,230,29
163,930,181,230,29
164,930,181,230,29
165,930,181,230,29
166,930,181,230,29
167,930,181,230,29
168,930,181,230,29
169,930,181,230,29
170,930,181,230,29
171,930,181,230,29
172,930,181,230,29
173,930,181,230,29
174,930,181,230,29
175,930,181,230,29
176,930,181,230,29
177,930,181,230,29
178,930,181,230,29
179,930,181,230,29
180,930,181,230,29
181,930,181,230,29
182,930,181,230,29
183,930,181,230,29
184,930,181,230,29
185,930,181,230,29
186,930,181,230,29
187,930,181,230,29
188,930,181,230,29
189,930,181,230,29
190,930,181,230,29
191,930,181,230,29
192,930,181,230,29
193,930,181,230,29
194,930,181,230,29
195,930,181,230,29
196,930,182,230,32
197,930,195,235,72
144,931,188,232,51
145,931,181,230,29
146,931,181,230,29
147,931,181,230,29
148,931,181,230,29
149,931,181,230,29
150,931,181,230,29
151,931,181,230,29
152,931,181,230,29
153,931,181,230,29
154,931,181,230,29
155,931,181,230,29
156,931,181,230,29
157,931,181,230,29
158,931,181,230,29
159,931,181,230,29
160,931,181,230,29
161,931,181,230,29
162,931,181,230,29
163,931,181,230,29
164,931,181,230,29
165,931,181,230,29
166,931,181,230,29
167,931,181,230,29
168,931,181,230,29
169,931,181,230,29
170,931,181,230,29
171,931,181,230,29
172,931,181,230,29
173,931,181,230,29
174,931,181,230,29
175,931,181,230,29
176,931,181,230,29
177,931,181,230,29
178,931,181,230,29
179,931,181,230,29
180,931,181,230,29
181,931,181,230,29
182,931,181,230,29
183,931,181,230,29
184,931,181,230,29
185,931,181,230,29
186,931,181,230,29
187,931,181,230,29
188,931,181,230,29
189,931,181,230,29
190,931,181,230,29
191,931,181,230,29
192,931,181,230,29
193,931,181,230,29
194,931,181,230,29
195,931,181,230,29
196,931,188,232,51
144,932,195,235,72
145,932,182,230,32
146,932,181,230,29
147,932,181,230,29
148,932,181,230,29
149,932,181,230,29
150,932,181,230,29
151,932,181,230,29
152,932,181,230,29
153,932,181,230,29
154,932,181,230,29
155,932,181,230,29
156,932,181,230,29
157,932,181,230,29
158,932,181,230,29
159,932,181,230,29
160,932,181,230,29
161,932,181,230,29
162,932,181,230,29
163,932,181,230,29
164,932,181,230,29
165,932,181,230,29
166,932,181,230,29
167,932,181,230,29
168,932,181,230,29
169,932,181,230,29
170,932,181,230,29
171,932,181,230,29
172,932,181,230,29
173,932,181,230,29
174,932,181,230,29
175,932,181,230,29
176,932,181,230,29
177,932,181,230,29
178,932,181,230,29
179,932,181,230,29
180,932,181,230,29
181,932,181,230,29
182,932,181,230,29
183,932,181,230,29
184,932,181,230,29
185,932,181,230,29
186,932,181,230,29
187,932,181,230,29
188,932,181,230,29
189,932,181,230,29
190,932,181,230,29
191,932,181,230,29
192,932,181,230,29
193,932,181,230,29
194,932,181,230,29
195,932,182,230,32
196,932,195,235,72
145,933,194,234,69
146,933,182,230,32
147,933,181,230,29
148,933,181,230,29
149,933,181,230,29
150,933,181,230,29
151,933,181,230,29
152,933,181,230,29
153,933,181,230,29
154,933,181,230,29
155,933,181,230,29
156,933,181,230,29
157,933,181,230,29
158,933,181,230,29
159,933,181,230,29
160,933,181,230,29
161,933,181,230,29
162,933,181,230,29
163,933,181,230,29
164,933,181,230,29
165,933,181,230,29
166,933,181,230,29
167,933,181,230,29
168,933,181,230,29
169,933,181,230,29
170,933,181,230,29
171,933,181,230,29
172,933,181,230,29
173,933,181,230,29
174,933,181,230,29
175,933,181,230,29
176,933,181,230,29
177,933,181,230,29
178,933,181,230,29
179,933,181,230,29
180,933,181,230,29
181,933,181,230,29
182,933,181,230,29
183,933,181,230,29
184,933,181,230,29
185,933,181,230,29
186,933,181,230,29
187,933,181,230,29
188,933,181,230,29
189,933,181,230,29
190,933,181,230,29
191,933,181,230,29
192,933,181,230,29
193,933,181,230,29
194,933,181,230,29
195,933,188,232,51
146,934,188,232,51
147,934,181,230,29
148,934,181,230,29
149,934,181,230,29
150,934,181,230,29
151,934,181,230,29
152,934,181,230,29
153,934,181,230,29
154,934,181,230,29
155,934,181,230,29
156,934,181,230,29
157,934,181,230,29
158,934,181,230,29
159,934,181,230,29
160,934,181,230,29
161,934,181,230,29
162,934,181,230,29
163,934,181,230,29
164,934,181,230,29
165,934,181,230,29
166,934,181,230,29
167,934,181,230,29
168,934,181,230,29
169,934,181,230,29
170,934,181,230,29
171,934,181,230,29
172,934,181,230,29
173,934,181,230,29
174,934,181,230,29
175,934,181,230,29
176,934,181,230,29
177,934,181,230,29
178,934,181,230,29
179,934,181,230,29
180,934,181,230,29
181,934,181,230,29
182,934,181,230,29
183,934,181,230,29
184,934,181,230,29
185,934,181,230,29
186,934,181,230,29
187,934,181,230,29
188,934,181,230,29
189,934,181,230,29
190,934,181,230,29
191,934,181,230,29
192,934,181,230,29
193,934,181,230,29
194,934,182,230,32
195,934,195,235,72
146,935,195,235,72
147,935,182,230,32
148,935,181,230,29
149,935,181,230,29
150,935,181,230,29
151,935,181,230,29
152,935,181,230,29
153,935,181,230,29
154,935,181,230,29
155,935,181,230,29
156,935,181,230,29
157,935,181,230,29
158,935,181,230,29
159,935,181,230,29
160,935,181,230,29
161,935,181,230,29
162,935,181,230,29
163,935,181,230,29
164,935,181,230,29
165,935,181,230,29
166,935,181,230,29
167,935,181,230,29
168,935,181,230,29
169,935,181,230,29
170,935,181,230,29
171,935,181,230,29
172,935,181,230,29
173,935,181,230,29
174,935,181,230,29
175,935,181,230,29
176,935,181,230,29
177,935,181,230,29
178,935,181,230,29
179,935,181,230,29
180,935,181,230,29
181,935,181,230,29
182,935,181,230,29
183,935,181,230,29
184,935,181,230,29
185,935,181,230,29
186,935,181,230,29
187,935,181,230,29
188,935,181,230,29
189,935,181,230,29
190,935,181,230,29
191,935,181,230,29
192,935,181,230,29
193,935,182,230,32
194,935,194,234,69
147,936,194,234,69
148,936,182,230,32
149,936,181,230,29
150,936,181,230,29
151,936,181,230,29
152,936,181,230,29
153,936,181,230,29
154,936,181,230,29
155,936,181,230,29
156,936,181,230,29
157,936,181,230,29
158,936,181,230,29
159,936,181,230,29
160,936,181,230,29
161,936,181,230,29
162,936,181,230,29
163,936,181,230,29
164,936,181,230,29
165,936,181,230,29
166,936,181,230,29
167,936,181,230,29
168,936,181,230,29
169,936,181,230,29
170,936,181,230,29
171,936,181,230,29
172,936,181,230,29
173,936,181,230,29
174,936,181,230,29
175,936,181,230,29
176,936,181,230,29
177,936,181,230,29
178,936,181,230,29
179,936,181,230,29
180,936,181,230,29
181,936,181,230,29
182,936,181,230,29
183,936,181,230,29
184,936,181,230,29
185,936,181,230,29
186,936,181,230,29
187,936,181,230,29
188,936,181,230,29
189,936,181,230,29
190,936,181,230,29
191,936,181,230,29
192,936,182,230,32
193,936,194,234,69
148,937,194,234,69
149,937,182,230,32
150,937,181,230,29
151,937,181,230,29
152,937,181,230,29
153,937,181,230,29
154,937,181,230,29
155,937,181,230,29
156,937,181,230,29
157,937,181,230,29
158,937,181,230,29
159,937,181,230,29
160,937,181,230,29
161,937,181,230,29
162,937,181,230,29
163,937,181,230,29
164,937,181,230,29
165,937,181,230,29
166,937,181,230,29
167,937,181,230,29
168,937,181,230,29
169,937,181,230,29
170,937,181,230,29
171,937,181,230,29
172,937,181,230,29
173,937,181,230,29
174,937,181,230,29
175,937,181,230,29
176,937,181,230,29
177,937,181,230,29
178,937,181,230,29
179,937,181,230,29
180,937,181,230,29
181,937,181,230,29
182,937,181,230,29
183,937,181,230,29
184,937,181,230,29
185,937,181,230,29
186,937,181,230,29
187,937,181,230,29
188,937,181,230,29
189,937,181,230,29
190,937,181,230,29
191,937,182,230,32
192,937,194,234,69
149,938,194,234,69
150,938,182,230,32
151,938,181,230,29
152,938,181,230,29
153,938,181,230,29
154,938,181,230,29
155,938,181,230,29
156,938,181,230,29
157,938,181,230,29
158,938,181,230,29
159,938,181,230,29
160,938,181,230,29
161,938,181,230,29
162,938,181,230,29
163,938,181,230,29
164,938,181,230,29
165,938,181,230,29
166,938,181,230,29
167,938,181,230,29
168,938,181,230,29
169,938,181,230,29
170,938,181,230,29
171,938,181,230,29
172,938,181,230,29
173,938,181,230,29
174,938,181,230,29
175,938,181,230,29
176,938,181,230,29
177,938,181,230,29
178,938,181,230,29
179,938,181,230,29
180,938,181,230,29
181,938,181,230,29
182,938,181,230,29
183,938,181,230,29
184,938,181,230,29
185,938,181,230,29
186,938,181,230,29
187,938,181,230,29
188,938,181,230,29
189,938,181,230,29
190,938,182,230,32
191,938,194,234,69
150,939,194,234,69
151,939,182,230,32
152,939,181,230,29
153,939,181,230,29
154,939,181,230,29
155,939,181,230,29
156,939,181,230,29
157,939,181,230,29
158,939,181,230,29
159,939,181,230,29
160,939,181,230,29
161,939,181,230,29
162,939,181,230,29
163,939,181,230,29
164,939,181,230,29
165,939,181,230,29
166,939,181,230,29
167,939,181,230,29
168,939,181,230,29
169,939,181,230,29
170,939,181,230,29
171,939,181,230,29
172,939,181,230,29
173,939,181,230,29
174,939,181,230,29
175,939,181,230,29
176,939,181,230,29
177,939,181,230,29
178,939,181,230,29
179,939,181,230,29
180,939,181,230,29
181,939,181,230,29
182,939,181,230,29
183,939,181,230,29
184,939,181,230,29
185,939,181,230,29
186,939,181,230,29
187,939,181,230,29
188,939,181,230,29
189,939,182,230,32
190,939,194,234,69
151,940,194,234,69
152,940,182,230,32
153,940,181,230,29
154,940,181,230,29
155,940,181,230,29
156,940,181,230,29
157,940,181,230,29
158,940,181,230,29
159,940,181,230,29
160,940,181,230,29
161,940,181,230,29
162,940,181,230,29
163,940,181,230,29
164,940,181,230,29
165,940,181,230,29
166,940,181,230,29
167,940,181,230,29
168,940,181,230,29
169,940,181,230,29
170,940,181,230,29
171,940,181,230,29
172,940,181,230,29
173,940,181,230,29
174,940,181,230,29
175,940,181,230,29
176,940,181,230,29
177,940,181,230,29
178,940,181,230,29
179,940,181,230,29
180,940,181,230,29
181,940,181,230,29
182,940,181,230,29
183,940,181,230,29
184,940,181,230,29
185,940,181,230,29
186,940,181,230,29
187,940,181,230,29
188,940,182,230,32
189,940,194,234,69
152,941,194,234,69
153,941,182,230,32
154,941,181,230,29
155,941,181,230,29
156,941,181,230,29
157,941,181,230,29
158,941,181,230,29
159,941,181,230,29
160,941,181,230,29
161,941,181,230,29
162,941,181,230,29
163,941,181,230,29
164,941,181,230,29
165,941,181,230,29
166,941,181,230,29
167,941,181,230,29
168,941,181,230,29
169,941,181,230,29
170,941,181,230,29
171,941,181,230,29
172,941,181,230,29
173,941,181,230,29
174,941,181,230,29
175,941,181,230,29
176,941,181,230,29
177,941,181,230,29
178,941,181,230,29
179,941,181,230,29
180,941,181,230,29
181,941,181,230,29
182,941,181,230,29
183,941,181,230,29
184,941,181,230,29
185,941,181,230,29
186,941,181,230,29
187,941,182,230,32
188,941,194,234,69
153,942,195,235,72
154,942,188,232,51
155,942,182,230,32
156,942,181,230,29
157,942,181,230,29
158,942,181,230,29
159,942,181,230,29
160,942,181,230,29
161,942,181,230,29
162,942,181,230,29
163,942,181,230,29
164,942,181,230,29
165,942,181,230,29
166,942,181,230,29
167,942,181,230,29
168,942,181,230,29
169,942,181,230,29
170,942,181,230,29
171,942,181,230,29
172,942,181,230,29
173,942,181,230,29
174,942,181,230,29
175,942,181,230,29
176,942,181,230,29
177,942,181,230,29
178,942,181,230,29
179,942,181,230,29
180,942,181,230,29
181,942,181,230,29
182,942,181,230,29
183,942,181,230,29
184,942,181,230,29
185,942,182,230,32
186,942,188,232,51
187,942,195,235,72
155,943,195,235,72
156,943,188,232,51
157,943,182,230,32
158,943,181,230,29
159,943,181,230,29
160,943,181,230,29
161,943,181,230,29
162,943,181,230,29
163,943,181,230,29
164,943,181,230,29
165,943,181,230,29
166,943,181,230,29
167,943,181,230,29
168,943,181,230,29
169,943,181,230,29
170,943,181,230,29
171,943,181,230,29
172,943,181,230,29
173,943,181,230,29
174,943,181,230,29
175,943,181,230,29
176,943,181,230,29
177,943,181,230,29
178,943,181,230,29
179,943,181,230,29
180,943,181,230,29
181,943,181,230,29
182,943,181,230,29
183,943,182,230,32
184,943,188,232,51
185,943,195,235,72
157,944,195,235,72
158,944,188,232,51
159,944,182,230,32
160,944,181,230,29
161,944,181,230,29
162,944,181,230,29
163,944,181,230,29
164,944,181,230,29
165,944,181,230,29
166,944,181,230,29
167,944,181,230,29
168,944,181,230,29
169,944,181,230,29
170,944,181,230,29
171,944,181,230,29
172,944,181,230,29
173,944,181,230,29
174,944,181,230,29
175,944,181,230,29
176,944,181,230,29
177,944,181,230,29
178,944,181,230,29
179,944,181,230,29
180,944,181,230,29
181,944,181,230,29
182,944,182,230,32
183,944,194,234,69
159,945,195,235,72
160,945,188,232,51
161,945,182,230,32
162,945,181,230,29
163,945,181,230,29
164,945,181,230,29
165,945,181,230,29
166,945,181,230,29
167,945,181,230,29
168,945,181,230,29
169,945,181,230,29
170,945,181,230,29
171,945,181,230,29
172,945,181,230,29
173,945,181,230,29
174,945,181,230,29
175,945,181,230,29
176,945,181,230,29
177,945,181,230,29
178,945,181,230,29
179,945,182,230,32
180,945,188,232,51
181,945,189,233,53
182,945,195,235,72
161,946,195,235,72
162,946,189,233,53
163,946,189,233,53
164,946,188,232,51
165,946,182,230,32
166,946,181,230,29
167,946,181,230,29
168,946,181,230,29
169,946,181,230,29
170,946,181,230,29
171,946,181,230,29
172,946,181,230,29
173,946,181,230,29
174,946,181,230,29
175,946,182,230,32
176,946,188,232,51
177,946,189,233,53
178,946,189,233,53
179,946,195,235,72
165,947,195,235,72
166,947,189,233,53
167,947,189,233,53
168,947,189,233,53
169,947,189,233,53
170,947,189,233,53
171,947,189,233,53
172,947,189,233,53
173,947,189,233,53
174,947,189,233,53
175,947,195,235,72
