957,158,195,235,72
958,158,189,233,53
959,158,195,235,72
956,159,195,235,72
957,159,182,230,32
958,159,181,230,29
959,159,182,230,32
960,159,195,235,72
956,160,189,233,53
957,160,181,230,29
958,160,181,230,29
959,160,181,230,29
960,160,189,233,53
956,161,189,233,53
957,161,181,230,29
958,161,181,230,29
959,161,181,230,29
960,161,189,233,53
956,162,189,233,53
957,162,181,230,29
958,162,181,230,29
959,162,181,230,29
960,162,189,233,53
956,163,189,233,53
957,163,181,230,29
958,163,181,230,29
959,163,181,230,29
960,163,189,233,53
956,164,189,233,53
957,164,181,230,29
958,164,181,230,29
959,164,181,230,29
960,164,189,233,53
956,165,189,233,53
957,165,181,230,29
958,165,181,230,29
959,165,181,230,29
960,165,189,233,53
956,166,189,233,53
957,166,181,230,29
958,166,181,230,29
959,166,181,230,29
960,166,189,233,53
956,167,189,233,53
957,167,181,230,29
958,167,181,230,29
959,167,181,230,29
960,167,189,233,53
956,168,189,233,53
957,168,181,230,29
958,168,181,230,29
959,168,181,230,29
960,168,188,232,51
956,169,188,232,51
957,169,181,230,29
958,169,181,230,29
959,169,181,230,29
960,169,182,230,32
961,169,195,235,72
955,170,195,235,72
956,170,182,230,32
957,170,181,230,29
958,170,181,230,29
959,170,181,230,29
960,170,181,230,29
961,170,189,233,53
955,171,189,233,53
956,171,181,230,29
957,171,181,230,29
958,171,181,230,29
959,171,181,230,29
960,171,181,230,29
961,171,189,233,53
955,172,189,233,53
956,172,181,230,29
957,172,181,230,29
958,172,181,230,29
959,172,181,230,29
960,172,181,230,29
961,172,189,233,53
955,173,189,233,53
956,173,181,230,29
957,173,181,230,29
958,173,181,230,29
959,173,181,230,29
960,173,181,230,29
961,173,189,233,53
955,174,189,233,53
956,174,181,230,29
957,174,181,230,29
958,174,181,230,29
959,174,181,230,29
960,174,181,230,29
961,174,189,233,53
955,175,189,233,53
956,175,181,230,29
957,175,181,230,29
958,175,181,230,29
959,175,181,230,29
960,175,181,230,29
961,175,189,233,53
955,176,189,233,53
956,176,181,230,29
957,176,181,230,29
958,176,181,230,29
959,176,181,230,29
960,176,181,230,29
961,176,189,233,53
955,177,189,233,53
956,177,181,230,29
957,177,181,230,29
958,177,181,230,29
959,177,181,230,29
960,177,181,230,29
961,177,189,233,53
955,178,189,233,53
956,178,181,230,29
957,178,181,230,29
958,178,181,230,29
959,178,181,230,29
960,178,181,230,29
961,178,189,233,53
955,179,189,233,53
956,179,181,230,29
957,179,181,230,29
958,179,181,230,29
959,179,181,230,29
960,179,181,230,29
961,179,189,233,53
955,180,189,233,53
956,180,181,230,29
957,180,181,230,29
958,180,181,230,29
959,180,181,230,29
960,180,181,230,29
961,180,189,233,53
955,181,189,233,53
956,181,181,230,29
957,181,181,230,29
958,181,181,230,29
959,181,181,230,29
960,181,181,230,29
961,181,189,233,53
955,182,189,233,53
956,182,181,230,29
957,182,181,230,29
958,182,181,230,29
959,182,181,230,29
960,182,181,230,29
961,182,189,233,53
955,183,189,233,53
956,183,181,230,29
957,183,181,230,29
958,183,181,230,29
959,183,181,230,29
960,183,181,230,29
961,183,189,233,53
955,184,189,233,53
956,184,181,230,29
957,184,181,230,29
958,184,181,230,29
959,184,181,230,29
960,184,181,230,29
961,184,189,233,53
955,185,189,233,53
956,185,181,230,29
957,185,181,230,29
958,185,181,230,29
959,185,181,230,29
960,185,181,230,29
961,185,189,233,53
955,186,189,233,53
956,186,181,230,29
957,186,181,230,29
958,186,181,230,29
959,186,181,230,29
960,186,181,230,29
961,186,188,232,51
955,187,188,232,51
956,187,181,230,29
957,187,181,230,29
958,187,181,230,29
959,187,181,230,29
960,187,181,230,29
961,187,182,230,32
962,187,195,235,72
954,188,195,235,72
955,188,182,230,32
956,188,181,230,29
957,188,181,230,29
958,188,181,230,29
959,188,181,230,29
960,188,181,230,29
961,188,181,230,29
962,188,189,233,53
954,189,189,233,53
955,189,181,230,29
956,189,181,230,29
957,189,181,230,29
958,189,181,230,29
959,189,181,230,29
960,189,181,230,29
961,189,181,230,29
962,189,189,233,53
954,190,189,233,53
955,190,181,230,29
956,190,181,230,29
957,190,181,230,29
958,190,181,230,29
959,190,181,230,29
960,190,181,230,29
961,190,181,230,29
962,190,189,233,53
954,191,189,233,53
955,191,181,230,29
956,191,181,230,29
957,191,181,230,29
958,191,181,230,29
959,191,181,230,29
960,191,181,230,29
961,191,181,230,29
962,191,189,233,53
954,192,189,233,53
955,192,181,230,29
956,192,181,230,29
957,192,181,230,29
958,192,181,230,29
959,192,181,230,29
960,192,181,230,29
961,192,181,230,29
962,192,189,233,53
954,193,189,233,53
955,193,181,230,29
956,193,181,230,29
957,193,181,230,29
958,193,181,230,29
959,193,181,230,29
960,193,181,230,29
961,193,181,230,29
962,193,189,233,53
954,194,189,233,53
955,194,181,230,29
956,194,181,230,29
957,194,181,230,29
958,194,181,230,29
959,194,181,230,29
960,194,181,230,29
961,194,181,230,29
962,194,189,233,53
954,195,189,233,53
955,195,181,230,29
956,195,181,230,29
957,195,181,230,29
958,195,181,230,29
959,195,181,230,29
960,195,181,230,29
961,195,181,230,29
962,195,189,233,53
954,196,189,233,53
955,196,181,230,29
956,196,181,230,29
957,196,181,230,29
958,196,181,230,29
959,196,181,230,29
960,196,181,230,29
961,196,181,230,29
962,196,189,233,53
954,197,189,233,53
955,197,181,230,29
956,197,181,230,29
957,197,181,230,29
958,197,181,230,29
959,197,181,230,29
960,197,181,230,29
961,197,181,230,29
962,197,189,233,53
954,198,189,233,53
955,198,181,230,29
956,198,181,230,29
957,198,181,230,29
958,198,181,230,29
959,198,181,230,29
960,198,181,230,29
961,198,181,230,29
962,198,189,233,53
954,199,189,233,53
955,199,181,230,29
956,199,181,230,29
957,199,181,230,29
958,199,181,230,29
959,199,181,230,29
960,199,181,230,29
961,199,181,230,29
962,199,189,233,53
954,200,189,233,53
955,200,181,230,29
956,200,181,230,29
957,200,181,230,29
958,200,181,230,29
959,200,181,230,29
960,200,181,230,29
961,200,181,230,29
962,200,189,233,53
954,201,189,233,53
955,201,181,230,29
956,201,181,230,29
957,201,181,230,29
958,201,181,230,29
959,201,181,230,29
960,201,181,230,29
961,201,181,230,29
962,201,189,233,53
954,202,189,233,53
955,202,181,230,29
956,202,181,230,29
957,202,181,230,29
958,202,181,230,29
959,202,181,230,29
960,202,181,230,29
961,202,181,230,29
962,202,189,233,53
954,203,189,233,53
955,203,181,230,29
956,203,181,230,29
957,203,181,230,29
958,203,181,230,29
959,203,181,230,29
960,203,181,230,29
961,203,181,230,29
962,203,189,233,53
954,204,189,233,53
955,204,181,230,29
956,204,181,230,29
957,204,181,230,29
958,204,181,230,29
959,204,181,230,29
960,204,181,230,29
961,204,181,230,29
962,204,188,232,51
954,205,188,232,51
955,205,181,230,29
956,205,181,230,29
957,205,181,230,29
958,205,181,230,29
959,205,181,230,29
960,205,181,230,29
961,205,181,230,29
962,205,182,230,32
963,205,195,235,72
953,206,195,235,72
954,206,182,230,32
955,206,181,230,29
956,206,181,230,29
957,206,181,230,29
958,206,181,230,29
959,206,181,230,29
960,206,181,230,29
961,206,181,230,29
962,206,181,230,29
963,206,189,233,53
953,207,189,233,53
954,207,181,230,29
955,207,181,230,29
956,207,181,230,29
957,207,181,230,29
958,207,181,230,29
959,207,181,230,29
960,207,181,230,29
961,207,181,230,29
962,207,181,230,29
963,207,189,233,53
953,208,189,233,53
954,208,181,230,29
955,208,181,230,29
956,208,181,230,29
957,208,181,230,29
958,208,181,230,29
959,208,181,230,29
960,208,181,230,29
961,208,181,230,29
962,208,181,230,29
963,208,189,233,53
953,209,189,233,53
954,209,181,230,29
955,209,181,230,29
956,209,181,230,29
957,209,181,230,29
958,209,181,230,29
959,209,181,230,29
960,209,181,230,29
961,209,181,230,29
962,209,181,230,29
963,209,189,233,53
953,210,189,233,53
954,210,181,230,29
955,210,181,230,29
956,210,181,230,29
957,210,181,230,29
958,210,181,230,29
959,210,181,230,29
960,210,181,230,29
961,210,181,230,29
962,210,181,230,29
963,210,189,233,53
953,211,189,233,53
954,211,181,230,29
955,211,181,230,29
956,211,181,230,29
957,211,181,230,29
958,211,181,230,29
959,211,181,230,29
960,211,181,230,29
961,211,181,230,29
962,211,181,230,29
963,211,189,233,53
953,212,189,233,53
954,212,181,230,29
955,212,181,230,29
956,212,181,230,29
957,212,181,230,29
958,212,181,230,29
959,212,181,230,29
960,212,181,230,29
961,212,181,230,29
962,212,181,230,29
963,212,189,233,53
953,213,189,233,53
954,213,181,230,29
955,213,181,230,29
956,213,181,230,29
957,213,181,230,29
958,213,181,230,29
959,213,181,230,29
960,213,181,230,29
961,213,181,230,29
962,213,181,230,29
963,213,189,233,53
953,214,189,233,53
954,214,181,230,29
955,214,181,230,29
956,214,181,230,29
957,214,181,230,29
958,214,181,230,29
959,214,181,230,29
960,214,181,230,29
961,214,181,230,29
962,214,181,230,29
963,214,189,233,53
953,215,189,233,53
954,215,181,230,29
955,215,181,230,29
956,215,181,230,29
957,215,181,230,29
958,215,181,230,29
959,215,181,230,29
960,215,181,230,29
961,215,181,230,29
962,215,181,230,29
963,215,189,233,53
953,216,189,233,53
954,216,181,230,29
955,216,181,230,29
956,216,181,230,29
957,216,181,230,29
958,216,181,230,29
959,216,181,230,29
960,216,181,230,29
961,216,181,230,29
962,216,181,230,29
963,216,189,233,53
953,217,189,233,53
954,217,181,230,29
955,217,181,230,29
956,217,181,230,29
957,217,181,230,29
958,217,181,230,29
959,217,181,230,29
960,217,181,230,29
961,217,181,230,29
962,217,181,230,29
963,217,189,233,53
953,218,189,233,53
954,218,181,230,29
955,218,181,230,29
956,218,181,230,29
957,218,181,230,29
958,218,181,230,29
959,218,181,230,29
960,218,181,230,29
961,218,181,230,29
962,218,181,230,29
963,218,189,233,53
953,219,189,233,53
954,219,181,230,29
955,219,181,230,29
956,219,181,230,29
957,219,181,230,29
958,219,181,230,29
959,219,181,230,29
960,219,181,230,29
961,219,181,230,29
962,219,181,230,29
963,219,189,233,53
953,220,189,233,53
954,220,181,230,29
955,220,181,230,29
956,220,181,230,29
957,220,181,230,29
958,220,181,230,29
959,220,181,230,29
960,220,181,230,29
961,220,181,230,29
962,220,181,230,29
963,220,189,233,53
953,221,189,233,53
954,221,181,230,29
955,221,181,230,29
956,221,181,230,29
957,221,181,230,29
958,221,181,230,29
959,221,181,230,29
960,221,181,230,29
961,221,181,230,29
962,221,181,230,29
963,221,188,232,51
953,222,188,232,51
954,222,181,230,29
955,222,181,230,29
956,222,181,230,29
957,222,181,230,29
958,222,181,230,29
959,222,181,230,29
960,222,181,230,29
961,222,181,230,29
962,222,181,230,29
963,222,182,230,32
964,222,195,235,72
952,223,195,235,72
953,223,182,230,32
954,223,181,230,29
955,223,181,230,29
956,223,181,230,29
957,223,181,230,29
958,223,181,230,29
959,223,181,230,29
960,223,181,230,29
961,223,181,230,29
962,223,181,230,29
963,223,181,230,29
964,223,189,233,53
952,224,189,233,53
953,224,181,230,29
954,224,181,230,29
955,224,181,230,29
956,224,181,230,29
957,224,181,230,29
958,224,181,230,29
959,224,181,230,29
960,224,181,230,29
961,224,181,230,29
962,224,181,230,29
963,224,181,230,29
964,224,189,233,53
952,225,189,233,53
953,225,181,230,29
954,225,181,230,29
955,225,181,230,29
956,225,181,230,29
957,225,181,230,29
958,225,181,230,29
959,225,181,230,29
960,225,181,230,29
961,225,181,230,29
962,225,181,230,29
963,225,181,230,29
964,225,189,233,53
952,226,189,233,53
953,226,181,230,29
954,226,181,230,29
955,226,181,230,29
956,226,181,230,29
957,226,181,230,29
958,226,181,230,29
959,226,181,230,29
960,226,181,230,29
961,226,181,230,29
962,226,181,230,29
963,226,181,230,29
964,226,189,233,53
952,227,189,233,53
953,227,181,230,29
954,227,181,230,29
955,227,181,230,29
956,227,181,230,29
957,227,181,230,29
958,227,181,230,29
959,227,181,230,29
960,227,181,230,29
961,227,181,230,29
962,227,181,230,29
963,227,181,230,29
964,227,189,233,53
952,228,189,233,53
953,228,181,230,29
954,228,181,230,29
955,228,181,230,29
956,228,181,230,29
957,228,181,230,29
958,228,181,230,29
959,228,181,230,29
960,228,181,230,29
961,228,181,230,29
962,228,181,230,29
963,228,181,230,29
964,228,189,233,53
952,229,189,233,53
953,229,181,230,29
954,229,181,230,29
955,229,181,230,29
956,229,181,230,29
957,229,181,230,29
958,229,181,230,29
959,229,181,230,29
960,229,181,230,29
961,229,181,230,29
962,229,181,230,29
963,229,181,230,29
964,229,189,233,53
952,230,189,233,53
953,230,181,230,29
954,230,181,230,29
955,230,181,230,29
956,230,181,230,29
957,230,181,230,29
958,230,181,230,29
959,230,181,230,29
960,230,181,230,29
961,230,181,230,29
962,230,181,230,29
963,230,181,230,29
964,230,189,233,53
952,231,189,233,53
953,231,181,230,29
954,231,181,230,29
955,231,181,230,29
956,231,181,230,29
957,231,181,230,29
958,231,181,230,29
959,231,181,230,29
960,231,181,230,29
961,231,181,230,29
962,231,181,230,29
963,231,181,230,29
964,231,189,233,53
952,232,189,233,53
953,232,181,230,29
954,232,181,230,29
955,232,181,230,29
956,232,181,230,29
957,232,181,230,29
958,232,181,230,29
959,232,181,230,29
960,232,181,230,29
961,232,181,230,29
962,232,181,230,29
963,232,181,230,29
964,232,189,233,53
952,233,189,233,53
953,233,181,230,29
954,233,181,230,29
955,233,181,230,29
956,233,181,230,29
957,233,181,230,29
958,233,181,230,29
959,233,181,230,29
960,233,181,230,29
961,233,181,230,29
962,233,181,230,29
963,233,181,230,29
964,233,189,233,53
952,234,189,233,53
953,234,181,230,29
954,234,181,230,29
955,234,181,230,29
956,234,181,230,29
957,234,181,230,29
958,234,181,230,29
959,234,181,230,29
960,234,181,230,29
961,234,181,230,29
962,234,181,230,29
963,234,181,230,29
964,234,189,233,53
952,235,189,233,53
953,235,181,230,29
954,235,181,230,29
955,235,181,230,29
956,235,181,230,29
957,235,181,230,29
958,235,181,230,29
959,235,181,230,29
960,235,181,230,29
961,235,181,230,29
962,235,181,230,29
963,235,181,230,29
964,235,189,233,53
952,236,189,233,53
953,236,181,230,29
954,236,181,230,29
955,236,181,230,29
956,236,181,230,29
957,236,181,230,29
958,236,181,230,29
959,236,181,230,29
960,236,181,230,29
961,236,181,230,29
962,236,181,230,29
963,236,181,230,29
964,236,189,233,53
952,237,189,233,53
953,237,181,230,29
954,237,181,230,29
955,237,181,230,29
956,237,181,230,29
957,237,181,230,29
958,237,181,230,29
959,237,181,230,29
960,237,181,230,29
961,237,181,230,29
962,237,181,230,29
963,237,181,230,29
964,237,189,233,53
952,238,189,233,53
953,238,181,230,29
954,238,181,230,29
955,238,181,230,29
956,238,181,230,29
957,238,181,230,29
958,238,181,230,29
959,238,181,230,29
960,238,181,230,29
961,238,181,230,29
962,238,181,230,29
963,238,181,230,29
964,238,189,233,53
952,239,189,233,53
953,239,181,230,29
954,239,181,230,29
955,239,181,230,29
956,239,181,230,29
957,239,181,230,29
958,239,181,230,29
959,239,181,230,29
960,239,181,230,29
961,239,181,230,29
962,239,181,230,29
963,239,181,230,29
964,239,188,232,51
952,240,188,232,51
953,240,181,230,29
954,240,181,230,29
955,240,181,230,29
956,240,181,230,29
957,240,181,230,29
958,240,181,230,29
959,240,181,230,29
960,240,181,230,29
961,240,181,230,29
962,240,181,230,29
963,240,181,230,29
964,240,182,230,32
965,240,195,235,72
951,241,195,235,72
952,241,182,230,32
953,241,181,230,29
954,241,181,230,29
955,241,181,230,29
956,241,181,230,29
957,241,181,230,29
958,241,181,230,29
959,241,181,230,29
960,241,181,230,29
961,241,181,230,29
962,241,181,230,29
963,241,181,230,29
964,241,181,230,29
965,241,189,233,53
951,242,189,233,53
952,242,181,230,29
953,242,181,230,29
954,242,181,230,29
955,242,181,230,29
956,242,181,230,29
957,242,181,230,29
958,242,181,230,29
959,242,181,230,29
960,242,181,230,29
961,242,181,230,29
962,242,181,230,29
963,242,181,230,29
964,242,181,230,29
965,242,189,233,53
951,243,189,233,53
952,243,181,230,29
953,243,181,230,29
954,243,181,230,29
955,243,181,230,29
956,243,181,230,29
957,243,181,230,29
958,243,181,230,29
959,243,181,230,29
960,243,181,230,29
961,243,181,230,29
962,243,181,230,29
963,243,181,230,29
964,243,181,230,29
965,243,189,233,53
951,244,189,233,53
952,244,181,230,29
953,244,181,230,29
954,244,181,230,29
955,244,181,230,29
956,244,181,230,29
957,244,181,230,29
958,244,181,230,29
959,244,181,230,29
960,244,181,230,29
961,244,181,230,29
962,244,181,230,29
963,244,181,230,29
964,244,181,230,29
965,244,189,233,53
951,245,189,233,53
952,245,181,230,29
953,245,181,230,29
954,245,181,230,29
955,245,181,230,29
956,245,181,230,29
957,245,181,230,29
958,245,181,230,29
959,245,181,230,29
960,245,181,230,29
961,245,181,230,29
962,245,181,230,29
963,245,181,230,29
964,245,181,230,29
965,245,189,233,53
951,246,189,233,53
952,246,181,230,29
953,246,181,230,29
954,246,181,230,29
955,246,181,230,29
956,246,181,230,29
957,246,181,230,29
958,246,181,230,29
959,246,181,230,29
960,246,181,230,29
961,246,181,230,29
962,246,181,230,29
963,246,181,230,29
964,246,181,230,29
965,246,189,233,53
951,247,189,233,53
952,247,181,230,29
953,247,181,230,29
954,247,181,230,29
955,247,181,230,29
956,247,181,230,29
957,247,181,230,29
958,247,181,230,29
959,247,181,230,29
960,247,181,230,29
961,247,181,230,29
962,247,181,230,29
963,247,181,230,29
964,247,181,230,29
965,247,189,233,53
951,248,189,233,53
952,248,181,230,29
953,248,181,230,29
954,248,181,230,29
955,248,181,230,29
956,248,181,230,29
957,248,181,230,29
958,248,181,230,29
959,248,181,230,29
960,248,181,230,29
961,248,181,230,29
962,248,181,230,29
963,248,181,230,29
964,248,181,230,29
965,248,189,233,53
951,249,189,233,53
952,249,181,230,29
953,249,181,230,29
954,249,181,230,29
955,249,181,230,29
956,249,181,230,29
957,249,181,230,29
958,249,181,230,29
959,249,181,230,29
960,249,181,230,29
961,249,181,230,29
962,249,181,230,29
963,249,181,230,29
964,249,181,230,29
965,249,189,233,53
951,250,189,233,53
952,250,181,230,29
953,250,181,230,29
954,250,181,230,29
955,250,181,230,29
956,250,181,230,29
957,250,181,230,29
958,250,181,230,29
959,250,181,230,29
960,250,181,230,29
961,250,181,230,29
962,250,181,230,29
963,250,181,230,29
964,250,181,230,29
965,250,189,233,53
951,251,189,233,53
952,251,181,230,29
953,251,181,230,29
954,251,181,230,29
955,251,181,230,29
956,251,181,230,29
957,251,181,230,29
958,251,181,230,29
959,251,181,230,29
960,251,181,230,29
961,251,181,230,29
962,251,181,230,29
963,251,181,230,29
964,251,181,230,29
965,251,189,233,53
951,252,189,233,53
952,252,181,230,29
953,252,181,230,29
954,252,181,230,29
955,252,181,230,29
956,252,181,230,29
957,252,181,230,29
958,252,181,230,29
959,252,181,230,29
960,252,181,230,29
961,252,181,230,29
962,252,181,230,29
963,252,181,230,29
964,252,181,230,29
965,252,189,233,53
951,253,189,233,53
952,253,181,230,29
953,253,181,230,29
954,253,181,230,29
955,253,181,230,29
956,253,181,230,29
957,253,181,230,29
958,253,181,230,29
959,253,181,230,29
960,253,181,230,29
961,253,181,230,29
962,253,181,230,29
963,253,181,230,29
964,253,181,230,29
965,253,189,233,53
951,254,189,233,53
952,254,181,230,29
953,254,181,230,29
954,254,181,230,29
955,254,181,230,29
956,254,181,230,29
957,254,181,230,29
958,254,181,230,29
959,254,181,230,29
960,254,181,230,29
961,254,181,230,29
962,254,181,230,29
963,254,181,230,29
964,254,181,230,29
965,254,189,233,53
951,255,189,233,53
952,255,181,230,29
953,255,181,230,29
954,255,181,230,29
955,255,181,230,29
956,255,181,230,29
957,255,181,230,29
958,255,181,230,29
959,255,181,230,29
960,255,181,230,29
961,255,181,230,29
962,255,181,230,29
963,255,181,230,29
964,255,181,230,29
965,255,189,233,53
951,256,189,233,53
952,256,181,230,29
953,256,181,230,29
954,256,181,230,29
955,256,181,230,29
956,256,181,230,29
957,256,181,230,29
958,256,181,230,29
959,256,181,230,29
960,256,181,230,29
961,256,181,230,29
962,256,181,230,29
963,256,181,230,29
964,256,181,230,29
965,256,189,233,53
951,257,189,233,53
952,257,181,230,29
953,257,181,230,29
954,257,181,230,29
955,257,181,230,29
956,257,181,230,29
957,257,181,230,29
958,257,181,230,29
959,257,181,230,29
960,257,181,230,29
961,257,181,230,29
962,257,181,230,29
963,257,181,230,29
964,257,181,230,29
965,257,188,232,51
951,258,188,232,51
952,258,181,230,29
953,258,181,230,29
954,258,181,230,29
955,258,181,230,29
956,258,181,230,29
957,258,181,230,29
958,258,181,230,29
959,258,181,230,29
960,258,181,230,29
961,258,181,230,29
962,258,181,230,29
963,258,181,230,29
964,258,181,230,29
965,258,182,230,32
966,258,195,235,72
950,259,195,235,72
951,259,182,230,32
952,259,181,230,29
953,259,181,230,29
954,259,181,230,29
955,259,181,230,29
956,259,181,230,29
957,259,181,230,29
958,259,181,230,29
959,259,181,230,29
960,259,181,230,29
961,259,181,230,29
962,259,181,230,29
963,259,181,230,29
964,259,181,230,29
965,259,181,230,29
966,259,189,233,53
950,260,189,233,53
951,260,181,230,29
952,260,181,230,29
953,260,181,230,29
954,260,181,230,29
955,260,181,230,29
956,260,181,230,29
957,260,181,230,29
958,260,181,230,29
959,260,181,230,29
960,260,181,230,29
961,260,181,230,29
962,260,181,230,29
963,260,181,230,29
964,260,181,230,29
965,260,181,230,29
966,260,189,233,53
950,261,189,233,53
951,261,181,230,29
952,261,181,230,29
953,261,181,230,29
954,261,181,230,29
955,261,181,230,29
956,261,181,230,29
957,261,181,230,29
958,261,181,230,29
959,261,181,230,29
960,261,181,230,29
961,261,181,230,29
962,261,181,230,29
963,261,181,230,29
964,261,181,230,29
965,261,181,230,29
966,261,189,233,53
950,262,189,233,53
951,262,181,230,29
952,262,181,230,29
953,262,181,230,29
954,262,181,230,29
955,262,181,230,29
956,262,181,230,29
957,262,181,230,29
958,262,181,230,29
959,262,181,230,29
960,262,181,230,29
961,262,181,230,29
962,262,181,230,29
963,262,181,230,29
964,262,181,230,29
965,262,181,230,29
966,262,189,233,53
950,263,189,233,53
951,263,181,230,29
952,263,181,230,29
953,263,181,230,29
954,263,181,230,29
955,263,181,230,29
956,263,181,230,29
957,263,181,230,29
958,263,181,230,29
959,263,181,230,29
960,263,181,230,29
961,263,181,230,29
962,263,181,230,29
963,263,181,230,29
964,263,181,230,29
965,263,181,230,29
966,263,189,233,53
950,264,189,233,53
951,264,181,230,29
952,264,181,230,29
953,264,181,230,29
954,264,181,230,29
955,264,181,230,29
956,264,181,230,29
957,264,181,230,29
958,264,181,230,29
959,264,181,230,29
960,264,181,230,29
961,264,181,230,29
962,264,181,230,29
963,264,181,230,29
964,264,181,230,29
965,264,181,230,29
966,264,189,233,53
950,265,189,233,53
951,265,181,230,29
952,265,181,230,29
953,265,181,230,29
954,265,181,230,29
955,265,181,230,29
956,265,181,230,29
957,265,181,230,29
958,265,181,230,29
959,265,181,230,29
960,265,181,230,29
961,265,181,230,29
962,265,181,230,29
963,265,181,230,29
964,265,181,230,29
965,265,181,230,29
966,265,189,233,53
950,266,189,233,53
951,266,181,230,29
952,266,181,230,29
953,266,181,230,29
954,266,181,230,29
955,266,181,230,29
956,266,181,230,29
957,266,181,230,29
958,266,181,230,29
959,266,181,230,29
960,266,181,230,29
961,266,181,230,29
962,266,181,230,29
963,266,181,230,29
964,266,181,230,29
965,266,181,230,29
966,266,189,233,53
950,267,189,233,53
951,267,181,230,29
952,267,181,230,29
953,267,181,230,29
954,267,181,230,29
955,267,181,230,29
956,267,181,230,29
957,267,181,230,29
958,267,181,230,29
959,267,181,230,29
960,267,181,230,29
961,267,181,230,29
962,267,181,230,29
963,267,181,230,29
964,267,181,230,29
965,267,181,230,29
966,267,189,233,53
950,268,189,233,53
951,268,181,230,29
952,268,181,230,29
953,268,181,230,29
954,268,181,230,29
955,268,181,230,29
956,268,181,230,29
957,268,181,230,29
958,268,181,230,29
959,268,181,230,29
960,268,181,230,29
961,268,181,230,29
962,268,181,230,29
963,268,181,230,29
964,268,181,230,29
965,268,181,230,29
966,268,189,233,53
950,269,189,233,53
951,269,181,230,29
952,269,181,230,29
953,269,181,230,29
954,269,181,230,29
955,269,181,230,29
956,269,181,230,29
957,269,181,230,29
958,269,181,230,29
959,269,181,230,29
960,269,181,230,29
961,269,181,230,29
962,269,181,230,29
963,269,181,230,29
964,269,181,230,29
965,269,181,230,29
966,269,189,233,53
950,270,189,233,53
951,270,181,230,29
952,270,181,230,29
953,270,181,230,29
954,270,181,230,29
955,270,181,230,29
956,270,181,230,29
957,270,181,230,29
958,270,181,230,29
959,270,181,230,29
960,270,181,230,29
961,270,181,230,29
962,270,181,230,29
963,270,181,230,29
964,270,181,230,29
965,270,181,230,29
966,270,189,233,53
950,271,189,233,53
951,271,181,230,29
952,271,181,230,29
953,271,181,230,29
954,271,181,230,29
955,271,181,230,29
956,271,181,230,29
957,271,181,230,29
958,271,181,230,29
959,271,181,230,29
960,271,181,230,29
961,271,181,230,29
962,271,181,230,29
963,271,181,230,29
964,271,181,230,29
965,271,181,230,29
966,271,189,233,53
950,272,189,233,53
951,272,181,230,29
952,272,181,230,29
953,272,181,230,29
954,272,181,230,29
955,272,181,230,29
956,272,181,230,29
957,272,181,230,29
958,272,181,230,29
959,272,181,230,29
960,272,181,230,29
961,272,181,230,29
962,272,181,230,29
963,272,181,230,29
964,272,181,230,29
965,272,181,230,29
966,272,189,233,53
950,273,189,233,53
951,273,181,230,29
952,273,181,230,29
953,273,181,230,29
954,273,181,230,29
955,273,181,230,29
956,273,181,230,29
957,273,181,230,29
958,273,181,230,29
959,273,181,230,29
960,273,181,230,29
961,273,181,230,29
962,273,181,230,29
963,273,181,230,29
964,273,181,230,29
965,273,181,230,29
966,273,189,233,53
950,274,189,233,53
951,274,181,230,29
952,274,181,230,29
953,274,181,230,29
954,274,181,230,29
955,274,181,230,29
956,274,181,230,29
957,274,181,230,29
958,274,181,230,29
959,274,181,230,29
960,274,181,230,29
961,274,181,230,29
962,274,181,230,29
963,274,181,230,29
964,274,181,230,29
965,274,181,230,29
966,274,188,232,51
950,275,188,232,51
951,275,181,230,29
952,275,181,230,29
953,275,181,230,29
954,275,181,230,29
955,275,181,230,29
956,275,181,230,29
957,275,181,230,29
958,275,181,230,29
959,275,181,230,29
960,275,181,230,29
961,275,181,230,29
962,275,181,230,29
963,275,181,230,29
964,275,181,230,29
965,275,181,230,29
966,275,182,230,32
967,275,195,235,72
949,276,195,235,72
950,276,182,230,32
951,276,181,230,29
952,276,181,230,29
953,276,181,230,29
954,276,181,230,29
955,276,181,230,29
956,276,181,230,29
957,276,181,230,29
958,276,181,230,29
959,276,181,230,29
960,276,181,230,29
961,276,181,230,29
962,276,181,230,29
963,276,181,230,29
964,276,181,230,29
965,276,181,230,29
966,276,181,230,29
967,276,189,233,53
949,277,189,233,53
950,277,181,230,29
951,277,181,230,29
952,277,181,230,29
953,277,181,230,29
954,277,181,230,29
955,277,181,230,29
956,277,181,230,29
957,277,181,230,29
958,277,181,230,29
959,277,181,230,29
960,277,181,230,29
961,277,181,230,29
962,277,181,230,29
963,277,181,230,29
964,277,181,230,29
965,277,181,230,29
966,277,181,230,29
967,277,189,233,53
949,278,189,233,53
950,278,181,230,29
951,278,181,230,29
952,278,181,230,29
953,278,181,230,29
954,278,181,230,29
955,278,181,230,29
956,278,181,230,29
957,278,181,230,29
958,278,181,230,29
959,278,181,230,29
960,278,181,230,29
961,278,181,230,29
962,278,181,230,29
963,278,181,230,29
964,278,181,230,29
965,278,181,230,29
966,278,181,230,29
967,278,189,233,53
949,279,189,233,53
950,279,181,230,29
951,279,181,230,29
952,279,181,230,29
953,279,181,230,29
954,279,181,230,29
955,279,181,230,29
956,279,181,230,29
957,279,181,230,29
958,279,181,230,29
959,279,181,230,29
960,279,181,230,29
961,279,181,230,29
962,279,181,230,29
963,279,181,230,29
964,279,181,230,29
965,279,181,230,29
966,279,181,230,29
967,279,189,233,53
949,280,189,233,53
950,280,181,230,29
951,280,181,230,29
952,280,181,230,29
953,280,181,230,29
954,280,181,230,29
955,280,181,230,29
956,280,181,230,29
957,280,181,230,29
958,280,181,230,29
959,280,181,230,29
960,280,181,230,29
961,280,181,230,29
962,280,181,230,29
963,280,181,230,29
964,280,181,230,29
965,280,181,230,29
966,280,181,230,29
967,280,189,233,53
949,281,189,233,53
950,281,181,230,29
951,281,181,230,29
952,281,181,230,29
953,281,181,230,29
954,281,181,230,29
955,281,181,230,29
956,281,181,230,29
957,281,181,230,29
958,281,181,230,29
959,281,181,230,29
960,281,181,230,29
961,281,181,230,29
962,281,181,230,29
963,281,181,230,29
964,281,181,230,29
965,281,181,230,29
966,281,181,230,29
967,281,189,233,53
949,282,189,233,53
950,282,181,230,29
951,282,181,230,29
952,282,181,230,29
953,282,181,230,29
954,282,181,230,29
955,282,181,230,29
956,282,181,230,29
957,282,181,230,29
958,282,181,230,29
959,282,181,230,29
960,282,181,230,29
961,282,181,230,29
962,282,181,230,29
963,282,181,230,29
964,282,181,230,29
965,282,181,230,29
966,282,181,230,29
967,282,189,233,53
949,283,189,233,53
950,283,181,230,29
951,283,181,230,29
952,283,181,230,29
953,283,181,230,29
954,283,181,230,29
955,283,181,230,29
956,283,181,230,29
957,283,181,230,29
958,283,181,230,29
959,283,181,230,29
960,283,181,230,29
961,283,181,230,29
962,283,181,230,29
963,283,181,230,29
964,283,181,230,29
965,283,181,230,29
966,283,181,230,29
967,283,189,233,53
949,284,189,233,53
950,284,181,230,29
951,284,181,230,29
952,284,181,230,29
953,284,181,230,29
954,284,181,230,29
955,284,181,230,29
956,284,181,230,29
957,284,181,230,29
958,284,181,230,29
959,284,181,230,29
960,284,181,230,29
961,284,181,230,29
962,284,181,230,29
963,284,181,230,29
964,284,181,230,29
965,284,181,230,29
966,284,181,230,29
967,284,189,233,53
949,285,189,233,53
950,285,181,230,29
951,285,181,230,29
952,285,181,230,29
953,285,181,230,29
954,285,181,230,29
955,285,181,230,29
956,285,181,230,29
957,285,181,230,29
958,285,181,230,29
959,285,181,230,29
960,285,181,230,29
961,285,181,230,29
962,285,181,230,29
963,285,181,230,29
964,285,181,230,29
965,285,181,230,29
966,285,181,230,29
967,285,189,233,53
949,286,189,233,53
950,286,181,230,29
951,286,181,230,29
952,286,181,230,29
953,286,181,230,29
954,286,181,230,29
955,286,181,230,29
956,286,181,230,29
957,286,181,230,29
958,286,181,230,29
959,286,181,230,29
960,286,181,230,29
961,286,181,230,29
962,286,181,230,29
963,286,181,230,29
964,286,181,230,29
965,286,181,230,29
966,286,181,230,29
967,286,189,233,53
949,287,189,233,53
950,287,181,230,29
951,287,181,230,29
952,287,181,230,29
953,287,181,230,29
954,287,181,230,29
955,287,181,230,29
956,287,181,230,29
957,287,181,230,29
958,287,181,230,29
959,287,181,230,29
960,287,181,230,29
961,287,181,230,29
962,287,181,230,29
963,287,181,230,29
964,287,181,230,29
965,287,181,230,29
966,287,181,230,29
967,287,189,233,53
949,288,189,233,53
950,288,181,230,29
951,288,181,230,29
952,288,181,230,29
953,288,181,230,29
954,288,181,230,29
955,288,181,230,29
956,288,181,230,29
957,288,181,230,29
958,288,181,230,29
959,288,181,230,29
960,288,181,230,29
961,288,181,230,29
962,288,181,230,29
963,288,181,230,29
964,288,181,230,29
965,288,181,230,29
966,288,181,230,29
967,288,189,233,53
949,289,189,233,53
950,289,181,230,29
951,289,181,230,29
952,289,181,230,29
953,289,181,230,29
954,289,181,230,29
955,289,181,230,29
956,289,181,230,29
957,289,181,230,29
958,289,181,230,29
959,289,181,230,29
960,289,181,230,29
961,289,181,230,29
962,289,181,230,29
963,289,181,230,29
964,289,181,230,29
965,289,181,230,29
966,289,181,230,29
967,289,189,233,53
949,290,189,233,53
950,290,181,230,29
951,290,181,230,29
952,290,181,230,29
953,290,181,230,29
954,290,181,230,29
955,290,181,230,29
956,290,181,230,29
957,290,181,230,29
958,290,181,230,29
959,290,181,230,29
960,290,181,230,29
961,290,181,230,29
962,290,181,230,29
963,290,181,230,29
964,290,181,230,29
965,290,181,230,29
966,290,181,230,29
967,290,189,233,53
949,291,189,233,53
950,291,181,230,29
951,291,181,230,29
952,291,181,230,29
953,291,181,230,29
954,291,181,230,29
955,291,181,230,29
956,291,181,230,29
957,291,181,230,29
958,291,181,230,29
959,291,181,230,29
960,291,181,230,29
961,291,181,230,29
962,291,181,230,29
963,291,181,230,29
964,291,181,230,29
965,291,181,230,29
966,291,181,230,29
967,291,189,233,53
949,292,189,233,53
950,292,181,230,29
951,292,181,230,29
952,292,181,230,29
953,292,181,230,29
954,292,181,230,29
955,292,181,230,29
956,292,181,230,29
957,292,181,230,29
958,292,181,230,29
959,292,181,230,29
960,292,181,230,29
961,292,181,230,29
962,292,181,230,29
963,292,181,230,29
964,292,181,230,29
965,292,181,230,29
966,292,181,230,29
967,292,188,232,51
949,293,188,232,51
950,293,181,230,29
951,293,181,230,29
952,293,181,230,29
953,293,181,230,29
954,293,181,230,29
955,293,181,230,29
956,293,181,230,29
957,293,181,230,29
958,293,181,230,29
959,293,181,230,29
960,293,181,230,29
961,293,181,230,29
962,293,181,230,29
963,293,181,230,29
964,293,181,230,29
965,293,181,230,29
966,293,181,230,29
967,293,182,230,32
968,293,195,235,72
948,294,195,235,72
949,294,182,230,32
950,294,181,230,29
951,294,181,230,29
952,294,181,230,29
953,294,181,230,29
954,294,181,230,29
955,294,181,230,29
956,294,181,230,29
957,294,181,230,29
958,294,181,230,29
959,294,181,230,29
960,294,181,230,29
961,294,181,230,29
962,294,181,230,29
963,294,181,230,29
964,294,181,230,29
965,294,181,230,29
966,294,181,230,29
967,294,181,230,29
968,294,189,233,53
948,295,189,233,53
949,295,181,230,29
950,295,181,230,29
951,295,181,230,29
952,295,181,230,29
953,295,181,230,29
954,295,181,230,29
955,295,181,230,29
956,295,181,230,29
957,295,181,230,29
958,295,181,230,29
959,295,181,230,29
960,295,181,230,29
961,295,181,230,29
962,295,181,230,29
963,295,181,230,29
964,295,181,230,29
965,295,181,230,29
966,295,181,230,29
967,295,181,230,29
968,295,189,233,53
948,296,189,233,53
949,296,181,230,29
950,296,181,230,29
951,296,181,230,29
952,296,181,230,29
953,296,181,230,29
954,296,181,230,29
955,296,181,230,29
956,296,181,230,29
957,296,181,230,29
958,296,181,230,29
959,296,181,230,29
960,296,181,230,29
961,296,181,230,29
962,296,181,230,29
963,296,181,230,29
964,296,181,230,29
965,296,181,230,29
966,296,181,230,29
967,296,181,230,29
968,296,189,233,53
948,297,189,233,53
949,297,181,230,29
950,297,181,230,29
951,297,181,230,29
952,297,181,230,29
953,297,181,230,29
954,297,181,230,29
955,297,181,230,29
956,297,181,230,29
957,297,181,230,29
958,297,181,230,29
959,297,181,230,29
960,297,181,230,29
961,297,181,230,29
962,297,181,230,29
963,297,181,230,29
964,297,181,230,29
965,297,181,230,29
966,297,181,230,29
967,297,181,230,29
968,297,189,233,53
948,298,189,233,53
949,298,181,230,29
950,298,181,230,29
951,298,181,230,29
952,298,181,230,29
953,298,181,230,29
954,298,181,230,29
955,298,181,230,29
956,298,181,230,29
957,298,181,230,29
958,298,181,230,29
959,298,181,230,29
960,298,181,230,29
961,298,181,230,29
962,298,181,230,29
963,298,181,230,29
964,298,181,230,29
965,298,181,230,29
966,298,181,230,29
967,298,181,230,29
968,298,189,233,53
948,299,189,233,53
949,299,181,230,29
950,299,181,230,29
951,299,181,230,29
952,299,181,230,29
953,299,181,230,29
954,299,181,230,29
955,299,181,230,29
956,299,181,230,29
957,299,181,230,29
958,299,181,230,29
959,299,181,230,29
960,299,181,230,29
961,299,181,230,29
962,299,181,230,29
963,299,181,230,29
964,299,181,230,29
965,299,181,230,29
966,299,181,230,29
967,299,181,230,29
968,299,189,233,53
948,300,189,233,53
949,300,181,230,29
950,300,181,230,29
951,300,181,230,29
952,300,181,230,29
953,300,181,230,29
954,300,181,230,29
955,300,181,230,29
956,300,181,230,29
957,300,181,230,29
958,300,181,230,29
959,300,181,230,29
960,300,181,230,29
961,300,181,230,29
962,300,181,230,29
963,300,181,230,29
964,300,181,230,29
965,300,181,230,29
966,300,181,230,29
967,300,181,230,29
968,300,189,233,53
948,301,189,233,53
949,301,181,230,29
950,301,181,230,29
951,301,181,230,29
952,301,181,230,29
953,301,181,230,29
954,301,181,230,29
955,301,181,230,29
956,301,181,230,29
957,301,181,230,29
958,301,181,230,29
959,301,181,230,29
960,301,181,230,29
961,301,181,230,29
962,301,181,230,29
963,301,181,230,29
964,301,181,230,29
965,301,181,230,29
966,301,181,230,29
967,301,181,230,29
968,301,189,233,53
948,302,189,233,53
949,302,181,230,29
950,302,181,230,29
951,302,181,230,29
952,302,181,230,29
953,302,181,230,29
954,302,181,230,29
955,302,181,230,29
956,302,181,230,29
957,302,181,230,29
958,302,181,230,29
959,302,181,230,29
960,302,181,230,29
961,302,181,230,29
962,302,181,230,29
963,302,181,230,29
964,302,181,230,29
965,302,181,230,29
966,302,181,230,29
967,302,181,230,29
968,302,189,233,53
948,303,189,233,53
949,303,181,230,29
950,303,181,230,29
951,303,181,230,29
952,303,181,230,29
953,303,181,230,29
954,303,181,230,29
955,303,181,230,29
956,303,181,230,29
957,303,181,230,29
958,303,181,230,29
959,303,181,230,29
960,303,181,230,29
961,303,181,230,29
962,303,181,230,29
963,303,181,230,29
964,303,181,230,29
965,303,181,230,29
966,303,181,230,29
967,303,181,230,29
968,303,189,233,53
948,304,189,233,53
949,304,181,230,29
950,304,181,230,29
951,304,181,230,29
952,304,181,230,29
953,304,181,230,29
954,304,181,230,29
955,304,181,230,29
956,304,181,230,29
957,304,181,230,29
958,304,181,230,29
959,304,181,230,29
960,304,181,230,29
961,304,181,230,29
962,304,181,230,29
963,304,181,230,29
964,304,181,230,29
965,304,181,230,29
966,304,181,230,29
967,304,181,230,29
968,304,189,233,53
948,305,189,233,53
949,305,181,230,29
950,305,181,230,29
951,305,181,230,29
952,305,181,230,29
953,305,181,230,29
954,305,181,230,29
955,305,181,230,29
956,305,181,230,29
957,305,181,230,29
958,305,181,230,29
959,305,181,230,29
960,305,181,230,29
961,305,181,230,29
962,305,181,230,29
963,305,181,230,29
964,305,181,230,29
965,305,181,230,29
966,305,181,230,29
967,305,181,230,29
968,305,189,233,53
948,306,189,233,53
949,306,181,230,29
950,306,181,230,29
951,306,181,230,29
952,306,181,230,29
953,306,181,230,29
954,306,181,230,29
955,306,181,230,29
956,306,181,230,29
957,306,181,230,29
958,306,181,230,29
959,306,181,230,29
960,306,181,230,29
961,306,181,230,29
962,306,181,230,29
963,306,181,230,29
964,306,181,230,29
965,306,181,230,29
966,306,181,230,29
967,306,181,230,29
968,306,189,233,53
948,307,189,233,53
949,307,181,230,29
950,307,181,230,29
951,307,181,230,29
952,307,181,230,29
953,307,181,230,29
954,307,181,230,29
955,307,181,230,29
956,307,181,230,29
957,307,181,230,29
958,307,181,230,29
959,307,181,230,29
960,307,181,230,29
961,307,181,230,29
962,307,181,230,29
963,307,181,230,29
964,307,181,230,29
965,307,181,230,29
966,307,181,230,29
967,307,181,230,29
968,307,189,233,53
948,308,189,233,53
949,308,181,230,29
950,308,181,230,29
951,308,181,230,29
952,308,181,230,29
953,308,181,230,29
954,308,181,230,29
955,308,181,230,29
956,308,181,230,29
957,308,181,230,29
958,308,181,230,29
959,308,181,230,29
960,308,181,230,29
961,308,181,230,29
962,308,181,230,29
963,308,181,230,29
964,308,181,230,29
965,308,181,230,29
966,308,181,230,29
967,308,181,230,29
968,308,189,233,53
948,309,189,233,53
949,309,181,230,29
950,309,181,230,29
951,309,181,230,29
952,309,181,230,29
953,309,181,230,29
954,309,181,230,29
955,309,181,230,29
956,309,181,230,29
957,309,181,230,29
958,309,181,230,29
959,309,181,230,29
960,309,181,230,29
961,309,181,230,29
962,309,181,230,29
963,309,181,230,29
964,309,181,230,29
965,309,181,230,29
966,309,181,230,29
967,309,181,230,29
968,309,189,233,53
948,310,189,233,53
949,310,181,230,29
950,310,181,230,29
951,310,181,230,29
952,310,181,230,29
953,310,181,230,29
954,310,181,230,29
955,310,181,230,29
956,310,181,230,29
957,310,181,230,29
958,310,181,230,29
959,310,181,230,29
960,310,181,230,29
961,310,181,230,29
962,310,181,230,29
963,310,181,230,29
964,310,181,230,29
965,310,181,230,29
966,310,181,230,29
967,310,181,230,29
968,310,188,232,51
948,311,188,232,51
949,311,181,230,29
950,311,181,230,29
951,311,181,230,29
952,311,181,230,29
953,311,181,230,29
954,311,181,230,29
955,311,181,230,29
956,311,181,230,29
957,311,181,230,29
958,311,181,230,29
959,311,181,230,29
960,311,181,230,29
961,311,181,230,29
962,311,181,230,29
963,311,181,230,29
964,311,181,230,29
965,311,181,230,29
966,311,181,230,29
967,311,181,230,29
968,311,182,230,32
969,311,195,235,72
947,312,195,235,72
948,312,182,230,32
949,312,181,230,29
950,312,181,230,29
951,312,181,230,29
952,312,181,230,29
953,312,181,230,29
954,312,181,230,29
955,312,181,230,29
956,312,181,230,29
957,312,181,230,29
958,312,181,230,29
959,312,181,230,29
960,312,181,230,29
961,312,181,230,29
962,312,181,230,29
963,312,181,230,29
964,312,181,230,29
965,312,181,230,29
966,312,181,230,29
967,312,181,230,29
968,312,181,230,29
969,312,189,233,53
947,313,189,233,53
948,313,181,230,29
949,313,181,230,29
950,313,181,230,29
951,313,181,230,29
952,313,181,230,29
953,313,181,230,29
954,313,181,230,29
955,313,181,230,29
956,313,181,230,29
957,313,181,230,29
958,313,181,230,29
959,313,181,230,29
960,313,181,230,29
961,313,181,230,29
962,313,181,230,29
963,313,181,230,29
964,313,181,230,29
965,313,181,230,29
966,313,181,230,29
967,313,181,230,29
968,313,181,230,29
969,313,189,233,53
947,314,189,233,53
948,314,181,230,29
949,314,181,230,29
950,314,181,230,29
951,314,181,230,29
952,314,181,230,29
953,314,181,230,29
954,314,181,230,29
955,314,181,230,29
956,314,181,230,29
957,314,181,230,29
958,314,181,230,29
959,314,181,230,29
960,314,181,230,29
961,314,181,230,29
962,314,181,230,29
963,314,181,230,29
964,314,181,230,29
965,314,181,230,29
966,314,181,230,29
967,314,181,230,29
968,314,181,230,29
969,314,189,233,53
947,315,189,233,53
948,315,181,230,29
949,315,181,230,29
950,315,181,230,29
951,315,181,230,29
952,315,181,230,29
953,315,181,230,29
954,315,181,230,29
955,315,181,230,29
956,315,181,230,29
957,315,181,230,29
958,315,181,230,29
959,315,181,230,29
960,315,181,230,29
961,315,181,230,29
962,315,181,230,29
963,315,181,230,29
964,315,181,230,29
965,315,181,230,29
966,315,181,230,29
967,315,181,230,29
968,315,181,230,29
969,315,189,233,53
947,316,189,233,53
948,316,181,230,29
949,316,181,230,29
950,316,181,230,29
951,316,181,230,29
952,316,181,230,29
953,316,181,230,29
954,316,181,230,29
955,316,181,230,29
956,316,181,230,29
957,316,181,230,29
958,316,181,230,29
959,316,181,230,29
960,316,181,230,29
961,316,181,230,29
962,316,181,230,29
963,316,181,230,29
964,316,181,230,29
965,316,181,230,29
966,316,181,230,29
967,316,181,230,29
968,316,181,230,29
969,316,189,233,53
947,317,189,233,53
948,317,181,230,29
949,317,181,230,29
950,317,181,230,29
951,317,181,230,29
952,317,181,230,29
953,317,181,230,29
954,317,181,230,29
955,317,181,230,29
956,317,181,230,29
957,317,181,230,29
958,317,181,230,29
959,317,181,230,29
960,317,181,230,29
961,317,181,230,29
962,317,181,230,29
963,317,181,230,29
964,317,181,230,29
965,317,181,230,29
966,317,181,230,29
967,317,181,230,29
968,317,181,230,29
969,317,189,233,53
947,318,189,233,53
948,318,181,230,29
949,318,181,230,29
950,318,181,230,29
951,318,181,230,29
952,318,181,230,29
953,318,181,230,29
954,318,181,230,29
955,318,181,230,29
956,318,181,230,29
957,318,181,230,29
958,318,181,230,29
959,318,181,230,29
960,318,181,230,29
961,318,181,230,29
962,318,181,230,29
963,318,181,230,29
964,318,181,230,29
965,318,181,230,29
966,318,181,230,29
967,318,181,230,29
968,318,181,230,29
969,318,189,233,53
947,319,189,233,53
948,319,181,230,29
949,319,181,230,29
950,319,181,230,29
951,319,181,230,29
952,319,181,230,29
953,319,181,230,29
954,319,181,230,29
955,319,181,230,29
956,319,181,230,29
957,319,181,230,29
958,319,181,230,29
959,319,181,230,29
960,319,181,230,29
961,319,181,230,29
962,319,181,230,29
963,319,181,230,29
964,319,181,230,29
965,319,181,230,29
966,319,181,230,29
967,319,181,230,29
968,319,181,230,29
969,319,189,233,53
947,320,189,233,53
948,320,181,230,29
949,320,181,230,29
950,320,181,230,29
951,320,181,230,29
952,320,181,230,29
953,320,181,230,29
954,320,181,230,29
955,320,181,230,29
956,320,181,230,29
957,320,181,230,29
958,320,181,230,29
959,320,181,230,29
960,320,181,230,29
961,320,181,230,29
962,320,181,230,29
963,320,181,230,29
964,320,181,230,29
965,320,181,230,29
966,320,181,230,29
967,320,181,230,29
968,320,181,230,29
969,320,189,233,53
947,321,189,233,53
948,321,181,230,29
949,321,181,230,29
950,321,181,230,29
951,321,181,230,29
952,321,181,230,29
953,321,181,230,29
954,321,181,230,29
955,321,181,230,29
956,321,181,230,29
957,321,181,230,29
958,321,181,230,29
959,321,181,230,29
960,321,181,230,29
961,321,181,230,29
962,321,181,230,29
963,321,181,230,29
964,321,181,230,29
965,321,181,230,29
966,321,181,230,29
967,321,181,230,29
968,321,181,230,29
969,321,189,233,53
947,322,189,233,53
948,322,181,230,29
949,322,181,230,29
950,322,181,230,29
951,322,181,230,29
952,322,181,230,29
953,322,181,230,29
954,322,181,230,29
955,322,181,230,29
956,322,181,230,29
957,322,181,230,29
958,322,181,230,29
959,322,181,230,29
960,322,181,230,29
961,322,181,230,29
962,322,181,230,29
963,322,181,230,29
964,322,181,230,29
965,322,181,230,29
966,322,181,230,29
967,322,181,230,29
968,322,181,230,29
969,322,189,233,53
947,323,189,233,53
948,323,181,230,29
949,323,181,230,29
950,323,181,230,29
951,323,181,230,29
952,323,181,230,29
953,323,181,230,29
954,323,181,230,29
955,323,181,230,29
956,323,181,230,29
957,323,181,230,29
958,323,181,230,29
959,323,181,230,29
960,323,181,230,29
961,323,181,230,29
962,323,181,230,29
963,323,181,230,29
964,323,181,230,29
965,323,181,230,29
966,323,181,230,29
967,323,181,230,29
968,323,181,230,29
969,323,189,233,53
947,324,189,233,53
948,324,181,230,29
949,324,181,230,29
950,324,181,230,29
951,324,181,230,29
952,324,181,230,29
953,324,181,230,29
954,324,181,230,29
955,324,181,230,29
956,324,181,230,29
957,324,181,230,29
958,324,181,230,29
959,324,181,230,29
960,324,181,230,29
961,324,181,230,29
962,324,181,230,29
963,324,181,230,29
964,324,181,230,29
965,324,181,230,29
966,324,181,230,29
967,324,181,230,29
968,324,181,230,29
969,324,189,233,53
947,325,189,233,53
948,325,181,230,29
949,325,181,230,29
950,325,181,230,29
951,325,181,230,29
952,325,181,230,29
953,325,181,230,29
954,325,181,230,29
955,325,181,230,29
956,325,181,230,29
957,325,181,230,29
958,325,181,230,29
959,325,181,230,29
960,325,181,230,29
961,325,181,230,29
962,325,181,230,29
963,325,181,230,29
964,325,181,230,29
965,325,181,230,29
966,325,181,230,29
967,325,181,230,29
968,325,181,230,29
969,325,189,233,53
947,326,195,235,72
948,326,182,230,32
949,326,181,230,29
950,326,181,230,29
951,326,181,230,29
952,326,181,230,29
953,326,181,230,29
954,326,181,230,29
955,326,181,230,29
956,326,181,230,29
957,326,181,230,29
958,326,181,230,29
959,326,181,230,29
960,326,181,230,29
961,326,181,230,29
962,326,181,230,29
963,326,181,230,29
964,326,181,230,29
965,326,181,230,29
966,326,181,230,29
967,326,181,230,29
968,326,181,230,29
969,326,189,233,53
948,327,188,232,51
949,327,181,230,29
950,327,181,230,29
951,327,181,230,29
952,327,181,230,29
953,327,181,230,29
954,327,181,230,29
955,327,181,230,29
956,327,181,230,29
957,327,181,230,29
958,327,181,230,29
959,327,181,230,29
960,327,181,230,29
961,327,181,230,29
962,327,181,230,29
963,327,181,230,29
964,327,181,230,29
965,327,181,230,29
966,327,181,230,29
967,327,181,230,29
968,327,181,230,29
969,327,189,233,53
948,328,189,233,53
949,328,181,230,29
950,328,181,230,29
951,328,181,230,29
952,328,181,230,29
953,328,181,230,29
954,328,181,230,29
955,328,181,230,29
956,328,181,230,29
957,328,181,230,29
958,328,181,230,29
959,328,181,230,29
960,328,181,230,29
961,328,181,230,29
962,328,181,230,29
963,328,181,230,29
964,328,181,230,29
965,328,181,230,29
966,328,181,230,29
967,328,181,230,29
968,328,182,230,32
969,328,195,235,72
948,329,189,233,53
949,329,181,230,29
950,329,181,230,29
951,329,181,230,29
952,329,181,230,29
953,329,181,230,29
954,329,181,230,29
955,329,181,230,29
956,329,181,230,29
957,329,181,230,29
958,329,181,230,29
959,329,181,230,29
960,329,181,230,29
961,329,181,230,29
962,329,181,230,29
963,329,181,230,29
964,329,181,230,29
965,329,181,230,29
966,329,181,230,29
967,329,181,230,29
968,329,188,232,51
948,330,189,233,53
949,330,181,230,29
950,330,181,230,29
951,330,181,230,29
952,330,181,230,29
953,330,181,230,29
954,330,181,230,29
955,330,181,230,29
956,330,181,230,29
957,330,181,230,29
958,330,181,230,29
959,330,181,230,29
960,330,181,230,29
961,330,181,230,29
962,330,181,230,29
963,330,181,230,29
964,330,181,230,29
965,330,181,230,29
966,330,181,230,29
967,330,181,230,29
968,330,189,233,53
948,331,189,233,53
949,331,181,230,29
950,331,181,230,29
951,331,181,230,29
952,331,181,230,29
953,331,181,230,29
954,331,181,230,29
955,331,181,230,29
956,331,181,230,29
957,331,181,230,29
958,331,181,230,29
959,331,181,230,29
960,331,181,230,29
961,331,181,230,29
962,331,181,230,29
963,331,181,230,29
964,331,181,230,29
965,331,181,230,29
966,331,181,230,29
967,331,181,230,29
968,331,189,233,53
948,332,189,233,53
949,332,181,230,29
950,332,181,230,29
951,332,181,230,29
952,332,181,230,29
953,332,181,230,29
954,332,181,230,29
955,332,181,230,29
956,332,181,230,29
957,332,181,230,29
958,332,181,230,29
959,332,181,230,29
960,332,181,230,29
961,332,181,230,29
962,332,181,230,29
963,332,181,230,29
964,332,181,230,29
965,332,181,230,29
966,332,181,230,29
967,332,181,230,29
968,332,189,233,53
948,333,189,233,53
949,333,181,230,29
950,333,181,230,29
951,333,181,230,29
952,333,181,230,29
953,333,181,230,29
954,333,181,230,29
955,333,181,230,29
956,333,181,230,29
957,333,181,230,29
958,333,181,230,29
959,333,181,230,29
960,333,181,230,29
961,333,181,230,29
962,333,181,230,29
963,333,181,230,29
964,333,181,230,29
965,333,181,230,29
966,333,181,230,29
967,333,181,230,29
968,333,189,233,53
948,334,189,233,53
949,334,181,230,29
950,334,181,230,29
951,334,181,230,29
952,334,181,230,29
953,334,181,230,29
954,334,181,230,29
955,334,181,230,29
956,334,181,230,29
957,334,181,230,29
958,334,181,230,29
959,334,181,230,29
960,334,181,230,29
961,334,181,230,29
962,334,181,230,29
963,334,181,230,29
964,334,181,230,29
965,334,181,230,29
966,334,181,230,29
967,334,181,230,29
968,334,189,233,53
948,335,189,233,53
949,335,181,230,29
950,335,181,230,29
951,335,181,230,29
952,335,181,230,29
953,335,181,230,29
954,335,181,230,29
955,335,181,230,29
956,335,181,230,29
957,335,181,230,29
958,335,181,230,29
959,335,181,230,29
960,335,181,230,29
961,335,181,230,29
962,335,181,230,29
963,335,181,230,29
964,335,181,230,29
965,335,181,230,29
966,335,181,230,29
967,335,181,230,29
968,335,189,233,53
948,336,189,233,53
949,336,181,230,29
950,336,181,230,29
951,336,181,230,29
952,336,181,230,29
953,336,181,230,29
954,336,181,230,29
955,336,181,230,29
956,336,181,230,29
957,336,181,230,29
958,336,181,230,29
959,336,181,230,29
960,336,181,230,29
961,336,181,230,29
962,336,181,230,29
963,336,181,230,29
964,336,181,230,29
965,336,181,230,29
966,336,181,230,29
967,336,181,230,29
968,336,189,233,53
948,337,189,233,53
949,337,181,230,29
950,337,181,230,29
951,337,181,230,29
952,337,181,230,29
953,337,181,230,29
954,337,181,230,29
955,337,181,230,29
956,337,181,230,29
957,337,181,230,29
958,337,181,230,29
959,337,181,230,29
960,337,181,230,29
961,337,181,230,29
962,337,181,230,29
963,337,181,230,29
964,337,181,230,29
965,337,181,230,29
966,337,181,230,29
967,337,181,230,29
968,337,189,233,53
948,338,189,233,53
949,338,181,230,29
950,338,181,230,29
951,338,181,230,29
952,338,181,230,29
953,338,181,230,29
954,338,181,230,29
955,338,181,230,29
956,338,181,230,29
957,338,181,230,29
958,338,181,230,29
959,338,181,230,29
960,338,181,230,29
961,338,181,230,29
962,338,181,230,29
963,338,181,230,29
964,338,181,230,29
965,338,181,230,29
966,338,181,230,29
967,338,181,230,29
968,338,189,233,53
948,339,189,233,53
949,339,181,230,29
950,339,181,230,29
951,339,181,230,29
952,339,181,230,29
953,339,181,230,29
954,339,181,230,29
955,339,181,230,29
956,339,181,230,29
957,339,181,230,29
958,339,181,230,29
959,339,181,230,29
960,339,181,230,29
961,339,181,230,29
962,339,181,230,29
963,339,181,230,29
964,339,181,230,29
965,339,181,230,29
966,339,181,230,29
967,339,181,230,29
968,339,189,233,53
948,340,189,233,53
949,340,181,230,29
950,340,181,230,29
951,340,181,230,29
952,340,181,230,29
953,340,181,230,29
954,340,181,230,29
955,340,181,230,29
956,340,181,230,29
957,340,181,230,29
958,340,181,230,29
959,340,181,230,29
960,340,181,230,29
961,340,181,230,29
962,340,181,230,29
963,340,181,230,29
964,340,181,230,29
965,340,181,230,29
966,340,181,230,29
967,340,181,230,29
968,340,189,233,53
948,341,189,233,53
949,341,181,230,29
950,341,181,230,29
951,341,181,230,29
952,341,181,230,29
953,341,181,230,29
954,341,181,230,29
955,341,181,230,29
956,341,181,230,29
957,341,181,230,29
958,341,181,230,29
959,341,181,230,29
960,341,181,230,29
961,341,181,230,29
962,341,181,230,29
963,341,181,230,29
964,341,181,230,29
965,341,181,230,29
966,341,181,230,29
967,341,181,230,29
968,341,189,233,53
948,342,189,233,53
949,342,181,230,29
950,342,181,230,29
951,342,181,230,29
952,342,181,230,29
953,342,181,230,29
954,342,181,230,29
955,342,181,230,29
956,342,181,230,29
957,342,181,230,29
958,342,181,230,29
959,342,181,230,29
960,342,181,230,29
961,342,181,230,29
962,342,181,230,29
963,342,181,230,29
964,342,181,230,29
965,342,181,230,29
966,342,181,230,29
967,342,181,230,29
968,342,189,233,53
948,343,189,233,53
949,343,181,230,29
950,343,181,230,29
951,343,181,230,29
952,343,181,230,29
953,343,181,230,29
954,343,181,230,29
955,343,181,230,29
956,343,181,230,29
957,343,181,230,29
958,343,181,230,29
959,343,181,230,29
960,343,181,230,29
961,343,181,230,29
962,343,181,230,29
963,343,181,230,29
964,343,181,230,29
965,343,181,230,29
966,343,181,230,29
967,343,181,230,29
968,343,189,233,53
948,344,195,235,72
949,344,182,230,32
950,344,181,230,29
951,344,181,230,29
952,344,181,230,29
953,344,181,230,29
954,344,181,230,29
955,344,181,230,29
956,344,181,230,29
957,344,181,230,29
958,344,181,230,29
959,344,181,230,29
960,344,181,230,29
961,344,181,230,29
962,344,181,230,29
963,344,181,230,29
964,344,181,230,29
965,344,181,230,29
966,344,181,230,29
967,344,181,230,29
968,344,189,233,53
949,345,188,232,51
950,345,181,230,29
951,345,181,230,29
952,345,181,230,29
953,345,181,230,29
954,345,181,230,29
955,345,181,230,29
956,345,181,230,29
957,345,181,230,29
958,345,181,230,29
959,345,181,230,29
960,345,181,230,29
961,345,181,230,29
962,345,181,230,29
963,345,181,230,29
964,345,181,230,29
965,345,181,230,29
966,345,181,230,29
967,345,182,230,32
968,345,195,235,72
949,346,189,233,53
950,346,181,230,29
951,346,181,230,29
952,346,181,230,29
953,346,181,230,29
954,346,181,230,29
955,346,181,230,29
956,346,181,230,29
957,346,181,230,29
958,346,181,230,29
959,346,181,230,29
960,346,181,230,29
961,346,181,230,29
962,346,181,230,29
963,346,181,230,29
964,346,181,230,29
965,346,181,230,29
966,346,181,230,29
967,346,188,232,51
949,347,189,233,53
950,347,181,230,29
951,347,181,230,29
952,347,181,230,29
953,347,181,230,29
954,347,181,230,29
955,347,181,230,29
956,347,181,230,29
957,347,181,230,29
958,347,181,230,29
959,347,181,230,29
960,347,181,230,29
961,347,181,230,29
962,347,181,230,29
963,347,181,230,29
964,347,181,230,29
965,347,181,230,29
966,347,181,230,29
967,347,189,233,53
949,348,189,233,53
950,348,181,230,29
951,348,181,230,29
952,348,181,230,29
953,348,181,230,29
954,348,181,230,29
955,348,181,230,29
956,348,181,230,29
957,348,181,230,29
958,348,181,230,29
959,348,181,230,29
960,348,181,230,29
961,348,181,230,29
962,348,181,230,29
963,348,181,230,29
964,348,181,230,29
965,348,181,230,29
966,348,181,230,29
967,348,189,233,53
949,349,189,233,53
950,349,181,230,29
951,349,181,230,29
952,349,181,230,29
953,349,181,230,29
954,349,181,230,29
955,349,181,230,29
956,349,181,230,29
957,349,181,230,29
958,349,181,230,29
959,349,181,230,29
960,349,181,230,29
961,349,181,230,29
962,349,181,230,29
963,349,181,230,29
964,349,181,230,29
965,349,181,230,29
966,349,181,230,29
967,349,189,233,53
949,350,189,233,53
950,350,181,230,29
951,350,181,230,29
952,350,181,230,29
953,350,181,230,29
954,350,181,230,29
955,350,181,230,29
956,350,181,230,29
957,350,181,230,29
958,350,181,230,29
959,350,181,230,29
960,350,181,230,29
961,350,181,230,29
962,350,181,230,29
963,350,181,230,29
964,350,181,230,29
965,350,181,230,29
966,350,181,230,29
967,350,189,233,53
949,351,189,233,53
950,351,181,230,29
951,351,181,230,29
952,351,181,230,29
953,351,181,230,29
954,351,181,230,29
955,351,181,230,29
956,351,181,230,29
957,351,181,230,29
958,351,181,230,29
959,351,181,230,29
960,351,181,230,29
961,351,181,230,29
962,351,181,230,29
963,351,181,230,29
964,351,181,230,29
965,351,181,230,29
966,351,181,230,29
967,351,189,233,53
949,352,189,233,53
950,352,181,230,29
951,352,181,230,29
952,352,181,230,29
953,352,181,230,29
954,352,181,230,29
955,352,181,230,29
956,352,181,230,29
957,352,181,230,29
958,352,181,230,29
959,352,181,230,29
960,352,181,230,29
961,352,181,230,29
962,352,181,230,29
963,352,181,230,29
964,352,181,230,29
965,352,181,230,29
966,352,181,230,29
967,352,189,233,53
949,353,189,233,53
950,353,181,230,29
951,353,181,230,29
952,353,181,230,29
953,353,181,230,29
954,353,181,230,29
955,353,181,230,29
956,353,181,230,29
957,353,181,230,29
958,353,181,230,29
959,353,181,230,29
960,353,181,230,29
961,353,181,230,29
962,353,181,230,29
963,353,181,230,29
964,353,181,230,29
965,353,181,230,29
966,353,181,230,29
967,353,189,233,53
949,354,189,233,53
950,354,181,230,29
951,354,181,230,29
952,354,181,230,29
953,354,181,230,29
954,354,181,230,29
955,354,181,230,29
956,354,181,230,29
957,354,181,230,29
958,354,181,230,29
959,354,181,230,29
960,354,181,230,29
961,354,181,230,29
962,354,181,230,29
963,354,181,230,29
964,354,181,230,29
965,354,181,230,29
966,354,181,230,29
967,354,189,233,53
949,355,189,233,53
950,355,181,230,29
951,355,181,230,29
952,355,181,230,29
953,355,181,230,29
954,355,181,230,29
955,355,181,230,29
956,355,181,230,29
957,355,181,230,29
958,355,181,230,29
959,355,181,230,29
960,355,181,230,29
961,355,181,230,29
962,355,181,230,29
963,355,181,230,29
964,355,181,230,29
965,355,181,230,29
966,355,181,230,29
967,355,189,233,53
949,356,189,233,53
950,356,181,230,29
951,356,181,230,29
952,356,181,230,29
953,356,181,230,29
954,356,181,230,29
955,356,181,230,29
956,356,181,230,29
957,356,181,230,29
958,356,181,230,29
959,356,181,230,29
960,356,181,230,29
961,356,181,230,29
962,356,181,230,29
963,356,181,230,29
964,356,181,230,29
965,356,181,230,29
966,356,181,230,29
967,356,189,233,53
949,357,189,233,53
950,357,181,230,29
951,357,181,230,29
952,357,181,230,29
953,357,181,230,29
954,357,181,230,29
955,357,181,230,29
956,357,181,230,29
957,357,181,230,29
958,357,181,230,29
959,357,181,230,29
960,357,181,230,29
961,357,181,230,29
962,357,181,230,29
963,357,181,230,29
964,357,181,230,29
965,357,181,230,29
966,357,181,230,29
967,357,189,233,53
949,358,189,233,53
950,358,181,230,29
951,358,181,230,29
952,358,181,230,29
953,358,181,230,29
954,358,181,230,29
955,358,181,230,29
956,358,181,230,29
957,358,181,230,29
958,358,181,230,29
959,358,181,230,29
960,358,181,230,29
961,358,181,230,29
962,358,181,230,29
963,358,181,230,29
964,358,181,230,29
965,358,181,230,29
966,358,181,230,29
967,358,189,233,53
949,359,189,233,53
950,359,181,230,29
951,359,181,230,29
952,359,181,230,29
953,359,181,230,29
954,359,181,230,29
955,359,181,230,29
956,359,181,230,29
957,359,181,230,29
958,359,181,230,29
959,359,181,230,29
960,359,181,230,29
961,359,181,230,29
962,359,181,230,29
963,359,181,230,29
964,359,181,230,29
965,359,181,230,29
966,359,181,230,29
967,359,189,233,53
949,360,189,233,53
950,360,181,230,29
951,360,181,230,29
952,360,181,230,29
953,360,181,230,29
954,360,181,230,29
955,360,181,230,29
956,360,181,230,29
957,360,181,230,29
958,360,181,230,29
959,360,181,230,29
960,360,181,230,29
961,360,181,230,29
962,360,181,230,29
963,360,181,230,29
964,360,181,230,29
965,360,181,230,29
966,360,181,230,29
967,360,189,233,53
949,361,189,233,53
950,361,181,230,29
951,361,181,230,29
952,361,181,230,29
953,361,181,230,29
954,361,181,230,29
955,361,181,230,29
956,361,181,230,29
957,361,181,230,29
958,361,181,230,29
959,361,181,230,29
960,361,181,230,29
961,361,181,230,29
962,361,181,230,29
963,361,181,230,29
964,361,181,230,29
965,361,181,230,29
966,361,181,230,29
967,361,189,233,53
949,362,195,235,72
950,362,182,230,32
951,362,181,230,29
952,362,181,230,29
953,362,181,230,29
954,362,181,230,29
955,362,181,230,29
956,362,181,230,29
957,362,181,230,29
958,362,181,230,29
959,362,181,230,29
960,362,181,230,29
961,362,181,230,29
962,362,181,230,29
963,362,181,230,29
964,362,181,230,29
965,362,181,230,29
966,362,181,230,29
967,362,189,233,53
950,363,188,232,51
951,363,181,230,29
952,363,181,230,29
953,363,181,230,29
954,363,181,230,29
955,363,181,230,29
956,363,181,230,29
957,363,181,230,29
958,363,181,230,29
959,363,181,230,29
960,363,181,230,29
961,363,181,230,29
962,363,181,230,29
963,363,181,230,29
964,363,181,230,29
965,363,181,230,29
966,363,182,230,32
967,363,195,235,72
950,364,189,233,53
951,364,181,230,29
952,364,181,230,29
953,364,181,230,29
954,364,181,230,29
955,364,181,230,29
956,364,181,230,29
957,364,181,230,29
958,364,181,230,29
959,364,181,230,29
960,364,181,230,29
961,364,181,230,29
962,364,181,230,29
963,364,181,230,29
964,364,181,230,29
965,364,181,230,29
966,364,188,232,51
950,365,189,233,53
951,365,181,230,29
952,365,181,230,29
953,365,181,230,29
954,365,181,230,29
955,365,181,230,29
956,365,181,230,29
957,365,181,230,29
958,365,181,230,29
959,365,181,230,29
960,365,181,230,29
961,365,181,230,29
962,365,181,230,29
963,365,181,230,29
964,365,181,230,29
965,365,181,230,29
966,365,189,233,53
950,366,189,233,53
951,366,181,230,29
952,366,181,230,29
953,366,181,230,29
954,366,181,230,29
955,366,181,230,29
956,366,181,230,29
957,366,181,230,29
958,366,181,230,29
959,366,181,230,29
960,366,181,230,29
961,366,181,230,29
962,366,181,230,29
963,366,181,230,29
964,366,181,230,29
965,366,181,230,29
966,366,189,233,53
950,367,189,233,53
951,367,181,230,29
952,367,181,230,29
953,367,181,230,29
954,367,181,230,29
955,367,181,230,29
956,367,181,230,29
957,367,181,230,29
958,367,181,230,29
959,367,181,230,29
960,367,181,230,29
961,367,181,230,29
962,367,181,230,29
963,367,181,230,29
964,367,181,230,29
965,367,181,230,29
966,367,189,233,53
950,368,189,233,53
951,368,181,230,29
952,368,181,230,29
953,368,181,230,29
954,368,181,230,29
955,368,181,230,29
956,368,181,230,29
957,368,181,230,29
958,368,181,230,29
959,368,181,230,29
960,368,181,230,29
961,368,181,230,29
962,368,181,230,29
963,368,181,230,29
964,368,181,230,29
965,368,181,230,29
966,368,189,233,53
950,369,189,233,53
951,369,181,230,29
952,369,181,230,29
953,369,181,230,29
954,369,181,230,29
955,369,181,230,29
956,369,181,230,29
957,369,181,230,29
958,369,181,230,29
959,369,181,230,29
960,369,181,230,29
961,369,181,230,29
962,369,181,230,29
963,369,181,230,29
964,369,181,230,29
965,369,181,230,29
966,369,189,233,53
950,370,189,233,53
951,370,181,230,29
952,370,181,230,29
953,370,181,230,29
954,370,181,230,29
955,370,181,230,29
956,370,181,230,29
957,370,181,230,29
958,370,181,230,29
959,370,181,230,29
960,370,181,230,29
961,370,181,230,29
962,370,181,230,29
963,370,181,230,29
964,370,181,230,29
965,370,181,230,29
966,370,189,233,53
950,371,189,233,53
951,371,181,230,29
952,371,181,230,29
953,371,181,230,29
954,371,181,230,29
955,371,181,230,29
956,371,181,230,29
957,371,181,230,29
958,371,181,230,29
959,371,181,230,29
960,371,181,230,29
961,371,181,230,29
962,371,181,230,29
963,371,181,230,29
964,371,181,230,29
965,371,181,230,29
966,371,189,233,53
950,372,189,233,53
951,372,181,230,29
952,372,181,230,29
953,372,181,230,29
954,372,181,230,29
955,372,181,230,29
956,372,181,230,29
957,372,181,230,29
958,372,181,230,29
959,372,181,230,29
960,372,181,230,29
961,372,181,230,29
962,372,181,230,29
963,372,181,230,29
964,372,181,230,29
965,372,181,230,29
966,372,189,233,53
950,373,189,233,53
951,373,181,230,29
952,373,181,230,29
953,373,181,230,29
954,373,181,230,29
955,373,181,230,29
956,373,181,230,29
957,373,181,230,29
958,373,181,230,29
959,373,181,230,29
960,373,181,230,29
961,373,181,230,29
962,373,181,230,29
963,373,181,230,29
964,373,181,230,29
965,373,181,230,29
966,373,189,233,53
950,374,189,233,53
951,374,181,230,29
952,374,181,230,29
953,374,181,230,29
954,374,181,230,29
955,374,181,230,29
956,374,181,230,29
957,374,181,230,29
958,374,181,230,29
959,374,181,230,29
960,374,181,230,29
961,374,181,230,29
962,374,181,230,29
963,374,181,230,29
964,374,181,230,29
965,374,181,230,29
966,374,189,233,53
950,375,189,233,53
951,375,181,230,29
952,375,181,230,29
953,375,181,230,29
954,375,181,230,29
955,375,181,230,29
956,375,181,230,29
957,375,181,230,29
958,375,181,230,29
959,375,181,230,29
960,375,181,230,29
961,375,181,230,29
962,375,181,230,29
963,375,181,230,29
964,375,181,230,29
965,375,181,230,29
966,375,189,233,53
950,376,189,233,53
951,376,181,230,29
952,376,181,230,29
953,376,181,230,29
954,376,181,230,29
955,376,181,230,29
956,376,181,230,29
957,376,181,230,29
958,376,181,230,29
959,376,181,230,29
960,376,181,230,29
961,376,181,230,29
962,376,181,230,29
963,376,181,230,29
964,376,181,230,29
965,376,181,230,29
966,376,189,233,53
950,377,189,233,53
951,377,181,230,29
952,377,181,230,29
953,377,181,230,29
954,377,181,230,29
955,377,181,230,29
956,377,181,230,29
957,377,181,230,29
958,377,181,230,29
959,377,181,230,29
960,377,181,230,29
961,377,181,230,29
962,377,181,230,29
963,377,181,230,29
964,377,181,230,29
965,377,181,230,29
966,377,189,233,53
950,378,189,233,53
951,378,181,230,29
952,378,181,230,29
953,378,181,230,29
954,378,181,230,29
955,378,181,230,29
956,378,181,230,29
957,378,181,230,29
958,378,181,230,29
959,378,181,230,29
960,378,181,230,29
961,378,181,230,29
962,378,181,230,29
963,378,181,230,29
964,378,181,230,29
965,378,181,230,29
966,378,189,233,53
950,379,195,235,72
951,379,182,230,32
952,379,181,230,29
953,379,181,230,29
954,379,181,230,29
955,379,181,230,29
956,379,181,230,29
957,379,181,230,29
958,379,181,230,29
959,379,181,230,29
960,379,181,230,29
961,379,181,230,29
962,379,181,230,29
963,379,181,230,29
964,379,181,230,29
965,379,181,230,29
966,379,189,233,53
951,380,188,232,51
952,380,181,230,29
953,380,181,230,29
954,380,181,230,29
955,380,181,230,29
956,380,181,230,29
957,380,181,230,29
958,380,181,230,29
959,380,181,230,29
960,380,181,230,29
961,380,181,230,29
962,380,181,230,29
963,380,181,230,29
964,380,181,230,29
965,380,181,230,29
966,380,189,233,53
951,381,189,233,53
952,381,181,230,29
953,381,181,230,29
954,381,181,230,29
955,381,181,230,29
956,381,181,230,29
957,381,181,230,29
958,381,181,230,29
959,381,181,230,29
960,381,181,230,29
961,381,181,230,29
962,381,181,230,29
963,381,181,230,29
964,381,181,230,29
965,381,182,230,32
966,381,195,235,72
951,382,189,233,53
952,382,181,230,29
953,382,181,230,29
954,382,181,230,29
955,382,181,230,29
956,382,181,230,29
957,382,181,230,29
958,382,181,230,29
959,382,181,230,29
960,382,181,230,29
961,382,181,230,29
962,382,181,230,29
963,382,181,230,29
964,382,181,230,29
965,382,188,232,51
951,383,189,233,53
952,383,181,230,29
953,383,181,230,29
954,383,181,230,29
955,383,181,230,29
956,383,181,230,29
957,383,181,230,29
958,383,181,230,29
959,383,181,230,29
960,383,181,230,29
961,383,181,230,29
962,383,181,230,29
963,383,181,230,29
964,383,181,230,29
965,383,189,233,53
951,384,189,233,53
952,384,181,230,29
953,384,181,230,29
954,384,181,230,29
955,384,181,230,29
956,384,181,230,29
957,384,181,230,29
958,384,181,230,29
959,384,181,230,29
960,384,181,230,29
961,384,181,230,29
962,384,181,230,29
963,384,181,230,29
964,384,181,230,29
965,384,189,233,53
951,385,189,233,53
952,385,181,230,29
953,385,181,230,29
954,385,181,230,29
955,385,181,230,29
956,385,181,230,29
957,385,181,230,29
958,385,181,230,29
959,385,181,230,29
960,385,181,230,29
961,385,181,230,29
962,385,181,230,29
963,385,181,230,29
964,385,181,230,29
965,385,189,233,53
951,386,189,233,53
952,386,181,230,29
953,386,181,230,29
954,386,181,230,29
955,386,181,230,29
956,386,181,230,29
957,386,181,230,29
958,386,181,230,29
959,386,181,230,29
960,386,181,230,29
961,386,181,230,29
962,386,181,230,29
963,386,181,230,29
964,386,181,230,29
965,386,189,233,53
951,387,189,233,53
952,387,181,230,29
953,387,181,230,29
954,387,181,230,29
955,387,181,230,29
956,387,181,230,29
957,387,181,230,29
958,387,181,230,29
959,387,181,230,29
960,387,181,230,29
961,387,181,230,29
962,387,181,230,29
963,387,181,230,29
964,387,181,230,29
965,387,189,233,53
951,388,189,233,53
952,388,181,230,29
953,388,181,230,29
954,388,181,230,29
955,388,181,230,29
956,388,181,230,29
957,388,181,230,29
958,388,181,230,29
959,388,181,230,29
960,388,181,230,29
961,388,181,230,29
962,388,181,230,29
963,388,181,230,29
964,388,181,230,29
965,388,189,233,53
951,389,189,233,53
952,389,181,230,29
953,389,181,230,29
954,389,181,230,29
955,389,181,230,29
956,389,181,230,29
957,389,181,230,29
958,389,181,230,29
959,389,181,230,29
960,389,181,230,29
961,389,181,230,29
962,389,181,230,29
963,389,181,230,29
964,389,181,230,29
965,389,189,233,53
951,390,189,233,53
952,390,181,230,29
953,390,181,230,29
954,390,181,230,29
955,390,181,230,29
956,390,181,230,29
957,390,181,230,29
958,390,181,230,29
959,390,181,230,29
960,390,181,230,29
961,390,181,230,29
962,390,181,230,29
963,390,181,230,29
964,390,181,230,29
965,390,189,233,53
951,391,189,233,53
952,391,181,230,29
953,391,181,230,29
954,391,181,230,29
955,391,181,230,29
956,391,181,230,29
957,391,181,230,29
958,391,181,230,29
959,391,181,230,29
960,391,181,230,29
961,391,181,230,29
962,391,181,230,29
963,391,181,230,29
964,391,181,230,29
965,391,189,233,53
951,392,189,233,53
952,392,181,230,29
953,392,181,230,29
954,392,181,230,29
955,392,181,230,29
956,392,181,230,29
957,392,181,230,29
958,392,181,230,29
959,392,181,230,29
960,392,181,230,29
961,392,181,230,29
962,392,181,230,29
963,392,181,230,29
964,392,181,230,29
965,392,189,233,53
951,393,189,233,53
952,393,181,230,29
953,393,181,230,29
954,393,181,230,29
955,393,181,230,29
956,393,181,230,29
957,393,181,230,29
958,393,181,230,29
959,393,181,230,29
960,393,181,230,29
961,393,181,230,29
962,393,181,230,29
963,393,181,230,29
964,393,181,230,29
965,393,189,233,53
951,394,189,233,53
952,394,181,230,29
953,394,181,230,29
954,394,181,230,29
955,394,181,230,29
956,394,181,230,29
957,394,181,230,29
958,394,181,230,29
959,394,181,230,29
960,394,181,230,29
961,394,181,230,29
962,394,181,230,29
963,394,181,230,29
964,394,181,230,29
965,394,189,233,53
951,395,189,233,53
952,395,181,230,29
953,395,181,230,29
954,395,181,230,29
955,395,181,230,29
956,395,181,230,29
957,395,181,230,29
958,395,181,230,29
959,395,181,230,29
960,395,181,230,29
961,395,181,230,29
962,395,181,230,29
963,395,181,230,29
964,395,181,230,29
965,395,189,233,53
951,396,189,233,53
952,396,181,230,29
953,396,181,230,29
954,396,181,230,29
955,396,181,230,29
956,396,181,230,29
957,396,181,230,29
958,396,181,230,29
959,396,181,230,29
960,396,181,230,29
961,396,181,230,29
962,396,181,230,29
963,396,181,230,29
964,396,181,230,29
965,396,189,233,53
951,397,195,235,72
952,397,182,230,32
953,397,181,230,29
954,397,181,230,29
955,397,181,230,29
956,397,181,230,29
957,397,181,230,29
958,397,181,230,29
959,397,181,230,29
960,397,181,230,29
961,397,181,230,29
962,397,181,230,29
963,397,181,230,29
964,397,181,230,29
965,397,189,233,53
952,398,188,232,51
953,398,181,230,29
954,398,181,230,29
955,398,181,230,29
956,398,181,230,29
957,398,181,230,29
958,398,181,230,29
959,398,181,230,29
960,398,181,230,29
961,398,181,230,29
962,398,181,230,29
963,398,181,230,29
964,398,182,230,32
965,398,195,235,72
952,399,189,233,53
953,399,181,230,29
954,399,181,230,29
955,399,181,230,29
956,399,181,230,29
957,399,181,230,29
958,399,181,230,29
959,399,181,230,29
960,399,181,230,29
961,399,181,230,29
962,399,181,230,29
963,399,181,230,29
964,399,188,232,51
952,400,189,233,53
953,400,181,230,29
954,400,181,230,29
955,400,181,230,29
956,400,181,230,29
957,400,181,230,29
958,400,181,230,29
959,400,181,230,29
960,400,181,230,29
961,400,181,230,29
962,400,181,230,29
963,400,181,230,29
964,400,189,233,53
952,401,189,233,53
953,401,181,230,29
954,401,181,230,29
955,401,181,230,29
956,401,181,230,29
957,401,181,230,29
958,401,181,230,29
959,401,181,230,29
960,401,181,230,29
961,401,181,230,29
962,401,181,230,29
963,401,181,230,29
964,401,189,233,53
952,402,189,233,53
953,402,181,230,29
954,402,181,230,29
955,402,181,230,29
956,402,181,230,29
957,402,181,230,29
958,402,181,230,29
959,402,181,230,29
960,402,181,230,29
961,402,181,230,29
962,402,181,230,29
963,402,181,230,29
964,402,189,233,53
952,403,189,233,53
953,403,181,230,29
954,403,181,230,29
955,403,181,230,29
956,403,181,230,29
957,403,181,230,29
958,403,181,230,29
959,403,181,230,29
960,403,181,230,29
961,403,181,230,29
962,403,181,230,29
963,403,181,230,29
964,403,189,233,53
952,404,189,233,53
953,404,181,230,29
954,404,181,230,29
955,404,181,230,29
956,404,181,230,29
957,404,181,230,29
958,404,181,230,29
959,404,181,230,29
960,404,181,230,29
961,404,181,230,29
962,404,181,230,29
963,404,181,230,29
964,404,189,233,53
952,405,189,233,53
953,405,181,230,29
954,405,181,230,29
955,405,181,230,29
956,405,181,230,29
957,405,181,230,29
958,405,181,230,29
959,405,181,230,29
960,405,181,230,29
961,405,181,230,29
962,405,181,230,29
963,405,181,230,29
964,405,189,233,53
952,406,189,233,53
953,406,181,230,29
954,406,181,230,29
955,406,181,230,29
956,406,181,230,29
957,406,181,230,29
958,406,181,230,29
959,406,181,230,29
960,406,181,230,29
961,406,181,230,29
962,406,181,230,29
963,406,181,230,29
964,406,189,233,53
952,407,189,233,53
953,407,181,230,29
954,407,181,230,29
955,407,181,230,29
956,407,181,230,29
957,407,181,230,29
958,407,181,230,29
959,407,181,230,29
960,407,181,230,29
961,407,181,230,29
962,407,181,230,29
963,407,181,230,29
964,407,189,233,53
952,408,189,233,53
953,408,181,230,29
954,408,181,230,29
955,408,181,230,29
956,408,181,230,29
957,408,181,230,29
958,408,181,230,29
959,408,181,230,29
960,408,181,230,29
961,408,181,230,29
962,408,181,230,29
963,408,181,230,29
964,408,189,233,53
952,409,189,233,53
953,409,181,230,29
954,409,181,230,29
955,409,181,230,29
956,409,181,230,29
957,409,181,230,29
958,409,181,230,29
959,409,181,230,29
960,409,181,230,29
961,409,181,230,29
962,409,181,230,29
963,409,181,230,29
964,409,189,233,53
952,410,189,233,53
953,410,181,230,29
954,410,181,230,29
955,410,181,230,29
956,410,181,230,29
957,410,181,230,29
958,410,181,230,29
959,410,181,230,29
960,410,181,230,29
961,410,181,230,29
962,410,181,230,29
963,410,181,230,29
964,410,189,233,53
952,411,189,233,53
953,411,181,230,29
954,411,181,230,29
955,411,181,230,29
956,411,181,230,29
957,411,181,230,29
958,411,181,230,29
959,411,181,230,29
960,411,181,230,29
961,411,181,230,29
962,411,181,230,29
963,411,181,230,29
964,411,189,233,53
952,412,189,233,53
953,412,181,230,29
954,412,181,230,29
955,412,181,230,29
956,412,181,230,29
957,412,181,230,29
958,412,181,230,29
959,412,181,230,29
960,412,181,230,29
961,412,181,230,29
962,412,181,230,29
963,412,181,230,29
964,412,189,233,53
952,413,189,233,53
953,413,181,230,29
954,413,181,230,29
955,413,181,230,29
956,413,181,230,29
957,413,181,230,29
958,413,181,230,29
959,413,181,230,29
960,413,181,230,29
961,413,181,230,29
962,413,181,230,29
963,413,181,230,29
964,413,189,233,53
952,414,189,233,53
953,414,181,230,29
954,414,181,230,29
955,414,181,230,29
956,414,181,230,29
957,414,181,230,29
958,414,181,230,29
959,414,181,230,29
960,414,181,230,29
961,414,181,230,29
962,414,181,230,29
963,414,181,230,29
964,414,189,233,53
952,415,195,235,72
953,415,182,230,32
954,415,181,230,29
955,415,181,230,29
956,415,181,230,29
957,415,181,230,29
958,415,181,230,29
959,415,181,230,29
960,415,181,230,29
961,415,181,230,29
962,415,181,230,29
963,415,181,230,29
964,415,189,233,53
953,416,188,232,51
954,416,181,230,29
955,416,181,230,29
956,416,181,230,29
957,416,181,230,29
958,416,181,230,29
959,416,181,230,29
960,416,181,230,29
961,416,181,230,29
962,416,181,230,29
963,416,182,230,32
964,416,195,235,72
953,417,189,233,53
954,417,181,230,29
955,417,181,230,29
956,417,181,230,29
957,417,181,230,29
958,417,181,230,29
959,417,181,230,29
960,417,181,230,29
961,417,181,230,29
962,417,181,230,29
963,417,188,232,51
953,418,189,233,53
954,418,181,230,29
955,418,181,230,29
956,418,181,230,29
957,418,181,230,29
958,418,181,230,29
959,418,181,230,29
960,418,181,230,29
961,418,181,230,29
962,418,181,230,29
963,418,189,233,53
953,419,189,233,53
954,419,181,230,29
955,419,181,230,29
956,419,181,230,29
957,419,181,230,29
958,419,181,230,29
959,419,181,230,29
960,419,181,230,29
961,419,181,230,29
962,419,181,230,29
963,419,189,233,53
953,420,189,233,53
954,420,181,230,29
955,420,181,230,29
956,420,181,230,29
957,420,181,230,29
958,420,181,230,29
959,420,181,230,29
960,420,181,230,29
961,420,181,230,29
962,420,181,230,29
963,420,189,233,53
953,421,189,233,53
954,421,181,230,29
955,421,181,230,29
956,421,181,230,29
957,421,181,230,29
958,421,181,230,29
959,421,181,230,29
960,421,181,230,29
961,421,181,230,29
962,421,181,230,29
963,421,189,233,53
953,422,189,233,53
954,422,181,230,29
955,422,181,230,29
956,422,181,230,29
957,422,181,230,29
958,422,181,230,29
959,422,181,230,29
960,422,181,230,29
961,422,181,230,29
962,422,181,230,29
963,422,189,233,53
953,423,189,233,53
954,423,181,230,29
955,423,181,230,29
956,423,181,230,29
957,423,181,230,29
958,423,181,230,29
959,423,181,230,29
960,423,181,230,29
961,423,181,230,29
962,423,181,230,29
963,423,189,233,53
953,424,189,233,53
954,424,181,230,29
955,424,181,230,29
956,424,181,230,29
957,424,181,230,29
958,424,181,230,29
959,424,181,230,29
960,424,181,230,29
961,424,181,230,29
962,424,181,230,29
963,424,189,233,53
953,425,189,233,53
954,425,181,230,29
955,425,181,230,29
956,425,181,230,29
957,425,181,230,29
958,425,181,230,29
959,425,181,230,29
960,425,181,230,29
961,425,181,230,29
962,425,181,230,29
963,425,189,233,53
953,426,189,233,53
954,426,181,230,29
955,426,181,230,29
956,426,181,230,29
957,426,181,230,29
958,426,181,230,29
959,426,181,230,29
960,426,181,230,29
961,426,181,230,29
962,426,181,230,29
963,426,189,233,53
953,427,189,233,53
954,427,181,230,29
955,427,181,230,29
956,427,181,230,29
957,427,181,230,29
958,427,181,230,29
959,427,181,230,29
960,427,181,230,29
961,427,181,230,29
962,427,181,230,29
963,427,189,233,53
953,428,189,233,53
954,428,181,230,29
955,428,181,230,29
956,428,181,230,29
957,428,181,230,29
958,428,181,230,29
959,428,181,230,29
960,428,181,230,29
961,428,181,230,29
962,428,181,230,29
963,428,189,233,53
953,429,189,233,53
954,429,181,230,29
955,429,181,230,29
956,429,181,230,29
957,429,181,230,29
958,429,181,230,29
959,429,181,230,29
960,429,181,230,29
961,429,181,230,29
962,429,181,230,29
963,429,189,233,53
953,430,189,233,53
954,430,181,230,29
955,430,181,230,29
956,430,181,230,29
957,430,181,230,29
958,430,181,230,29
959,430,181,230,29
960,430,181,230,29
961,430,181,230,29
962,430,181,230,29
963,430,189,233,53
953,431,189,233,53
954,431,181,230,29
955,431,181,230,29
956,431,181,230,29
957,431,181,230,29
958,431,181,230,29
959,431,181,230,29
960,431,181,230,29
961,431,181,230,29
962,431,181,230,29
963,431,189,233,53
953,432,195,235,72
954,432,182,230,32
955,432,181,230,29
956,432,181,230,29
957,432,181,230,29
958,432,181,230,29
959,432,181,230,29
960,432,181,230,29
961,432,181,230,29
962,432,181,230,29
963,432,189,233,53
954,433,188,232,51
955,433,181,230,29
956,433,181,230,29
957,433,181,230,29
958,433,181,230,29
959,433,181,230,29
960,433,181,230,29
961,433,181,230,29
962,433,181,230,29
963,433,189,233,53
954,434,189,233,53
955,434,181,230,29
956,434,181,230,29
957,434,181,230,29
958,434,181,230,29
959,434,181,230,29
960,434,181,230,29
961,434,181,230,29
962,434,182,230,32
963,434,195,235,72
954,435,189,233,53
955,435,181,230,29
956,435,181,230,29
957,435,181,230,29
958,435,181,230,29
959,435,181,230,29
960,435,181,230,29
961,435,181,230,29
962,435,188,232,51
954,436,189,233,53
955,436,181,230,29
956,436,181,230,29
957,436,181,230,29
958,436,181,230,29
959,436,181,230,29
960,436,181,230,29
961,436,181,230,29
962,436,189,233,53
954,437,189,233,53
955,437,181,230,29
956,437,181,230,29
957,437,181,230,29
958,437,181,230,29
959,437,181,230,29
960,437,181,230,29
961,437,181,230,29
962,437,189,233,53
954,438,189,233,53
955,438,181,230,29
956,438,181,230,29
957,438,181,230,29
958,438,181,230,29
959,438,181,230,29
960,438,181,230,29
961,438,181,230,29
962,438,189,233,53
954,439,189,233,53
955,439,181,230,29
956,439,181,230,29
957,439,181,230,29
958,439,181,230,29
959,439,181,230,29
960,439,181,230,29
961,439,181,230,29
962,439,189,233,53
954,440,189,233,53
955,440,181,230,29
956,440,181,230,29
957,440,181,230,29
958,440,181,230,29
959,440,181,230,29
960,440,181,230,29
961,440,181,230,29
962,440,189,233,53
954,441,189,233,53
955,441,181,230,29
956,441,181,230,29
957,441,181,230,29
958,441,181,230,29
959,441,181,230,29
960,441,181,230,29
961,441,181,230,29
962,441,189,233,53
954,442,189,233,53
955,442,181,230,29
956,442,181,230,29
957,442,181,230,29
958,442,181,230,29
959,442,181,230,29
960,442,181,230,29
961,442,181,230,29
962,442,189,233,53
954,443,189,233,53
955,443,181,230,29
956,443,181,230,29
957,443,181,230,29
958,443,181,230,29
959,443,181,230,29
960,443,181,230,29
961,443,181,230,29
962,443,189,233,53
954,444,189,233,53
955,444,181,230,29
956,444,181,230,29
957,444,181,230,29
958,444,181,230,29
959,444,181,230,29
960,444,181,230,29
961,444,181,230,29
962,444,189,233,53
954,445,189,233,53
955,445,181,230,29
956,445,181,230,29
957,445,181,230,29
958,445,181,230,29
959,445,181,230,29
960,445,181,230,29
961,445,181,230,29
962,445,189,233,53
954,446,189,233,53
955,446,181,230,29
956,446,181,230,29
957,446,181,230,29
958,446,181,230,29
959,446,181,230,29
960,446,181,230,29
961,446,181,230,29
962,446,189,233,53
954,447,189,233,53
955,447,181,230,29
956,447,181,230,29
957,447,181,230,29
958,447,181,230,29
959,447,181,230,29
960,447,181,230,29
961,447,181,230,29
962,447,189,233,53
954,448,189,233,53
955,448,181,230,29
956,448,181,230,29
957,448,181,230,29
958,448,181,230,29
959,448,181,230,29
960,448,181,230,29
961,448,181,230,29
962,448,189,233,53
954,449,189,233,53
955,449,181,230,29
956,449,181,230,29
957,449,181,230,29
958,449,181,230,29
959,449,181,230,29
960,449,181,230,29
961,449,181,230,29
962,449,189,233,53
954,450,195,235,72
955,450,182,230,32
956,450,181,230,29
957,450,181,230,29
958,450,181,230,29
959,450,181,230,29
960,450,181,230,29
961,450,181,230,29
962,450,189,233,53
955,451,188,232,51
956,451,181,230,29
957,451,181,230,29
958,451,181,230,29
959,451,181,230,29
960,451,181,230,29
961,451,182,230,32
962,451,195,235,72
955,452,189,233,53
956,452,181,230,29
957,452,181,230,29
958,452,181,230,29
959,452,181,230,29
960,452,181,230,29
961,452,188,232,51
955,453,189,233,53
956,453,181,230,29
957,453,181,230,29
958,453,181,230,29
959,453,181,230,29
960,453,181,230,29
961,453,189,233,53
955,454,189,233,53
956,454,181,230,29
957,454,181,230,29
958,454,181,230,29
959,454,181,230,29
960,454,181,230,29
961,454,189,233,53
955,455,189,233,53
956,455,181,230,29
957,455,181,230,29
958,455,181,230,29
959,455,181,230,29
960,455,181,230,29
961,455,189,233,53
955,456,189,233,53
956,456,181,230,29
957,456,181,230,29
958,456,181,230,29
959,456,181,230,29
960,456,181,230,29
961,456,189,233,53
955,457,189,233,53
956,457,181,230,29
957,457,181,230,29
958,457,181,230,29
959,457,181,230,29
960,457,181,230,29
961,457,189,233,53
955,458,189,233,53
956,458,181,230,29
957,458,181,230,29
958,458,181,230,29
959,458,181,230,29
960,458,181,230,29
961,458,189,233,53
955,459,189,233,53
956,459,181,230,29
957,459,181,230,29
958,459,181,230,29
959,459,181,230,29
960,459,181,230,29
961,459,189,233,53
955,460,189,233,53
956,460,181,230,29
957,460,181,230,29
958,460,181,230,29
959,460,181,230,29
960,460,181,230,29
961,460,189,233,53
955,461,189,233,53
956,461,181,230,29
957,461,181,230,29
958,461,181,230,29
959,461,181,230,29
960,461,181,230,29
961,461,189,233,53
955,462,189,233,53
956,462,181,230,29
957,462,181,230,29
958,462,181,230,29
959,462,181,230,29
960,462,181,230,29
961,462,189,233,53
955,463,189,233,53
956,463,181,230,29
957,463,181,230,29
958,463,181,230,29
959,463,181,230,29
960,463,181,230,29
961,463,189,233,53
955,464,189,233,53
956,464,181,230,29
957,464,181,230,29
958,464,181,230,29
959,464,181,230,29
960,464,181,230,29
961,464,189,233,53
955,465,189,233,53
956,465,181,230,29
957,465,181,230,29
958,465,181,230,29
959,465,181,230,29
960,465,181,230,29
961,465,189,233,53
955,466,189,233,53
956,466,181,230,29
957,466,181,230,29
958,466,181,230,29
959,466,181,230,29
960,466,181,230,29
961,466,189,233,53
955,467,189,233,53
956,467,181,230,29
957,467,181,230,29
958,467,181,230,29
959,467,181,230,29
960,467,181,230,29
961,467,189,233,53
955,468,195,235,72
956,468,182,230,32
957,468,181,230,29
958,468,181,230,29
959,468,181,230,29
960,468,181,230,29
961,468,189,233,53
956,469,188,232,51
957,469,181,230,29
958,469,181,230,29
959,469,181,230,29
960,469,182,230,32
961,469,195,235,72
956,470,189,233,53
957,470,181,230,29
958,470,181,230,29
959,470,181,230,29
960,470,188,232,51
956,471,189,233,53
957,471,181,230,29
958,471,181,230,29
959,471,181,230,29
960,471,189,233,53
956,472,189,233,53
957,472,181,230,29
958,472,181,230,29
959,472,181,230,29
960,472,189,233,53
956,473,189,233,53
957,473,181,230,29
958,473,181,230,29
959,473,181,230,29
960,473,189,233,53
956,474,189,233,53
957,474,181,230,29
958,474,181,230,29
959,474,181,230,29
960,474,189,233,53
956,475,189,233,53
957,475,181,230,29
958,475,181,230,29
959,475,181,230,29
960,475,189,233,53
956,476,189,233,53
957,476,181,230,29
958,476,181,230,29
959,476,181,230,29
960,476,189,233,53
956,477,189,233,53
957,477,181,230,29
958,477,181,230,29
959,477,181,230,29
960,477,189,233,53
956,478,189,233,53
957,478,181,230,29
958,478,181,230,29
959,478,181,230,29
960,478,189,233,53
956,479,195,235,72
957,479,182,230,32
958,479,181,230,29
959,479,182,230,32
960,479,195,235,72
957,480,195,235,72
958,480,189,233,53
959,480,195,235,72
