237,580,195,235,72
238,580,189,233,53
239,580,189,233,53
240,580,189,233,53
241,580,189,233,53
242,580,189,233,53
243,580,189,233,53
244,580,189,233,53
245,580,189,233,53
246,580,195,235,72
233,581,195,235,72
234,581,189,233,53
235,581,189,233,53
236,581,188,232,51
237,581,182,230,32
238,581,181,230,29
239,581,181,230,29
240,581,181,230,29
241,581,181,230,29
242,581,181,230,29
243,581,181,230,29
244,581,181,230,29
245,581,181,230,29
246,581,182,230,32
247,581,188,232,51
248,581,189,233,53
249,581,189,233,53
250,581,195,235,72
230,582,195,235,72
231,582,189,233,53
232,582,188,232,51
233,582,182,230,32
234,582,181,230,29
235,582,181,230,29
236,582,181,230,29
237,582,181,230,29
238,582,181,230,29
239,582,181,230,29
240,582,181,230,29
241,582,181,230,29
242,582,181,230,29
243,582,181,230,29
244,582,181,230,29
245,582,181,230,29
246,582,181,230,29
247,582,181,230,29
248,582,181,230,29
249,582,181,230,29
250,582,182,230,32
251,582,188,232,51
252,582,189,233,53
253,582,195,235,72
228,583,195,235,72
229,583,188,232,51
230,583,182,230,32
231,583,181,230,29
232,583,181,230,29
233,583,181,230,29
234,583,181,230,29
235,583,181,230,29
236,583,181,230,29
237,583,181,230,29
238,583,181,230,29
239,583,181,230,29
240,583,181,230,29
241,583,181,230,29
242,583,181,230,29
243,583,181,230,29
244,583,181,230,29
245,583,181,230,29
246,583,181,230,29
247,583,181,230,29
248,583,181,230,29
249,583,181,230,29
250,583,181,230,29
251,583,181,230,29
252,583,181,230,29
253,583,182,230,32
254,583,188,232,51
255,583,195,235,72
226,584,195,235,72
227,584,188,232,51
228,584,182,230,32
229,584,181,230,29
230,584,181,230,29
231,584,181,230,29
232,584,181,230,29
233,584,181,230,29
234,584,181,230,29
235,584,181,230,29
236,584,181,230,29
237,584,181,230,29
238,584,181,230,29
239,584,181,230,29
240,584,181,230,29
241,584,181,230,29
242,584,181,230,29
243,584,181,230,29
244,584,181,230,29
245,584,181,230,29
246,584,181,230,29
247,584,181,230,29
248,584,181,230,29
249,584,181,230,29
250,584,181,230,29
251,584,181,230,29
252,584,181,230,29
253,584,181,230,29
254,584,181,230,29
255,584,182,230,32
256,584,188,232,51
257,584,195,235,72
225,585,194,234,69
226,585,182,230,32
227,585,181,230,29
228,585,181,230,29
229,585,181,230,29
230,585,181,230,29
231,585,181,230,29
232,585,181,230,29
233,585,181,230,29
234,585,181,230,29
235,585,181,230,29
236,585,181,230,29
237,585,181,230,29
238,585,181,230,29
239,585,181,230,29
240,585,181,230,29
241,585,181,230,29
242,585,181,230,29
243,585,181,230,29
244,585,181,230,29
245,585,181,230,29
246,585,181,230,29
247,585,181,230,29
248,585,181,230,29
249,585,181,230,29
250,585,181,230,29
251,585,181,230,29
252,585,181,230,29
253,585,181,230,29
254,585,181,230,29
255,585,181,230,29
256,585,181,230,29
257,585,182,230,32
258,585,194,234,69
223,586,195,235,72
224,586,188,232,51
225,586,182,230,32
226,586,181,230,29
227,586,181,230,29
228,586,181,230,29
229,586,181,230,29
230,586,181,230,29
231,586,181,230,29
232,586,181,230,29
233,586,181,230,29
234,586,181,230,29
235,586,181,230,29
236,586,181,230,29
237,586,181,230,29
238,586,181,230,29
239,586,181,230,29
240,586,181,230,29
241,586,181,230,29
242,586,181,230,29
243,586,181,230,29
244,586,181,230,29
245,586,181,230,29
246,586,181,230,29
247,586,181,230,29
248,586,181,230,29
249,586,181,230,29
250,586,181,230,29
251,586,181,230,29
252,586,181,230,29
253,586,181,230,29
254,586,181,230,29
255,586,181,230,29
256,586,181,230,29
257,586,181,230,29
258,586,182,230,32
259,586,188,232,51
260,586,195,235,72
222,587,194,234,69
223,587,182,230,32
224,587,181,230,29
225,587,181,230,29
226,587,181,230,29
227,587,181,230,29
228,587,181,230,29
229,587,181,230,29
230,587,181,230,29
231,587,181,230,29
232,587,181,230,29
233,587,181,230,29
234,587,181,230,29
235,587,181,230,29
236,587,181,230,29
237,587,181,230,29
238,587,181,230,29
239,587,181,230,29
240,587,181,230,29
241,587,181,230,29
242,587,181,230,29
243,587,181,230,29
244,587,181,230,29
245,587,181,230,29
246,587,181,230,29
247,587,181,230,29
248,587,181,230,29
249,587,181,230,29
250,587,181,230,29
251,587,181,230,29
252,587,181,230,29
253,587,181,230,29
254,587,181,230,29
255,587,181,230,29
256,587,181,230,29
257,587,181,230,29
258,587,181,230,29
259,587,181,230,29
260,587,182,230,32
261,587,188,232,51
262,587,195,235,72
221,588,194,234,69
222,588,182,230,32
223,588,181,230,29
224,588,181,230,29
225,588,181,230,29
226,588,181,230,29
227,588,181,230,29
228,588,181,230,29
229,588,181,230,29
230,588,181,230,29
231,588,181,230,29
232,588,181,230,29
233,588,181,230,29
234,588,181,230,29
235,588,181,230,29
236,588,181,230,29
237,588,181,230,29
238,588,181,230,29
239,588,181,230,29
240,588,181,230,29
241,588,181,230,29
242,588,181,230,29
243,588,181,230,29
244,588,181,230,29
245,588,181,230,29
246,588,181,230,29
247,588,181,230,29
248,588,181,230,29
249,588,181,230,29
250,588,181,230,29
251,588,181,230,29
252,588,181,230,29
253,588,181,230,29
254,588,181,230,29
255,588,181,230,29
256,588,181,230,29
257,588,181,230,29
258,588,181,230,29
259,588,181,230,29
260,588,181,230,29
261,588,181,230,29
262,588,182,230,32
263,588,194,234,69
220,589,194,234,69
221,589,182,230,32
222,589,181,230,29
223,589,181,230,29
224,589,181,230,29
225,589,181,230,29
226,589,181,230,29
227,589,181,230,29
228,589,181,230,29
229,589,181,230,29
230,589,181,230,29
231,589,181,230,29
232,589,181,230,29
233,589,181,230,29
234,589,181,230,29
235,589,181,230,29
236,589,181,230,29
237,589,181,230,29
238,589,181,230,29
239,589,181,230,29
240,589,181,230,29
241,589,181,230,29
242,589,181,230,29
243,589,181,230,29
244,589,181,230,29
245,589,181,230,29
246,589,181,230,29
247,589,181,230,29
248,589,181,230,29
249,589,181,230,29
250,589,181,230,29
251,589,181,230,29
252,589,181,230,29
253,589,181,230,29
254,589,181,230,29
255,589,181,230,29
256,589,181,230,29
257,589,181,230,29
258,589,181,230,29
259,589,181,230,29
260,589,181,230,29
261,589,181,230,29
262,589,181,230,29
263,589,182,230,32
264,589,194,234,69
218,590,195,235,72
219,590,188,232,51
220,590,182,230,32
221,590,181,230,29
222,590,181,230,29
223,590,181,230,29
224,590,181,230,29
225,590,181,230,29
226,590,181,230,29
227,590,181,230,29
228,590,181,230,29
229,590,181,230,29
230,590,181,230,29
231,590,181,230,29
232,590,181,230,29
233,590,181,230,29
234,590,181,230,29
235,590,181,230,29
236,590,181,230,29
237,590,181,230,29
238,590,181,230,29
239,590,181,230,29
240,590,181,230,29
241,590,181,230,29
242,590,181,230,29
243,590,181,230,29
244,590,181,230,29
245,590,181,230,29
246,590,181,230,29
247,590,181,230,29
248,590,181,230,29
249,590,181,230,29
250,590,181,230,29
251,590,181,230,29
252,590,181,230,29
253,590,181,230,29
254,590,181,230,29
255,590,181,230,29
256,590,181,230,29
257,590,181,230,29
258,590,181,230,29
259,590,181,230,29
260,590,181,230,29
261,590,181,230,29
262,590,181,230,29
263,590,181,230,29
264,590,182,230,32
265,590,194,234,69
217,591,194,234,69
218,591,182,230,32
219,591,181,230,29
220,591,181,230,29
221,591,181,230,29
222,591,181,230,29
223,591,181,230,29
224,591,181,230,29
225,591,181,230,29
226,591,181,230,29
227,591,181,230,29
228,591,181,230,29
229,591,181,230,29
230,591,181,230,29
231,591,181,230,29
232,591,181,230,29
233,591,181,230,29
234,591,181,230,29
235,591,181,230,29
236,591,181,230,29
237,591,181,230,29
238,591,181,230,29
239,591,181,230,29
240,591,181,230,29
241,591,181,230,29
242,591,181,230,29
243,591,181,230,29
244,591,181,230,29
245,591,181,230,29
246,591,181,230,29
247,591,181,230,29
248,591,181,230,29
249,591,181,230,29
250,591,181,230,29
251,591,181,230,29
252,591,181,230,29
253,591,181,230,29
254,591,181,230,29
255,591,181,230,29
256,591,181,230,29
257,591,181,230,29
258,591,181,230,29
259,591,181,230,29
260,591,181,230,29
261,591,181,230,29
262,591,181,230,29
263,591,181,230,29
264,591,181,230,29
265,591,182,230,32
266,591,194,234,69
216,592,195,235,72
217,592,182,230,32
218,592,181,230,29
219,592,181,230,29
220,592,181,230,29
221,592,181,230,29
222,592,181,230,29
223,592,181,230,29
224,592,181,230,29
225,592,181,230,29
226,592,181,230,29
227,592,181,230,29
228,592,181,230,29
229,592,181,230,29
230,592,181,230,29
231,592,181,230,29
232,592,181,230,29
233,592,181,230,29
234,592,181,230,29
235,592,181,230,29
236,592,181,230,29
237,592,181,230,29
238,592,181,230,29
239,592,181,230,29
240,592,181,230,29
241,592,181,230,29
242,592,181,230,29
243,592,181,230,29
244,592,181,230,29
245,592,181,230,29
246,592,181,230,29
247,592,181,230,29
248,592,181,230,29
249,592,181,230,29
250,592,181,230,29
251,592,181,230,29
252,592,181,230,29
253,592,181,230,29
254,592,181,230,29
255,592,181,230,29
256,592,181,230,29
257,592,181,230,29
258,592,181,230,29
259,592,181,230,29
260,592,181,230,29
261,592,181,230,29
262,592,181,230,29
263,592,181,230,29
264,592,181,230,29
265,592,181,230,29
266,592,182,230,32
267,592,195,235,72
216,593,188,232,51
217,593,181,230,29
218,593,181,230,29
219,593,181,230,29
220,593,181,230,29
221,593,181,230,29
222,593,181,230,29
223,593,181,230,29
224,593,181,230,29
225,593,181,230,29
226,593,181,230,29
227,593,181,230,29
228,593,181,230,29
229,593,181,230,29
230,593,181,230,29
231,593,181,230,29
232,593,181,230,29
233,593,181,230,29
234,593,181,230,29
235,593,181,230,29
236,593,181,230,29
237,593,181,230,29
238,593,181,230,29
239,593,181,230,29
240,593,181,230,29
241,593,181,230,29
242,593,181,230,29
243,593,181,230,29
244,593,181,230,29
245,593,181,230,29
246,593,181,230,29
247,593,181,230,29
248,593,181,230,29
249,593,181,230,29
250,593,181,230,29
251,593,181,230,29
252,593,181,230,29
253,593,181,230,29
254,593,181,230,29
255,593,181,230,29
256,593,181,230,29
257,593,181,230,29
258,593,181,230,29
259,593,181,230,29
260,593,181,230,29
261,593,181,230,29
262,593,181,230,29
263,593,181,230,29
264,593,181,230,29
265,593,181,230,29
266,593,181,230,29
267,593,188,232,51
215,594,194,234,69
216,594,182,230,32
217,594,181,230,29
218,594,181,230,29
219,594,181,230,29
220,594,181,230,29
221,594,181,230,29
222,594,181,230,29
223,594,181,230,29
224,594,181,230,29
225,594,181,230,29
226,594,181,230,29
227,594,181,230,29
228,594,181,230,29
229,594,181,230,29
230,594,181,230,29
231,594,181,230,29
232,594,181,230,29
233,594,181,230,29
234,594,181,230,29
235,594,181,230,29
236,594,181,230,29
237,594,181,230,29
238,594,181,230,29
239,594,181,230,29
240,594,181,230,29
241,594,181,230,29
242,594,181,230,29
243,594,181,230,29
244,594,181,230,29
245,594,181,230,29
246,594,181,230,29
247,594,181,230,29
248,594,181,230,29
249,594,181,230,29
250,594,181,230,29
251,594,181,230,29
252,594,181,230,29
253,594,181,230,29
254,594,181,230,29
255,594,181,230,29
256,594,181,230,29
257,594,181,230,29
258,594,181,230,29
259,594,181,230,29
260,594,181,230,29
261,594,181,230,29
262,594,181,230,29
263,594,181,230,29
264,594,181,230,29
265,594,181,230,29
266,594,181,230,29
267,594,182,230,32
268,594,194,234,69
214,595,195,235,72
215,595,182,230,32
216,595,181,230,29
217,595,181,230,29
218,595,181,230,29
219,595,181,230,29
220,595,181,230,29
221,595,181,230,29
222,595,181,230,29
223,595,181,230,29
224,595,181,230,29
225,595,181,230,29
226,595,181,230,29
227,595,181,230,29
228,595,181,230,29
229,595,181,230,29
230,595,181,230,29
231,595,181,230,29
232,595,181,230,29
233,595,181,230,29
234,595,181,230,29
235,595,181,230,29
236,595,181,230,29
237,595,181,230,29
238,595,181,230,29
239,595,181,230,29
240,595,181,230,29
241,595,181,230,29
242,595,181,230,29
243,595,181,230,29
244,595,181,230,29
245,595,181,230,29
246,595,181,230,29
247,595,181,230,29
248,595,181,230,29
249,595,181,230,29
250,595,181,230,29
251,595,181,230,29
252,595,181,230,29
253,595,181,230,29
254,595,181,230,29
255,595,181,230,29
256,595,181,230,29
257,595,181,230,29
258,595,181,230,29
259,595,181,230,29
260,595,181,230,29
261,595,181,230,29
262,595,181,230,29
263,595,181,230,29
264,595,181,230,29
265,595,181,230,29
266,595,181,230,29
267,595,181,230,29
268,595,182,230,32
269,595,195,235,72
214,596,188,232,51
215,596,181,230,29
216,596,181,230,29
217,596,181,230,29
218,596,181,230,29
219,596,181,230,29
220,596,181,230,29
221,596,181,230,29
222,596,181,230,29
223,596,181,230,29
224,596,181,230,29
225,596,181,230,29
226,596,181,230,29
227,596,181,230,29
228,596,181,230,29
229,596,181,230,29
230,596,181,230,29
231,596,181,230,29
232,596,181,230,29
233,596,181,230,29
234,596,181,230,29
235,596,181,230,29
236,596,181,230,29
237,596,181,230,29
238,596,181,230,29
239,596,181,230,29
240,596,181,230,29
241,596,181,230,29
242,596,181,230,29
243,596,181,230,29
244,596,181,230,29
245,596,181,230,29
246,596,181,230,29
247,596,181,230,29
248,596,181,230,29
249,596,181,230,29
250,596,181,230,29
251,596,181,230,29
252,596,181,230,29
253,596,181,230,29
254,596,181,230,29
255,596,181,230,29
256,596,181,230,29
257,596,181,230,29
258,596,181,230,29
259,596,181,230,29
260,596,181,230,29
261,596,181,230,29
262,596,181,230,29
263,596,181,230,29
264,596,181,230,29
265,596,181,230,29
266,596,181,230,29
267,596,181,230,29
268,596,181,230,29
269,596,188,232,51
213,597,194,234,69
214,597,182,230,32
215,597,181,230,29
216,597,181,230,29
217,597,181,230,29
218,597,181,230,29
219,597,181,230,29
220,597,181,230,29
221,597,181,230,29
222,597,181,230,29
223,597,181,230,29
224,597,181,230,29
225,597,181,230,29
226,597,181,230,29
227,597,181,230,29
228,597,181,230,29
229,597,181,230,29
230,597,181,230,29
231,597,181,230,29
232,597,181,230,29
233,597,181,230,29
234,597,181,230,29
235,597,181,230,29
236,597,181,230,29
237,597,181,230,29
238,597,181,230,29
239,597,181,230,29
240,597,181,230,29
241,597,181,230,29
242,597,181,230,29
243,597,181,230,29
244,597,181,230,29
245,597,181,230,29
246,597,181,230,29
247,597,181,230,29
248,597,181,230,29
249,597,181,230,29
250,597,181,230,29
251,597,181,230,29
252,597,181,230,29
253,597,181,230,29
254,597,181,230,29
255,597,181,230,29
256,597,181,230,29
257,597,181,230,29
258,597,181,230,29
259,597,181,230,29
260,597,181,230,29
261,597,181,230,29
262,597,181,230,29
263,597,181,230,29
264,597,181,230,29
265,597,181,230,29
266,597,181,230,29
267,597,181,230,29
268,597,181,230,29
269,597,182,230,32
270,597,194,234,69
212,598,195,235,72
213,598,182,230,32
214,598,181,230,29
215,598,181,230,29
216,598,181,230,29
217,598,181,230,29
218,598,181,230,29
219,598,181,230,29
220,598,181,230,29
221,598,181,230,29
222,598,181,230,29
223,598,181,230,29
224,598,181,230,29
225,598,181,230,29
226,598,181,230,29
227,598,181,230,29
228,598,181,230,29
229,598,181,230,29
230,598,181,230,29
231,598,181,230,29
232,598,181,230,29
233,598,181,230,29
234,598,181,230,29
235,598,181,230,29
236,598,181,230,29
237,598,181,230,29
238,598,181,230,29
239,598,181,230,29
240,598,181,230,29
241,598,181,230,29
242,598,181,230,29
243,598,181,230,29
244,598,181,230,29
245,598,181,230,29
246,598,181,230,29
247,598,181,230,29
248,598,181,230,29
249,598,181,230,29
250,598,181,230,29
251,598,181,230,29
252,598,181,230,29
253,598,181,230,29
254,598,181,230,29
255,598,181,230,29
256,598,181,230,29
257,598,181,230,29
258,598,181,230,29
259,598,181,230,29
260,598,181,230,29
261,598,181,230,29
262,598,181,230,29
263,598,181,230,29
264,598,181,230,29
265,598,181,230,29
266,598,181,230,29
267,598,181,230,29
268,598,181,230,29
269,598,181,230,29
270,598,182,230,32
271,598,195,235,72
212,599,188,232,51
213,599,181,230,29
214,599,181,230,29
215,599,181,230,29
216,599,181,230,29
217,599,181,230,29
218,599,181,230,29
219,599,181,230,29
220,599,181,230,29
221,599,181,230,29
222,599,181,230,29
223,599,181,230,29
224,599,181,230,29
225,599,181,230,29
226,599,181,230,29
227,599,181,230,29
228,599,181,230,29
229,599,181,230,29
230,599,181,230,29
231,599,181,230,29
232,599,181,230,29
233,599,181,230,29
234,599,181,230,29
235,599,181,230,29
236,599,181,230,29
237,599,181,230,29
238,599,181,230,29
239,599,181,230,29
240,599,181,230,29
241,599,181,230,29
242,599,181,230,29
243,599,181,230,29
244,599,181,230,29
245,599,181,230,29
246,599,181,230,29
247,599,181,230,29
248,599,181,230,29
249,599,181,230,29
250,599,181,230,29
251,599,181,230,29
252,599,181,230,29
253,599,181,230,29
254,599,181,230,29
255,599,181,230,29
256,599,181,230,29
257,599,181,230,29
258,599,181,230,29
259,599,181,230,29
260,599,181,230,29
261,599,181,230,29
262,599,181,230,29
263,599,181,230,29
264,599,181,230,29
265,599,181,230,29
266,599,181,230,29
267,599,181,230,29
268,599,181,230,29
269,599,181,230,29
270,599,181,230,29
271,599,188,232,51
211,600,195,235,72
212,600,182,230,32
213,600,181,230,29
214,600,181,230,29
215,600,181,230,29
216,600,181,230,29
217,600,181,230,29
218,600,181,230,29
219,600,181,230,29
220,600,181,230,29
221,600,181,230,29
222,600,181,230,29
223,600,181,230,29
224,600,181,230,29
225,600,181,230,29
226,600,181,230,29
227,600,181,230,29
228,600,181,230,29
229,600,181,230,29
230,600,181,230,29
231,600,181,230,29
232,600,181,230,29
233,600,181,230,29
234,600,181,230,29
235,600,181,230,29
236,600,181,230,29
237,600,181,230,29
238,600,181,230,29
239,600,181,230,29
240,600,181,230,29
241,600,181,230,29
242,600,181,230,29
243,600,181,230,29
244,600,181,230,29
245,600,181,230,29
246,600,181,230,29
247,600,181,230,29
248,600,181,230,29
249,600,181,230,29
250,600,181,230,29
251,600,181,230,29
252,600,181,230,29
253,600,181,230,29
254,600,181,230,29
255,600,181,230,29
256,600,181,230,29
257,600,181,230,29
258,600,181,230,29
259,600,181,230,29
260,600,181,230,29
261,600,181,230,29
262,600,181,230,29
263,600,181,230,29
264,600,181,230,29
265,600,181,230,29
266,600,181,230,29
267,600,181,230,29
268,600,181,230,29
269,600,181,230,29
270,600,181,230,29
271,600,182,230,32
272,600,195,235,72
211,601,188,232,51
212,601,181,230,29
213,601,181,230,29
214,601,181,230,29
215,601,181,230,29
216,601,181,230,29
217,601,181,230,29
218,601,181,230,29
219,601,181,230,29
220,601,181,230,29
221,601,181,230,29
222,601,181,230,29
223,601,181,230,29
224,601,181,230,29
225,601,181,230,29
226,601,181,230,29
227,601,181,230,29
228,601,181,230,29
229,601,181,230,29
230,601,181,230,29
231,601,181,230,29
232,601,181,230,29
233,601,181,230,29
234,601,181,230,29
235,601,181,230,29
236,601,181,230,29
237,601,181,230,29
238,601,181,230,29
239,601,181,230,29
240,601,181,230,29
241,601,181,230,29
242,601,181,230,29
243,601,181,230,29
244,601,181,230,29
245,601,181,230,29
246,601,181,230,29
247,601,181,230,29
248,601,181,230,29
249,601,181,230,29
250,601,181,230,29
251,601,181,230,29
252,601,181,230,29
253,601,181,230,29
254,601,181,230,29
255,601,181,230,29
256,601,181,230,29
257,601,181,230,29
258,601,181,230,29
259,601,181,230,29
260,601,181,230,29
261,601,181,230,29
262,601,181,230,29
263,601,181,230,29
264,601,181,230,29
265,601,181,230,29
266,601,181,230,29
267,601,181,230,29
268,601,181,230,29
269,601,181,230,29
270,601,181,230,29
271,601,181,230,29
272,601,188,232,51
210,602,195,235,72
211,602,182,230,32
212,602,181,230,29
213,602,181,230,29
214,602,181,230,29
215,602,181,230,29
216,602,181,230,29
217,602,181,230,29
218,602,181,230,29
219,602,181,230,29
220,602,181,230,29
221,602,181,230,29
222,602,181,230,29
223,602,181,230,29
224,602,181,230,29
225,602,181,230,29
226,602,181,230,29
227,602,181,230,29
228,602,181,230,29
229,602,181,230,29
230,602,181,230,29
231,602,181,230,29
232,602,181,230,29
233,602,181,230,29
234,602,181,230,29
235,602,181,230,29
236,602,181,230,29
237,602,181,230,29
238,602,181,230,29
239,602,181,230,29
240,602,181,230,29
241,602,181,230,29
242,602,181,230,29
243,602,181,230,29
244,602,181,230,29
245,602,181,230,29
246,602,181,230,29
247,602,181,230,29
248,602,181,230,29
249,602,181,230,29
250,602,181,230,29
251,602,181,230,29
252,602,181,230,29
253,602,181,230,29
254,602,181,230,29
255,602,181,230,29
256,602,181,230,29
257,602,181,230,29
258,602,181,230,29
259,602,181,230,29
260,602,181,230,29
261,602,181,230,29
262,602,181,230,29
263,602,181,230,29
264,602,181,230,29
265,602,181,230,29
266,602,181,230,29
267,602,181,230,29
268,602,181,230,29
269,602,181,230,29
270,602,181,230,29
271,602,181,230,29
272,602,182,230,32
273,602,195,235,72
210,603,188,232,51
211,603,181,230,29
212,603,181,230,29
213,603,181,230,29
214,603,181,230,29
215,603,181,230,29
216,603,181,230,29
217,603,181,230,29
218,603,181,230,29
219,603,181,230,29
220,603,181,230,29
221,603,181,230,29
222,603,181,230,29
223,603,181,230,29
224,603,181,230,29
225,603,181,230,29
226,603,181,230,29
227,603,181,230,29
228,603,181,230,29
229,603,181,230,29
230,603,181,230,29
231,603,181,230,29
232,603,181,230,29
233,603,181,230,29
234,603,181,230,29
235,603,181,230,29
236,603,181,230,29
237,603,181,230,29
238,603,181,230,29
239,603,181,230,29
240,603,181,230,29
241,603,181,230,29
242,603,181,230,29
243,603,181,230,29
244,603,181,230,29
245,603,181,230,29
246,603,181,230,29
247,603,181,230,29
248,603,181,230,29
249,603,181,230,29
250,603,181,230,29
251,603,181,230,29
252,603,181,230,29
253,603,181,230,29
254,603,181,230,29
255,603,181,230,29
256,603,181,230,29
257,603,181,230,29
258,603,181,230,29
259,603,181,230,29
260,603,181,230,29
261,603,181,230,29
262,603,181,230,29
263,603,181,230,29
264,603,181,230,29
265,603,181,230,29
266,603,181,230,29
267,603,181,230,29
268,603,181,230,29
269,603,181,230,29
270,603,181,230,29
271,603,181,230,29
272,603,181,230,29
273,603,188,232,51
209,604,195,235,72
210,604,182,230,32
211,604,181,230,29
212,604,181,230,29
213,604,181,230,29
214,604,181,230,29
215,604,181,230,29
216,604,181,230,29
217,604,181,230,29
218,604,181,230,29
219,604,181,230,29
220,604,181,230,29
221,604,181,230,29
222,604,181,230,29
223,604,181,230,29
224,604,181,230,29
225,604,181,230,29
226,604,181,230,29
227,604,181,230,29
228,604,181,230,29
229,604,181,230,29
230,604,181,230,29
231,604,181,230,29
232,604,181,230,29
233,604,181,230,29
234,604,181,230,29
235,604,181,230,29
236,604,181,230,29
237,604,181,230,29
238,604,181,230,29
239,604,181,230,29
240,604,181,230,29
241,604,181,230,29
242,604,181,230,29
243,604,181,230,29
244,604,181,230,29
245,604,181,230,29
246,604,181,230,29
247,604,181,230,29
248,604,181,230,29
249,604,181,230,29
250,604,181,230,29
251,604,181,230,29
252,604,181,230,29
253,604,181,230,29
254,604,181,230,29
255,604,181,230,29
256,604,181,230,29
257,604,181,230,29
258,604,181,230,29
259,604,181,230,29
260,604,181,230,29
261,604,181,230,29
262,604,181,230,29
263,604,181,230,29
264,604,181,230,29
265,604,181,230,29
266,604,181,230,29
267,604,181,230,29
268,604,181,230,29
269,604,181,230,29
270,604,181,230,29
271,604,181,230,29
272,604,181,230,29
273,604,182,230,32
274,604,195,235,72
209,605,189,233,53
210,605,181,230,29
211,605,181,230,29
212,605,181,230,29
213,605,181,230,29
214,605,181,230,29
215,605,181,230,29
216,605,181,230,29
217,605,181,230,29
218,605,181,230,29
219,605,181,230,29
220,605,181,230,29
221,605,181,230,29
222,605,181,230,29
223,605,181,230,29
224,605,181,230,29
225,605,181,230,29
226,605,181,230,29
227,605,181,230,29
228,605,181,230,29
229,605,181,230,29
230,605,181,230,29
231,605,181,230,29
232,605,181,230,29
233,605,181,230,29
234,605,181,230,29
235,605,181,230,29
236,605,181,230,29
237,605,181,230,29
238,605,181,230,29
239,605,181,230,29
240,605,181,230,29
241,605,181,230,29
242,605,181,230,29
243,605,181,230,29
244,605,181,230,29
245,605,181,230,29
246,605,181,230,29
247,605,181,230,29
248,605,181,230,29
249,605,181,230,29
250,605,181,230,29
251,605,181,230,29
252,605,181,230,29
253,605,181,230,29
254,605,181,230,29
255,605,181,230,29
256,605,181,230,29
257,605,181,230,29
258,605,181,230,29
259,605,181,230,29
260,605,181,230,29
261,605,181,230,29
262,605,181,230,29
263,605,181,230,29
264,605,181,230,29
265,605,181,230,29
266,605,181,230,29
267,605,181,230,29
268,605,181,230,29
269,605,181,230,29
270,605,181,230,29
271,605,181,230,29
272,605,181,230,29
273,605,181,230,29
274,605,189,233,53
209,606,188,232,51
210,606,181,230,29
211,606,181,230,29
212,606,181,230,29
213,606,181,230,29
214,606,181,230,29
215,606,181,230,29
216,606,181,230,29
217,606,181,230,29
218,606,181,230,29
219,606,181,230,29
220,606,181,230,29
221,606,181,230,29
222,606,181,230,29
223,606,181,230,29
224,606,181,230,29
225,606,181,230,29
226,606,181,230,29
227,606,181,230,29
228,606,181,230,29
229,606,181,230,29
230,606,181,230,29
231,606,181,230,29
232,606,181,230,29
233,606,181,230,29
234,606,181,230,29
235,606,181,230,29
236,606,181,230,29
237,606,181,230,29
238,606,181,230,29
239,606,181,230,29
240,606,181,230,29
241,606,181,230,29
242,606,181,230,29
243,606,181,230,29
244,606,181,230,29
245,606,181,230,29
246,606,181,230,29
247,606,181,230,29
248,606,181,230,29
249,606,181,230,29
250,606,181,230,29
251,606,181,230,29
252,606,181,230,29
253,606,181,230,29
254,606,181,230,29
255,606,181,230,29
256,606,181,230,29
257,606,181,230,29
258,606,181,230,29
259,606,181,230,29
260,606,181,230,29
261,606,181,230,29
262,606,181,230,29
263,606,181,230,29
264,606,181,230,29
265,606,181,230,29
266,606,181,230,29
267,606,181,230,29
268,606,181,230,29
269,606,181,230,29
270,606,181,230,29
271,606,181,230,29
272,606,181,230,29
273,606,181,230,29
274,606,188,232,51
208,607,195,235,72
209,607,182,230,32
210,607,181,230,29
211,607,181,230,29
212,607,181,230,29
213,607,181,230,29
214,607,181,230,29
215,607,181,230,29
216,607,181,230,29
217,607,181,230,29
218,607,181,230,29
219,607,181,230,29
220,607,181,230,29
221,607,181,230,29
222,607,181,230,29
223,607,181,230,29
224,607,181,230,29
225,607,181,230,29
226,607,181,230,29
227,607,181,230,29
228,607,181,230,29
229,607,181,230,29
230,607,181,230,29
231,607,181,230,29
232,607,181,230,29
233,607,181,230,29
234,607,181,230,29
235,607,181,230,29
236,607,181,230,29
237,607,181,230,29
238,607,181,230,29
239,607,181,230,29
240,607,181,230,29
241,607,181,230,29
242,607,181,230,29
243,607,181,230,29
244,607,181,230,29
245,607,181,230,29
246,607,181,230,29
247,607,181,230,29
248,607,181,230,29
249,607,181,230,29
250,607,181,230,29
251,607,181,230,29
252,607,181,230,29
253,607,181,230,29
254,607,181,230,29
255,607,181,230,29
256,607,181,230,29
257,607,181,230,29
258,607,181,230,29
259,607,181,230,29
260,607,181,230,29
261,607,181,230,29
262,607,181,230,29
263,607,181,230,29
264,607,181,230,29
265,607,181,230,29
266,607,181,230,29
267,607,181,230,29
268,607,181,230,29
269,607,181,230,29
270,607,181,230,29
271,607,181,230,29
272,607,181,230,29
273,607,181,230,29
274,607,182,230,32
275,607,195,235,72
208,608,189,233,53
209,608,181,230,29
210,608,181,230,29
211,608,181,230,29
212,608,181,230,29
213,608,181,230,29
214,608,181,230,29
215,608,181,230,29
216,608,181,230,29
217,608,181,230,29
218,608,181,230,29
219,608,181,230,29
220,608,181,230,29
221,608,181,230,29
222,608,181,230,29
223,608,181,230,29
224,608,181,230,29
225,608,181,230,29
226,608,181,230,29
227,608,181,230,29
228,608,181,230,29
229,608,181,230,29
230,608,181,230,29
231,608,181,230,29
232,608,181,230,29
233,608,181,230,29
234,608,181,230,29
235,608,181,230,29
236,608,181,230,29
237,608,181,230,29
238,608,181,230,29
239,608,181,230,29
240,608,181,230,29
241,608,181,230,29
242,608,181,230,29
243,608,181,230,29
244,608,181,230,29
245,608,181,230,29
246,608,181,230,29
247,608,181,230,29
248,608,181,230,29
249,608,181,230,29
250,608,181,230,29
251,608,181,230,29
252,608,181,230,29
253,608,181,230,29
254,608,181,230,29
255,608,181,230,29
256,608,181,230,29
257,608,181,230,29
258,608,181,230,29
259,608,181,230,29
260,608,181,230,29
261,608,181,230,29
262,608,181,230,29
263,608,181,230,29
264,608,181,230,29
265,608,181,230,29
266,608,181,230,29
267,608,181,230,29
268,608,181,230,29
269,608,181,230,29
270,608,181,230,29
271,608,181,230,29
272,608,181,230,29
273,608,181,230,29
274,608,181,230,29
275,608,189,233,53
208,609,189,233,53
209,609,181,230,29
210,609,181,230,29
211,609,181,230,29
212,609,181,230,29
213,609,181,230,29
214,609,181,230,29
215,609,181,230,29
216,609,181,230,29
217,609,181,230,29
218,609,181,230,29
219,609,181,230,29
220,609,181,230,29
221,609,181,230,29
222,609,181,230,29
223,609,181,230,29
224,609,181,230,29
225,609,181,230,29
226,609,181,230,29
227,609,181,230,29
228,609,181,230,29
229,609,181,230,29
230,609,181,230,29
231,609,181,230,29
232,609,181,230,29
233,609,181,230,29
234,609,181,230,29
235,609,181,230,29
236,609,181,230,29
237,609,181,230,29
238,609,181,230,29
239,609,181,230,29
240,609,181,230,29
241,609,181,230,29
242,609,181,230,29
243,609,181,230,29
244,609,181,230,29
245,609,181,230,29
246,609,181,230,29
247,609,181,230,29
248,609,181,230,29
249,609,181,230,29
250,609,181,230,29
251,609,181,230,29
252,609,181,230,29
253,609,181,230,29
254,609,181,230,29
255,609,181,230,29
256,609,181,230,29
257,609,181,230,29
258,609,181,230,29
259,609,181,230,29
260,609,181,230,29
261,609,181,230,29
262,609,181,230,29
263,609,181,230,29
264,609,181,230,29
265,609,181,230,29
266,609,181,230,29
267,609,181,230,29
268,609,181,230,29
269,609,181,230,29
270,609,181,230,29
271,609,181,230,29
272,609,181,230,29
273,609,181,230,29
274,609,181,230,29
275,609,189,233,53
208,610,188,232,51
209,610,181,230,29
210,610,181,230,29
211,610,181,230,29
212,610,181,230,29
213,610,181,230,29
214,610,181,230,29
215,610,181,230,29
216,610,181,230,29
217,610,181,230,29
218,610,181,230,29
219,610,181,230,29
220,610,181,230,29
221,610,181,230,29
222,610,181,230,29
223,610,181,230,29
224,610,181,230,29
225,610,181,230,29
226,610,181,230,29
227,610,181,230,29
228,610,181,230,29
229,610,181,230,29
230,610,181,230,29
231,610,181,230,29
232,610,181,230,29
233,610,181,230,29
234,610,181,230,29
235,610,181,230,29
236,610,181,230,29
237,610,181,230,29
238,610,181,230,29
239,610,181,230,29
240,610,181,230,29
241,610,181,230,29
242,610,181,230,29
243,610,181,230,29
244,610,181,230,29
245,610,181,230,29
246,610,181,230,29
247,610,181,230,29
248,610,181,230,29
249,610,181,230,29
250,610,181,230,29
251,610,181,230,29
252,610,181,230,29
253,610,181,230,29
254,610,181,230,29
255,610,181,230,29
256,610,181,230,29
257,610,181,230,29
258,610,181,230,29
259,610,181,230,29
260,610,181,230,29
261,610,181,230,29
262,610,181,230,29
263,610,181,230,29
264,610,181,230,29
265,610,181,230,29
266,610,181,230,29
267,610,181,230,29
268,610,181,230,29
269,610,181,230,29
270,610,181,230,29
271,610,181,230,29
272,610,181,230,29
273,610,181,230,29
274,610,181,230,29
275,610,188,232,51
207,611,195,235,72
208,611,182,230,32
209,611,181,230,29
210,611,181,230,29
211,611,181,230,29
212,611,181,230,29
213,611,181,230,29
214,611,181,230,29
215,611,181,230,29
216,611,181,230,29
217,611,181,230,29
218,611,181,230,29
219,611,181,230,29
220,611,181,230,29
221,611,181,230,29
222,611,181,230,29
223,611,181,230,29
224,611,181,230,29
225,611,181,230,29
226,611,181,230,29
227,611,181,230,29
228,611,181,230,29
229,611,181,230,29
230,611,181,230,29
231,611,181,230,29
232,611,181,230,29
233,611,181,230,29
234,611,181,230,29
235,611,181,230,29
236,611,181,230,29
237,611,181,230,29
238,611,181,230,29
239,611,181,230,29
240,611,181,230,29
241,611,181,230,29
242,611,181,230,29
243,611,181,230,29
244,611,181,230,29
245,611,181,230,29
246,611,181,230,29
247,611,181,230,29
248,611,181,230,29
249,611,181,230,29
250,611,181,230,29
251,611,181,230,29
252,611,181,230,29
253,611,181,230,29
254,611,181,230,29
255,611,181,230,29
256,611,181,230,29
257,611,181,230,29
258,611,181,230,29
259,611,181,230,29
260,611,181,230,29
261,611,181,230,29
262,611,181,230,29
263,611,181,230,29
264,611,181,230,29
265,611,181,230,29
266,611,181,230,29
267,611,181,230,29
268,611,181,230,29
269,611,181,230,29
270,611,181,230,29
271,611,181,230,29
272,611,181,230,29
273,611,181,230,29
274,611,181,230,29
275,611,182,230,32
276,611,195,235,72
207,612,189,233,53
208,612,181,230,29
209,612,181,230,29
210,612,181,230,29
211,612,181,230,29
212,612,181,230,29
213,612,181,230,29
214,612,181,230,29
215,612,181,230,29
216,612,181,230,29
217,612,181,230,29
218,612,181,230,29
219,612,181,230,29
220,612,181,230,29
221,612,181,230,29
222,612,181,230,29
223,612,181,230,29
224,612,181,230,29
225,612,181,230,29
226,612,181,230,29
227,612,181,230,29
228,612,181,230,29
229,612,181,230,29
230,612,181,230,29
231,612,181,230,29
232,612,181,230,29
233,612,181,230,29
234,612,181,230,29
235,612,181,230,29
236,612,181,230,29
237,612,181,230,29
238,612,181,230,29
239,612,181,230,29
240,612,181,230,29
241,612,181,230,29
242,612,181,230,29
243,612,181,230,29
244,612,181,230,29
245,612,181,230,29
246,612,181,230,29
247,612,181,230,29
248,612,181,230,29
249,612,181,230,29
250,612,181,230,29
251,612,181,230,29
252,612,181,230,29
253,612,181,230,29
254,612,181,230,29
255,612,181,230,29
256,612,181,230,29
257,612,181,230,29
258,612,181,230,29
259,612,181,230,29
260,612,181,230,29
261,612,181,230,29
262,612,181,230,29
263,612,181,230,29
264,612,181,230,29
265,612,181,230,29
266,612,181,230,29
267,612,181,230,29
268,612,181,230,29
269,612,181,230,29
270,612,181,230,29
271,612,181,230,29
272,612,181,230,29
273,612,181,230,29
274,612,181,230,29
275,612,181,230,29
276,612,189,233,53
207,613,189,233,53
208,613,181,230,29
209,613,181,230,29
210,613,181,230,29
211,613,181,230,29
212,613,181,230,29
213,613,181,230,29
214,613,181,230,29
215,613,181,230,29
216,613,181,230,29
217,613,181,230,29
218,613,181,230,29
219,613,181,230,29
220,613,181,230,29
221,613,181,230,29
222,613,181,230,29
223,613,181,230,29
224,613,181,230,29
225,613,181,230,29
226,613,181,230,29
227,613,181,230,29
228,613,181,230,29
229,613,181,230,29
230,613,181,230,29
231,613,181,230,29
232,613,181,230,29
233,613,181,230,29
234,613,181,230,29
235,613,181,230,29
236,613,181,230,29
237,613,181,230,29
238,613,181,230,29
239,613,181,230,29
240,613,181,230,29
241,613,181,230,29
242,613,181,230,29
243,613,181,230,29
244,613,181,230,29
245,613,181,230,29
246,613,181,230,29
247,613,181,230,29
248,613,181,230,29
249,613,181,230,29
250,613,181,230,29
251,613,181,230,29
252,613,181,230,29
253,613,181,230,29
254,613,181,230,29
255,613,181,230,29
256,613,181,230,29
257,613,181,230,29
258,613,181,230,29
259,613,181,230,29
260,613,181,230,29
261,613,181,230,29
262,613,181,230,29
263,613,181,230,29
264,613,181,230,29
265,613,181,230,29
266,613,181,230,29
267,613,181,230,29
268,613,181,230,29
269,613,181,230,29
270,613,181,230,29
271,613,181,230,29
272,613,181,230,29
273,613,181,230,29
274,613,181,230,29
275,613,181,230,29
276,613,189,233,53
207,614,189,233,53
208,614,181,230,29
209,614,181,230,29
210,614,181,230,29
211,614,181,230,29
212,614,181,230,29
213,614,181,230,29
214,614,181,230,29
215,614,181,230,29
216,614,181,230,29
217,614,181,230,29
218,614,181,230,29
219,614,181,230,29
220,614,181,230,29
221,614,181,230,29
222,614,181,230,29
223,614,181,230,29
224,614,181,230,29
225,614,181,230,29
226,614,181,230,29
227,614,181,230,29
228,614,181,230,29
229,614,181,230,29
230,614,181,230,29
231,614,181,230,29
232,614,181,230,29
233,614,181,230,29
234,614,181,230,29
235,614,181,230,29
236,614,181,230,29
237,614,181,230,29
238,614,181,230,29
239,614,181,230,29
240,614,181,230,29
241,614,181,230,29
242,614,181,230,29
243,614,181,230,29
244,614,181,230,29
245,614,181,230,29
246,614,181,230,29
247,614,181,230,29
248,614,181,230,29
249,614,181,230,29
250,614,181,230,29
251,614,181,230,29
252,614,181,230,29
253,614,181,230,29
254,614,181,230,29
255,614,181,230,29
256,614,181,230,29
257,614,181,230,29
258,614,181,230,29
259,614,181,230,29
260,614,181,230,29
261,614,181,230,29
262,614,181,230,29
263,614,181,230,29
264,614,181,230,29
265,614,181,230,29
266,614,181,230,29
267,614,181,230,29
268,614,181,230,29
269,614,181,230,29
270,614,181,230,29
271,614,181,230,29
272,614,181,230,29
273,614,181,230,29
274,614,181,230,29
275,614,181,230,29
276,614,189,233,53
207,615,189,233,53
208,615,181,230,29
209,615,181,230,29
210,615,181,230,29
211,615,181,230,29
212,615,181,230,29
213,615,181,230,29
214,615,181,230,29
215,615,181,230,29
216,615,181,230,29
217,615,181,230,29
218,615,181,230,29
219,615,181,230,29
220,615,181,230,29
221,615,181,230,29
222,615,181,230,29
223,615,181,230,29
224,615,181,230,29
225,615,181,230,29
226,615,181,230,29
227,615,181,230,29
228,615,181,230,29
229,615,181,230,29
230,615,181,230,29
231,615,181,230,29
232,615,181,230,29
233,615,181,230,29
234,615,181,230,29
235,615,181,230,29
236,615,181,230,29
237,615,181,230,29
238,615,181,230,29
239,615,181,230,29
240,615,181,230,29
241,615,181,230,29
242,615,181,230,29
243,615,181,230,29
244,615,181,230,29
245,615,181,230,29
246,615,181,230,29
247,615,181,230,29
248,615,181,230,29
249,615,181,230,29
250,615,181,230,29
251,615,181,230,29
252,615,181,230,29
253,615,181,230,29
254,615,181,230,29
255,615,181,230,29
256,615,181,230,29
257,615,181,230,29
258,615,181,230,29
259,615,181,230,29
260,615,181,230,29
261,615,181,230,29
262,615,181,230,29
263,615,181,230,29
264,615,181,230,29
265,615,181,230,29
266,615,181,230,29
267,615,181,230,29
268,615,181,230,29
269,615,181,230,29
270,615,181,230,29
271,615,181,230,29
272,615,181,230,29
273,615,181,230,29
274,615,181,230,29
275,615,181,230,29
276,615,188,232,51
207,616,188,232,51
208,616,181,230,29
209,616,181,230,29
210,616,181,230,29
211,616,181,230,29
212,616,181,230,29
213,616,181,230,29
214,616,181,230,29
215,616,181,230,29
216,616,181,230,29
217,616,181,230,29
218,616,181,230,29
219,616,181,230,29
220,616,181,230,29
221,616,181,230,29
222,616,181,230,29
223,616,181,230,29
224,616,181,230,29
225,616,181,230,29
226,616,181,230,29
227,616,181,230,29
228,616,181,230,29
229,616,181,230,29
230,616,181,230,29
231,616,181,230,29
232,616,181,230,29
233,616,181,230,29
234,616,181,230,29
235,616,181,230,29
236,616,181,230,29
237,616,181,230,29
238,616,181,230,29
239,616,181,230,29
240,616,181,230,29
241,616,181,230,29
242,616,181,230,29
243,616,181,230,29
244,616,181,230,29
245,616,181,230,29
246,616,181,230,29
247,616,181,230,29
248,616,181,230,29
249,616,181,230,29
250,616,181,230,29
251,616,181,230,29
252,616,181,230,29
253,616,181,230,29
254,616,181,230,29
255,616,181,230,29
256,616,181,230,29
257,616,181,230,29
258,616,181,230,29
259,616,181,230,29
260,616,181,230,29
261,616,181,230,29
262,616,181,230,29
263,616,181,230,29
264,616,181,230,29
265,616,181,230,29
266,616,181,230,29
267,616,181,230,29
268,616,181,230,29
269,616,181,230,29
270,616,181,230,29
271,616,181,230,29
272,616,181,230,29
273,616,181,230,29
274,616,181,230,29
275,616,181,230,29
276,616,182,230,32
277,616,195,235,72
206,617,195,235,72
207,617,182,230,32
208,617,181,230,29
209,617,181,230,29
210,617,181,230,29
211,617,181,230,29
212,617,181,230,29
213,617,181,230,29
214,617,181,230,29
215,617,181,230,29
216,617,181,230,29
217,617,181,230,29
218,617,181,230,29
219,617,181,230,29
220,617,181,230,29
221,617,181,230,29
222,617,181,230,29
223,617,181,230,29
224,617,181,230,29
225,617,181,230,29
226,617,181,230,29
227,617,181,230,29
228,617,181,230,29
229,617,181,230,29
230,617,181,230,29
231,617,181,230,29
232,617,181,230,29
233,617,181,230,29
234,617,181,230,29
235,617,181,230,29
236,617,181,230,29
237,617,181,230,29
238,617,181,230,29
239,617,181,230,29
240,617,181,230,29
241,617,181,230,29
242,617,181,230,29
243,617,181,230,29
244,617,181,230,29
245,617,181,230,29
246,617,181,230,29
247,617,181,230,29
248,617,181,230,29
249,617,181,230,29
250,617,181,230,29
251,617,181,230,29
252,617,181,230,29
253,617,181,230,29
254,617,181,230,29
255,617,181,230,29
256,617,181,230,29
257,617,181,230,29
258,617,181,230,29
259,617,181,230,29
260,617,181,230,29
261,617,181,230,29
262,617,181,230,29
263,617,181,230,29
264,617,181,230,29
265,617,181,230,29
266,617,181,230,29
267,617,181,230,29
268,617,181,230,29
269,617,181,230,29
270,617,181,230,29
271,617,181,230,29
272,617,181,230,29
273,617,181,230,29
274,617,181,230,29
275,617,181,230,29
276,617,181,230,29
277,617,189,233,53
206,618,189,233,53
207,618,181,230,29
208,618,181,230,29
209,618,181,230,29
210,618,181,230,29
211,618,181,230,29
212,618,181,230,29
213,618,181,230,29
214,618,181,230,29
215,618,181,230,29
216,618,181,230,29
217,618,181,230,29
218,618,181,230,29
219,618,181,230,29
220,618,181,230,29
221,618,181,230,29
222,618,181,230,29
223,618,181,230,29
224,618,181,230,29
225,618,181,230,29
226,618,181,230,29
227,618,181,230,29
228,618,181,230,29
229,618,181,230,29
230,618,181,230,29
231,618,181,230,29
232,618,181,230,29
233,618,181,230,29
234,618,181,230,29
235,618,181,230,29
236,618,181,230,29
237,618,181,230,29
238,618,181,230,29
239,618,181,230,29
240,618,181,230,29
241,618,181,230,29
242,618,181,230,29
243,618,181,230,29
244,618,181,230,29
245,618,181,230,29
246,618,181,230,29
247,618,181,230,29
248,618,181,230,29
249,618,181,230,29
250,618,181,230,29
251,618,181,230,29
252,618,181,230,29
253,618,181,230,29
254,618,181,230,29
255,618,181,230,29
256,618,181,230,29
257,618,181,230,29
258,618,181,230,29
259,618,181,230,29
260,618,181,230,29
261,618,181,230,29
262,618,181,230,29
263,618,181,230,29
264,618,181,230,29
265,618,181,230,29
266,618,181,230,29
267,618,181,230,29
268,618,181,230,29
269,618,181,230,29
270,618,181,230,29
271,618,181,230,29
272,618,181,230,29
273,618,181,230,29
274,618,181,230,29
275,618,181,230,29
276,618,181,230,29
277,618,189,233,53
206,619,189,233,53
207,619,181,230,29
208,619,181,230,29
209,619,181,230,29
210,619,181,230,29
211,619,181,230,29
212,619,181,230,29
213,619,181,230,29
214,619,181,230,29
215,619,181,230,29
216,619,181,230,29
217,619,181,230,29
218,619,181,230,29
219,619,181,230,29
220,619,181,230,29
221,619,181,230,29
222,619,181,230,29
223,619,181,230,29
224,619,181,230,29
225,619,181,230,29
226,619,181,230,29
227,619,181,230,29
228,619,181,230,29
229,619,181,230,29
230,619,181,230,29
231,619,181,230,29
232,619,181,230,29
233,619,181,230,29
234,619,181,230,29
235,619,181,230,29
236,619,181,230,29
237,619,181,230,29
238,619,181,230,29
239,619,181,230,29
240,619,181,230,29
241,619,181,230,29
242,619,181,230,29
243,619,181,230,29
244,619,181,230,29
245,619,181,230,29
246,619,181,230,29
247,619,181,230,29
248,619,181,230,29
249,619,181,230,29
250,619,181,230,29
251,619,181,230,29
252,619,181,230,29
253,619,181,230,29
254,619,181,230,29
255,619,181,230,29
256,619,181,230,29
257,619,181,230,29
258,619,181,230,29
259,619,181,230,29
260,619,181,230,29
261,619,181,230,29
262,619,181,230,29
263,619,181,230,29
264,619,181,230,29
265,619,181,230,29
266,619,181,230,29
267,619,181,230,29
268,619,181,230,29
269,619,181,230,29
270,619,181,230,29
271,619,181,230,29
272,619,181,230,29
273,619,181,230,29
274,619,181,230,29
275,619,181,230,29
276,619,181,230,29
277,619,189,233,53
206,620,189,233,53
207,620,181,230,29
208,620,181,230,29
209,620,181,230,29
210,620,181,230,29
211,620,181,230,29
212,620,181,230,29
213,620,181,230,29
214,620,181,230,29
215,620,181,230,29
216,620,181,230,29
217,620,181,230,29
218,620,181,230,29
219,620,181,230,29
220,620,181,230,29
221,620,181,230,29
222,620,181,230,29
223,620,181,230,29
224,620,181,230,29
225,620,181,230,29
226,620,181,230,29
227,620,181,230,29
228,620,181,230,29
229,620,181,230,29
230,620,181,230,29
231,620,181,230,29
232,620,181,230,29
233,620,181,230,29
234,620,181,230,29
235,620,181,230,29
236,620,181,230,29
237,620,181,230,29
238,620,181,230,29
239,620,181,230,29
240,620,181,230,29
241,620,181,230,29
242,620,181,230,29
243,620,181,230,29
244,620,181,230,29
245,620,181,230,29
246,620,181,230,29
247,620,181,230,29
248,620,181,230,29
249,620,181,230,29
250,620,181,230,29
251,620,181,230,29
252,620,181,230,29
253,620,181,230,29
254,620,181,230,29
255,620,181,230,29
256,620,181,230,29
257,620,181,230,29
258,620,181,230,29
259,620,181,230,29
260,620,181,230,29
261,620,181,230,29
262,620,181,230,29
263,620,181,230,29
264,620,181,230,29
265,620,181,230,29
266,620,181,230,29
267,620,181,230,29
268,620,181,230,29
269,620,181,230,29
270,620,181,230,29
271,620,181,230,29
272,620,181,230,29
273,620,181,230,29
274,620,181,230,29
275,620,181,230,29
276,620,181,230,29
277,620,189,233,53
206,621,189,233,53
207,621,181,230,29
208,621,181,230,29
209,621,181,230,29
210,621,181,230,29
211,621,181,230,29
212,621,181,230,29
213,621,181,230,29
214,621,181,230,29
215,621,181,230,29
216,621,181,230,29
217,621,181,230,29
218,621,181,230,29
219,621,181,230,29
220,621,181,230,29
221,621,181,230,29
222,621,181,230,29
223,621,181,230,29
224,621,181,230,29
225,621,181,230,29
226,621,181,230,29
227,621,181,230,29
228,621,181,230,29
229,621,181,230,29
230,621,181,230,29
231,621,181,230,29
232,621,181,230,29
233,621,181,230,29
234,621,181,230,29
235,621,181,230,29
236,621,181,230,29
237,621,181,230,29
238,621,181,230,29
239,621,181,230,29
240,621,181,230,29
241,621,181,230,29
242,621,181,230,29
243,621,181,230,29
244,621,181,230,29
245,621,181,230,29
246,621,181,230,29
247,621,181,230,29
248,621,181,230,29
249,621,181,230,29
250,621,181,230,29
251,621,181,230,29
252,621,181,230,29
253,621,181,230,29
254,621,181,230,29
255,621,181,230,29
256,621,181,230,29
257,621,181,230,29
258,621,181,230,29
259,621,181,230,29
260,621,181,230,29
261,621,181,230,29
262,621,181,230,29
263,621,181,230,29
264,621,181,230,29
265,621,181,230,29
266,621,181,230,29
267,621,181,230,29
268,621,181,230,29
269,621,181,230,29
270,621,181,230,29
271,621,181,230,29
272,621,181,230,29
273,621,181,230,29
274,621,181,230,29
275,621,181,230,29
276,621,181,230,29
277,621,189,233,53
206,622,189,233,53
207,622,181,230,29
208,622,181,230,29
209,622,181,230,29
210,622,181,230,29
211,622,181,230,29
212,622,181,230,29
213,622,181,230,29
214,622,181,230,29
215,622,181,230,29
216,622,181,230,29
217,622,181,230,29
218,622,181,230,29
219,622,181,230,29
220,622,181,230,29
221,622,181,230,29
222,622,181,230,29
223,622,181,230,29
224,622,181,230,29
225,622,181,230,29
226,622,181,230,29
227,622,181,230,29
228,622,181,230,29
229,622,181,230,29
230,622,181,230,29
231,622,181,230,29
232,622,181,230,29
233,622,181,230,29
234,622,181,230,29
235,622,181,230,29
236,622,181,230,29
237,622,181,230,29
238,622,181,230,29
239,622,181,230,29
240,622,181,230,29
241,622,181,230,29
242,622,181,230,29
243,622,181,230,29
244,622,181,230,29
245,622,181,230,29
246,622,181,230,29
247,622,181,230,29
248,622,181,230,29
249,622,181,230,29
250,622,181,230,29
251,622,181,230,29
252,622,181,230,29
253,622,181,230,29
254,622,181,230,29
255,622,181,230,29
256,622,181,230,29
257,622,181,230,29
258,622,181,230,29
259,622,181,230,29
260,622,181,230,29
261,622,181,230,29
262,622,181,230,29
263,622,181,230,29
264,622,181,230,29
265,622,181,230,29
266,622,181,230,29
267,622,181,230,29
268,622,181,230,29
269,622,181,230,29
270,622,181,230,29
271,622,181,230,29
272,622,181,230,29
273,622,181,230,29
274,622,181,230,29
275,622,181,230,29
276,622,181,230,29
277,622,189,233,53
206,623,189,233,53
207,623,181,230,29
208,623,181,230,29
209,623,181,230,29
210,623,181,230,29
211,623,181,230,29
212,623,181,230,29
213,623,181,230,29
214,623,181,230,29
215,623,181,230,29
216,623,181,230,29
217,623,181,230,29
218,623,181,230,29
219,623,181,230,29
220,623,181,230,29
221,623,181,230,29
222,623,181,230,29
223,623,181,230,29
224,623,181,230,29
225,623,181,230,29
226,623,181,230,29
227,623,181,230,29
228,623,181,230,29
229,623,181,230,29
230,623,181,230,29
231,623,181,230,29
232,623,181,230,29
233,623,181,230,29
234,623,181,230,29
235,623,181,230,29
236,623,181,230,29
237,623,181,230,29
238,623,181,230,29
239,623,181,230,29
240,623,181,230,29
241,623,181,230,29
242,623,181,230,29
243,623,181,230,29
244,623,181,230,29
245,623,181,230,29
246,623,181,230,29
247,623,181,230,29
248,623,181,230,29
249,623,181,230,29
250,623,181,230,29
251,623,181,230,29
252,623,181,230,29
253,623,181,230,29
254,623,181,230,29
255,623,181,230,29
256,623,181,230,29
257,623,181,230,29
258,623,181,230,29
259,623,181,230,29
260,623,181,230,29
261,623,181,230,29
262,623,181,230,29
263,623,181,230,29
264,623,181,230,29
265,623,181,230,29
266,623,181,230,29
267,623,181,230,29
268,623,181,230,29
269,623,181,230,29
270,623,181,230,29
271,623,181,230,29
272,623,181,230,29
273,623,181,230,29
274,623,181,230,29
275,623,181,230,29
276,623,181,230,29
277,623,189,233,53
206,624,189,233,53
207,624,181,230,29
208,624,181,230,29
209,624,181,230,29
210,624,181,230,29
211,624,181,230,29
212,624,181,230,29
213,624,181,230,29
214,624,181,230,29
215,624,181,230,29
216,624,181,230,29
217,624,181,230,29
218,624,181,230,29
219,624,181,230,29
220,624,181,230,29
221,624,181,230,29
222,624,181,230,29
223,624,181,230,29
224,624,181,230,29
225,624,181,230,29
226,624,181,230,29
227,624,181,230,29
228,624,181,230,29
229,624,181,230,29
230,624,181,230,29
231,624,181,230,29
232,624,181,230,29
233,624,181,230,29
234,624,181,230,29
235,624,181,230,29
236,624,181,230,29
237,624,181,230,29
238,624,181,230,29
239,624,181,230,29
240,624,181,230,29
241,624,181,230,29
242,624,181,230,29
243,624,181,230,29
244,624,181,230,29
245,624,181,230,29
246,624,181,230,29
247,624,181,230,29
248,624,181,230,29
249,624,181,230,29
250,624,181,230,29
251,624,181,230,29
252,624,181,230,29
253,624,181,230,29
254,624,181,230,29
255,624,181,230,29
256,624,181,230,29
257,624,181,230,29
258,624,181,230,29
259,624,181,230,29
260,624,181,230,29
261,624,181,230,29
262,624,181,230,29
263,624,181,230,29
264,624,181,230,29
265,624,181,230,29
266,624,181,230,29
267,624,181,230,29
268,624,181,230,29
269,624,181,230,29
270,624,181,230,29
271,624,181,230,29
272,624,181,230,29
273,624,181,230,29
274,624,181,230,29
275,624,181,230,29
276,624,181,230,29
277,624,189,233,53
206,625,189,233,53
207,625,181,230,29
208,625,181,230,29
209,625,181,230,29
210,625,181,230,29
211,625,181,230,29
212,625,181,230,29
213,625,181,230,29
214,625,181,230,29
215,625,181,230,29
216,625,181,230,29
217,625,181,230,29
218,625,181,230,29
219,625,181,230,29
220,625,181,230,29
221,625,181,230,29
222,625,181,230,29
223,625,181,230,29
224,625,181,230,29
225,625,181,230,29
226,625,181,230,29
227,625,181,230,29
228,625,181,230,29
229,625,181,230,29
230,625,181,230,29
231,625,181,230,29
232,625,181,230,29
233,625,181,230,29
234,625,181,230,29
235,625,181,230,29
236,625,181,230,29
237,625,181,230,29
238,625,181,230,29
239,625,181,230,29
240,625,181,230,29
241,625,181,230,29
242,625,181,230,29
243,625,181,230,29
244,625,181,230,29
245,625,181,230,29
246,625,181,230,29
247,625,181,230,29
248,625,181,230,29
249,625,181,230,29
250,625,181,230,29
251,625,181,230,29
252,625,181,230,29
253,625,181,230,29
254,625,181,230,29
255,625,181,230,29
256,625,181,230,29
257,625,181,230,29
258,625,181,230,29
259,625,181,230,29
260,625,181,230,29
261,625,181,230,29
262,625,181,230,29
263,625,181,230,29
264,625,181,230,29
265,625,181,230,29
266,625,181,230,29
267,625,181,230,29
268,625,181,230,29
269,625,181,230,29
270,625,181,230,29
271,625,181,230,29
272,625,181,230,29
273,625,181,230,29
274,625,181,230,29
275,625,181,230,29
276,625,181,230,29
277,625,189,233,53
206,626,195,235,72
207,626,182,230,32
208,626,181,230,29
209,626,181,230,29
210,626,181,230,29
211,626,181,230,29
212,626,181,230,29
213,626,181,230,29
214,626,181,230,29
215,626,181,230,29
216,626,181,230,29
217,626,181,230,29
218,626,181,230,29
219,626,181,230,29
220,626,181,230,29
221,626,181,230,29
222,626,181,230,29
223,626,181,230,29
224,626,181,230,29
225,626,181,230,29
226,626,181,230,29
227,626,181,230,29
228,626,181,230,29
229,626,181,230,29
230,626,181,230,29
231,626,181,230,29
232,626,181,230,29
233,626,181,230,29
234,626,181,230,29
235,626,181,230,29
236,626,181,230,29
237,626,181,230,29
238,626,181,230,29
239,626,181,230,29
240,626,181,230,29
241,626,181,230,29
242,626,181,230,29
243,626,181,230,29
244,626,181,230,29
245,626,181,230,29
246,626,181,230,29
247,626,181,230,29
248,626,181,230,29
249,626,181,230,29
250,626,181,230,29
251,626,181,230,29
252,626,181,230,29
253,626,181,230,29
254,626,181,230,29
255,626,181,230,29
256,626,181,230,29
257,626,181,230,29
258,626,181,230,29
259,626,181,230,29
260,626,181,230,29
261,626,181,230,29
262,626,181,230,29
263,626,181,230,29
264,626,181,230,29
265,626,181,230,29
266,626,181,230,29
267,626,181,230,29
268,626,181,230,29
269,626,181,230,29
270,626,181,230,29
271,626,181,230,29
272,626,181,230,29
273,626,181,230,29
274,626,181,230,29
275,626,181,230,29
276,626,181,230,29
277,626,189,233,53
207,627,188,232,51
208,627,181,230,29
209,627,181,230,29
210,627,181,230,29
211,627,181,230,29
212,627,181,230,29
213,627,181,230,29
214,627,181,230,29
215,627,181,230,29
216,627,181,230,29
217,627,181,230,29
218,627,181,230,29
219,627,181,230,29
220,627,181,230,29
221,627,181,230,29
222,627,181,230,29
223,627,181,230,29
224,627,181,230,29
225,627,181,230,29
226,627,181,230,29
227,627,181,230,29
228,627,181,230,29
229,627,181,230,29
230,627,181,230,29
231,627,181,230,29
232,627,181,230,29
233,627,181,230,29
234,627,181,230,29
235,627,181,230,29
236,627,181,230,29
237,627,181,230,29
238,627,181,230,29
239,627,181,230,29
240,627,181,230,29
241,627,181,230,29
242,627,181,230,29
243,627,181,230,29
244,627,181,230,29
245,627,181,230,29
246,627,181,230,29
247,627,181,230,29
248,627,181,230,29
249,627,181,230,29
250,627,181,230,29
251,627,181,230,29
252,627,181,230,29
253,627,181,230,29
254,627,181,230,29
255,627,181,230,29
256,627,181,230,29
257,627,181,230,29
258,627,181,230,29
259,627,181,230,29
260,627,181,230,29
261,627,181,230,29
262,627,181,230,29
263,627,181,230,29
264,627,181,230,29
265,627,181,230,29
266,627,181,230,29
267,627,181,230,29
268,627,181,230,29
269,627,181,230,29
270,627,181,230,29
271,627,181,230,29
272,627,181,230,29
273,627,181,230,29
274,627,181,230,29
275,627,181,230,29
276,627,182,230,32
277,627,195,235,72
207,628,189,233,53
208,628,181,230,29
209,628,181,230,29
210,628,181,230,29
211,628,181,230,29
212,628,181,230,29
213,628,181,230,29
214,628,181,230,29
215,628,181,230,29
216,628,181,230,29
217,628,181,230,29
218,628,181,230,29
219,628,181,230,29
220,628,181,230,29
221,628,181,230,29
222,628,181,230,29
223,628,181,230,29
224,628,181,230,29
225,628,181,230,29
226,628,181,230,29
227,628,181,230,29
228,628,181,230,29
229,628,181,230,29
230,628,181,230,29
231,628,181,230,29
232,628,181,230,29
233,628,181,230,29
234,628,181,230,29
235,628,181,230,29
236,628,181,230,29
237,628,181,230,29
238,628,181,230,29
239,628,181,230,29
240,628,181,230,29
241,628,181,230,29
242,628,181,230,29
243,628,181,230,29
244,628,181,230,29
245,628,181,230,29
246,628,181,230,29
247,628,181,230,29
248,628,181,230,29
249,628,181,230,29
250,628,181,230,29
251,628,181,230,29
252,628,181,230,29
253,628,181,230,29
254,628,181,230,29
255,628,181,230,29
256,628,181,230,29
257,628,181,230,29
258,628,181,230,29
259,628,181,230,29
260,628,181,230,29
261,628,181,230,29
262,628,181,230,29
263,628,181,230,29
264,628,181,230,29
265,628,181,230,29
266,628,181,230,29
267,628,181,230,29
268,628,181,230,29
269,628,181,230,29
270,628,181,230,29
271,628,181,230,29
272,628,181,230,29
273,628,181,230,29
274,628,181,230,29
275,628,181,230,29
276,628,188,232,51
207,629,189,233,53
208,629,181,230,29
209,629,181,230,29
210,629,181,230,29
211,629,181,230,29
212,629,181,230,29
213,629,181,230,29
214,629,181,230,29
215,629,181,230,29
216,629,181,230,29
217,629,181,230,29
218,629,181,230,29
219,629,181,230,29
220,629,181,230,29
221,629,181,230,29
222,629,181,230,29
223,629,181,230,29
224,629,181,230,29
225,629,181,230,29
226,629,181,230,29
227,629,181,230,29
228,629,181,230,29
229,629,181,230,29
230,629,181,230,29
231,629,181,230,29
232,629,181,230,29
233,629,181,230,29
234,629,181,230,29
235,629,181,230,29
236,629,181,230,29
237,629,181,230,29
238,629,181,230,29
239,629,181,230,29
240,629,181,230,29
241,629,181,230,29
242,629,181,230,29
243,629,181,230,29
244,629,181,230,29
245,629,181,230,29
246,629,181,230,29
247,629,181,230,29
248,629,181,230,29
249,629,181,230,29
250,629,181,230,29
251,629,181,230,29
252,629,181,230,29
253,629,181,230,29
254,629,181,230,29
255,629,181,230,29
256,629,181,230,29
257,629,181,230,29
258,629,181,230,29
259,629,181,230,29
260,629,181,230,29
261,629,181,230,29
262,629,181,230,29
263,629,181,230,29
264,629,181,230,29
265,629,181,230,29
266,629,181,230,29
267,629,181,230,29
268,629,181,230,29
269,629,181,230,29
270,629,181,230,29
271,629,181,230,29
272,629,181,230,29
273,629,181,230,29
274,629,181,230,29
275,629,181,230,29
276,629,189,233,53
207,630,189,233,53
208,630,181,230,29
209,630,181,230,29
210,630,181,230,29
211,630,181,230,29
212,630,181,230,29
213,630,181,230,29
214,630,181,230,29
215,630,181,230,29
216,630,181,230,29
217,630,181,230,29
218,630,181,230,29
219,630,181,230,29
220,630,181,230,29
221,630,181,230,29
222,630,181,230,29
223,630,181,230,29
224,630,181,230,29
225,630,181,230,29
226,630,181,230,29
227,630,181,230,29
228,630,181,230,29
229,630,181,230,29
230,630,181,230,29
231,630,181,230,29
232,630,181,230,29
233,630,181,230,29
234,630,181,230,29
235,630,181,230,29
236,630,181,230,29
237,630,181,230,29
238,630,181,230,29
239,630,181,230,29
240,630,181,230,29
241,630,181,230,29
242,630,181,230,29
243,630,181,230,29
244,630,181,230,29
245,630,181,230,29
246,630,181,230,29
247,630,181,230,29
248,630,181,230,29
249,630,181,230,29
250,630,181,230,29
251,630,181,230,29
252,630,181,230,29
253,630,181,230,29
254,630,181,230,29
255,630,181,230,29
256,630,181,230,29
257,630,181,230,29
258,630,181,230,29
259,630,181,230,29
260,630,181,230,29
261,630,181,230,29
262,630,181,230,29
263,630,181,230,29
264,630,181,230,29
265,630,181,230,29
266,630,181,230,29
267,630,181,230,29
268,630,181,230,29
269,630,181,230,29
270,630,181,230,29
271,630,181,230,29
272,630,181,230,29
273,630,181,230,29
274,630,181,230,29
275,630,181,230,29
276,630,189,233,53
207,631,189,233,53
208,631,181,230,29
209,631,181,230,29
210,631,181,230,29
211,631,181,230,29
212,631,181,230,29
213,631,181,230,29
214,631,181,230,29
215,631,181,230,29
216,631,181,230,29
217,631,181,230,29
218,631,181,230,29
219,631,181,230,29
220,631,181,230,29
221,631,181,230,29
222,631,181,230,29
223,631,181,230,29
224,631,181,230,29
225,631,181,230,29
226,631,181,230,29
227,631,181,230,29
228,631,181,230,29
229,631,181,230,29
230,631,181,230,29
231,631,181,230,29
232,631,181,230,29
233,631,181,230,29
234,631,181,230,29
235,631,181,230,29
236,631,181,230,29
237,631,181,230,29
238,631,181,230,29
239,631,181,230,29
240,631,181,230,29
241,631,181,230,29
242,631,181,230,29
243,631,181,230,29
244,631,181,230,29
245,631,181,230,29
246,631,181,230,29
247,631,181,230,29
248,631,181,230,29
249,631,181,230,29
250,631,181,230,29
251,631,181,230,29
252,631,181,230,29
253,631,181,230,29
254,631,181,230,29
255,631,181,230,29
256,631,181,230,29
257,631,181,230,29
258,631,181,230,29
259,631,181,230,29
260,631,181,230,29
261,631,181,230,29
262,631,181,230,29
263,631,181,230,29
264,631,181,230,29
265,631,181,230,29
266,631,181,230,29
267,631,181,230,29
268,631,181,230,29
269,631,181,230,29
270,631,181,230,29
271,631,181,230,29
272,631,181,230,29
273,631,181,230,29
274,631,181,230,29
275,631,181,230,29
276,631,189,233,53
207,632,195,235,72
208,632,182,230,32
209,632,181,230,29
210,632,181,230,29
211,632,181,230,29
212,632,181,230,29
213,632,181,230,29
214,632,181,230,29
215,632,181,230,29
216,632,181,230,29
217,632,181,230,29
218,632,181,230,29
219,632,181,230,29
220,632,181,230,29
221,632,181,230,29
222,632,181,230,29
223,632,181,230,29
224,632,181,230,29
225,632,181,230,29
226,632,181,230,29
227,632,181,230,29
228,632,181,230,29
229,632,181,230,29
230,632,181,230,29
231,632,181,230,29
232,632,181,230,29
233,632,181,230,29
234,632,181,230,29
235,632,181,230,29
236,632,181,230,29
237,632,181,230,29
238,632,181,230,29
239,632,181,230,29
240,632,181,230,29
241,632,181,230,29
242,632,181,230,29
243,632,181,230,29
244,632,181,230,29
245,632,181,230,29
246,632,181,230,29
247,632,181,230,29
248,632,181,230,29
249,632,181,230,29
250,632,181,230,29
251,632,181,230,29
252,632,181,230,29
253,632,181,230,29
254,632,181,230,29
255,632,181,230,29
256,632,181,230,29
257,632,181,230,29
258,632,181,230,29
259,632,181,230,29
260,632,181,230,29
261,632,181,230,29
262,632,181,230,29
263,632,181,230,29
264,632,181,230,29
265,632,181,230,29
266,632,181,230,29
267,632,181,230,29
268,632,181,230,29
269,632,181,230,29
270,632,181,230,29
271,632,181,230,29
272,632,181,230,29
273,632,181,230,29
274,632,181,230,29
275,632,181,230,29
276,632,189,233,53
208,633,188,232,51
209,633,181,230,29
210,633,181,230,29
211,633,181,230,29
212,633,181,230,29
213,633,181,230,29
214,633,181,230,29
215,633,181,230,29
216,633,181,230,29
217,633,181,230,29
218,633,181,230,29
219,633,181,230,29
220,633,181,230,29
221,633,181,230,29
222,633,181,230,29
223,633,181,230,29
224,633,181,230,29
225,633,181,230,29
226,633,181,230,29
227,633,181,230,29
228,633,181,230,29
229,633,181,230,29
230,633,181,230,29
231,633,181,230,29
232,633,181,230,29
233,633,181,230,29
234,633,181,230,29
235,633,181,230,29
236,633,181,230,29
237,633,181,230,29
238,633,181,230,29
239,633,181,230,29
240,633,181,230,29
241,633,181,230,29
242,633,181,230,29
243,633,181,230,29
244,633,181,230,29
245,633,181,230,29
246,633,181,230,29
247,633,181,230,29
248,633,181,230,29
249,633,181,230,29
250,633,181,230,29
251,633,181,230,29
252,633,181,230,29
253,633,181,230,29
254,633,181,230,29
255,633,181,230,29
256,633,181,230,29
257,633,181,230,29
258,633,181,230,29
259,633,181,230,29
260,633,181,230,29
261,633,181,230,29
262,633,181,230,29
263,633,181,230,29
264,633,181,230,29
265,633,181,230,29
266,633,181,230,29
267,633,181,230,29
268,633,181,230,29
269,633,181,230,29
270,633,181,230,29
271,633,181,230,29
272,633,181,230,29
273,633,181,230,29
274,633,181,230,29
275,633,182,230,32
276,633,195,235,72
208,634,189,233,53
209,634,181,230,29
210,634,181,230,29
211,634,181,230,29
212,634,181,230,29
213,634,181,230,29
214,634,181,230,29
215,634,181,230,29
216,634,181,230,29
217,634,181,230,29
218,634,181,230,29
219,634,181,230,29
220,634,181,230,29
221,634,181,230,29
222,634,181,230,29
223,634,181,230,29
224,634,181,230,29
225,634,181,230,29
226,634,181,230,29
227,634,181,230,29
228,634,181,230,29
229,634,181,230,29
230,634,181,230,29
231,634,181,230,29
232,634,181,230,29
233,634,181,230,29
234,634,181,230,29
235,634,181,230,29
236,634,181,230,29
237,634,181,230,29
238,634,181,230,29
239,634,181,230,29
240,634,181,230,29
241,634,181,230,29
242,634,181,230,29
243,634,181,230,29
244,634,181,230,29
245,634,181,230,29
246,634,181,230,29
247,634,181,230,29
248,634,181,230,29
249,634,181,230,29
250,634,181,230,29
251,634,181,230,29
252,634,181,230,29
253,634,181,230,29
254,634,181,230,29
255,634,181,230,29
256,634,181,230,29
257,634,181,230,29
258,634,181,230,29
259,634,181,230,29
260,634,181,230,29
261,634,181,230,29
262,634,181,230,29
263,634,181,230,29
264,634,181,230,29
265,634,181,230,29
266,634,181,230,29
267,634,181,230,29
268,634,181,230,29
269,634,181,230,29
270,634,181,230,29
271,634,181,230,29
272,634,181,230,29
273,634,181,230,29
274,634,181,230,29
275,634,188,232,51
208,635,189,233,53
209,635,181,230,29
210,635,181,230,29
211,635,181,230,29
212,635,181,230,29
213,635,181,230,29
214,635,181,230,29
215,635,181,230,29
216,635,181,230,29
217,635,181,230,29
218,635,181,230,29
219,635,181,230,29
220,635,181,230,29
221,635,181,230,29
222,635,181,230,29
223,635,181,230,29
224,635,181,230,29
225,635,181,230,29
226,635,181,230,29
227,635,181,230,29
228,635,181,230,29
229,635,181,230,29
230,635,181,230,29
231,635,181,230,29
232,635,181,230,29
233,635,181,230,29
234,635,181,230,29
235,635,181,230,29
236,635,181,230,29
237,635,181,230,29
238,635,181,230,29
239,635,181,230,29
240,635,181,230,29
241,635,181,230,29
242,635,181,230,29
243,635,181,230,29
244,635,181,230,29
245,635,181,230,29
246,635,181,230,29
247,635,181,230,29
248,635,181,230,29
249,635,181,230,29
250,635,181,230,29
251,635,181,230,29
252,635,181,230,29
253,635,181,230,29
254,635,181,230,29
255,635,181,230,29
256,635,181,230,29
257,635,181,230,29
258,635,181,230,29
259,635,181,230,29
260,635,181,230,29
261,635,181,230,29
262,635,181,230,29
263,635,181,230,29
264,635,181,230,29
265,635,181,230,29
266,635,181,230,29
267,635,181,230,29
268,635,181,230,29
269,635,181,230,29
270,635,181,230,29
271,635,181,230,29
272,635,181,230,29
273,635,181,230,29
274,635,181,230,29
275,635,189,233,53
208,636,195,235,72
209,636,182,230,32
210,636,181,230,29
211,636,181,230,29
212,636,181,230,29
213,636,181,230,29
214,636,181,230,29
215,636,181,230,29
216,636,181,230,29
217,636,181,230,29
218,636,181,230,29
219,636,181,230,29
220,636,181,230,29
221,636,181,230,29
222,636,181,230,29
223,636,181,230,29
224,636,181,230,29
225,636,181,230,29
226,636,181,230,29
227,636,181,230,29
228,636,181,230,29
229,636,181,230,29
230,636,181,230,29
231,636,181,230,29
232,636,181,230,29
233,636,181,230,29
234,636,181,230,29
235,636,181,230,29
236,636,181,230,29
237,636,181,230,29
238,636,181,230,29
239,636,181,230,29
240,636,181,230,29
241,636,181,230,29
242,636,181,230,29
243,636,181,230,29
244,636,181,230,29
245,636,181,230,29
246,636,181,230,29
247,636,181,230,29
248,636,181,230,29
249,636,181,230,29
250,636,181,230,29
251,636,181,230,29
252,636,181,230,29
253,636,181,230,29
254,636,181,230,29
255,636,181,230,29
256,636,181,230,29
257,636,181,230,29
258,636,181,230,29
259,636,181,230,29
260,636,181,230,29
261,636,181,230,29
262,636,181,230,29
263,636,181,230,29
264,636,181,230,29
265,636,181,230,29
266,636,181,230,29
267,636,181,230,29
268,636,181,230,29
269,636,181,230,29
270,636,181,230,29
271,636,181,230,29
272,636,181,230,29
273,636,181,230,29
274,636,182,230,32
275,636,195,235,72
209,637,188,232,51
210,637,181,230,29
211,637,181,230,29
212,637,181,230,29
213,637,181,230,29
214,637,181,230,29
215,637,181,230,29
216,637,181,230,29
217,637,181,230,29
218,637,181,230,29
219,637,181,230,29
220,637,181,230,29
221,637,181,230,29
222,637,181,230,29
223,637,181,230,29
224,637,181,230,29
225,637,181,230,29
226,637,181,230,29
227,637,181,230,29
228,637,181,230,29
229,637,181,230,29
230,637,181,230,29
231,637,181,230,29
232,637,181,230,29
233,637,181,230,29
234,637,181,230,29
235,637,181,230,29
236,637,181,230,29
237,637,181,230,29
238,637,181,230,29
239,637,181,230,29
240,637,181,230,29
241,637,181,230,29
242,637,181,230,29
243,637,181,230,29
244,637,181,230,29
245,637,181,230,29
246,637,181,230,29
247,637,181,230,29
248,637,181,230,29
249,637,181,230,29
250,637,181,230,29
251,637,181,230,29
252,637,181,230,29
253,637,181,230,29
254,637,181,230,29
255,637,181,230,29
256,637,181,230,29
257,637,181,230,29
258,637,181,230,29
259,637,181,230,29
260,637,181,230,29
261,637,181,230,29
262,637,181,230,29
263,637,181,230,29
264,637,181,230,29
265,637,181,230,29
266,637,181,230,29
267,637,181,230,29
268,637,181,230,29
269,637,181,230,29
270,637,181,230,29
271,637,181,230,29
272,637,181,230,29
273,637,181,230,29
274,637,188,232,51
209,638,189,233,53
210,638,181,230,29
211,638,181,230,29
212,638,181,230,29
213,638,181,230,29
214,638,181,230,29
215,638,181,230,29
216,638,181,230,29
217,638,181,230,29
218,638,181,230,29
219,638,181,230,29
220,638,181,230,29
221,638,181,230,29
222,638,181,230,29
223,638,181,230,29
224,638,181,230,29
225,638,181,230,29
226,638,181,230,29
227,638,181,230,29
228,638,181,230,29
229,638,181,230,29
230,638,181,230,29
231,638,181,230,29
232,638,181,230,29
233,638,181,230,29
234,638,181,230,29
235,638,181,230,29
236,638,181,230,29
237,638,181,230,29
238,638,181,230,29
239,638,181,230,29
240,638,181,230,29
241,638,181,230,29
242,638,181,230,29
243,638,181,230,29
244,638,181,230,29
245,638,181,230,29
246,638,181,230,29
247,638,181,230,29
248,638,181,230,29
249,638,181,230,29
250,638,181,230,29
251,638,181,230,29
252,638,181,230,29
253,638,181,230,29
254,638,181,230,29
255,638,181,230,29
256,638,181,230,29
257,638,181,230,29
258,638,181,230,29
259,638,181,230,29
260,638,181,230,29
261,638,181,230,29
262,638,181,230,29
263,638,181,230,29
264,638,181,230,29
265,638,181,230,29
266,638,181,230,29
267,638,181,230,29
268,638,181,230,29
269,638,181,230,29
270,638,181,230,29
271,638,181,230,29
272,638,181,230,29
273,638,181,230,29
274,638,189,233,53
209,639,195,235,72
210,639,182,230,32
211,639,181,230,29
212,639,181,230,29
213,639,181,230,29
214,639,181,230,29
215,639,181,230,29
216,639,181,230,29
217,639,181,230,29
218,639,181,230,29
219,639,181,230,29
220,639,181,230,29
221,639,181,230,29
222,639,181,230,29
223,639,181,230,29
224,639,181,230,29
225,639,181,230,29
226,639,181,230,29
227,639,181,230,29
228,639,181,230,29
229,639,181,230,29
230,639,181,230,29
231,639,181,230,29
232,639,181,230,29
233,639,181,230,29
234,639,181,230,29
235,639,181,230,29
236,639,181,230,29
237,639,181,230,29
238,639,181,230,29
239,639,181,230,29
240,639,181,230,29
241,639,181,230,29
242,639,181,230,29
243,639,181,230,29
244,639,181,230,29
245,639,181,230,29
246,639,181,230,29
247,639,181,230,29
248,639,181,230,29
249,639,181,230,29
250,639,181,230,29
251,639,181,230,29
252,639,181,230,29
253,639,181,230,29
254,639,181,230,29
255,639,181,230,29
256,639,181,230,29
257,639,181,230,29
258,639,181,230,29
259,639,181,230,29
260,639,181,230,29
261,639,181,230,29
262,639,181,230,29
263,639,181,230,29
264,639,181,230,29
265,639,181,230,29
266,639,181,230,29
267,639,181,230,29
268,639,181,230,29
269,639,181,230,29
270,639,181,230,29
271,639,181,230,29
272,639,181,230,29
273,639,182,230,32
274,639,195,235,72
210,640,188,232,51
211,640,181,230,29
212,640,181,230,29
213,640,181,230,29
214,640,181,230,29
215,640,181,230,29
216,640,181,230,29
217,640,181,230,29
218,640,181,230,29
219,640,181,230,29
220,640,181,230,29
221,640,181,230,29
222,640,181,230,29
223,640,181,230,29
224,640,181,230,29
225,640,181,230,29
226,640,181,230,29
227,640,181,230,29
228,640,181,230,29
229,640,181,230,29
230,640,181,230,29
231,640,181,230,29
232,640,181,230,29
233,640,181,230,29
234,640,181,230,29
235,640,181,230,29
236,640,181,230,29
237,640,181,230,29
238,640,181,230,29
239,640,181,230,29
240,640,181,230,29
241,640,181,230,29
242,640,181,230,29
243,640,181,230,29
244,640,181,230,29
245,640,181,230,29
246,640,181,230,29
247,640,181,230,29
248,640,181,230,29
249,640,181,230,29
250,640,181,230,29
251,640,181,230,29
252,640,181,230,29
253,640,181,230,29
254,640,181,230,29
255,640,181,230,29
256,640,181,230,29
257,640,181,230,29
258,640,181,230,29
259,640,181,230,29
260,640,181,230,29
261,640,181,230,29
262,640,181,230,29
263,640,181,230,29
264,640,181,230,29
265,640,181,230,29
266,640,181,230,29
267,640,181,230,29
268,640,181,230,29
269,640,181,230,29
270,640,181,230,29
271,640,181,230,29
272,640,181,230,29
273,640,188,232,51
210,641,195,235,72
211,641,182,230,32
212,641,181,230,29
213,641,181,230,29
214,641,181,230,29
215,641,181,230,29
216,641,181,230,29
217,641,181,230,29
218,641,181,230,29
219,641,181,230,29
220,641,181,230,29
221,641,181,230,29
222,641,181,230,29
223,641,181,230,29
224,641,181,230,29
225,641,181,230,29
226,641,181,230,29
227,641,181,230,29
228,641,181,230,29
229,641,181,230,29
230,641,181,230,29
231,641,181,230,29
232,641,181,230,29
233,641,181,230,29
234,641,181,230,29
235,641,181,230,29
236,641,181,230,29
237,641,181,230,29
238,641,181,230,29
239,641,181,230,29
240,641,181,230,29
241,641,181,230,29
242,641,181,230,29
243,641,181,230,29
244,641,181,230,29
245,641,181,230,29
246,641,181,230,29
247,641,181,230,29
248,641,181,230,29
249,641,181,230,29
250,641,181,230,29
251,641,181,230,29
252,641,181,230,29
253,641,181,230,29
254,641,181,230,29
255,641,181,230,29
256,641,181,230,29
257,641,181,230,29
258,641,181,230,29
259,641,181,230,29
260,641,181,230,29
261,641,181,230,29
262,641,181,230,29
263,641,181,230,29
264,641,181,230,29
265,641,181,230,29
266,641,181,230,29
267,641,181,230,29
268,641,181,230,29
269,641,181,230,29
270,641,181,230,29
271,641,181,230,29
272,641,182,230,32
273,641,195,235,72
211,642,188,232,51
212,642,181,230,29
213,642,181,230,29
214,642,181,230,29
215,642,181,230,29
216,642,181,230,29
217,642,181,230,29
218,642,181,230,29
219,642,181,230,29
220,642,181,230,29
221,642,181,230,29
222,642,181,230,29
223,642,181,230,29
224,642,181,230,29
225,642,181,230,29
226,642,181,230,29
227,642,181,230,29
228,642,181,230,29
229,642,181,230,29
230,642,181,230,29
231,642,181,230,29
232,642,181,230,29
233,642,181,230,29
234,642,181,230,29
235,642,181,230,29
236,642,181,230,29
237,642,181,230,29
238,642,181,230,29
239,642,181,230,29
240,642,181,230,29
241,642,181,230,29
242,642,181,230,29
243,642,181,230,29
244,642,181,230,29
245,642,181,230,29
246,642,181,230,29
247,642,181,230,29
248,642,181,230,29
249,642,181,230,29
250,642,181,230,29
251,642,181,230,29
252,642,181,230,29
253,642,181,230,29
254,642,181,230,29
255,642,181,230,29
256,642,181,230,29
257,642,181,230,29
258,642,181,230,29
259,642,181,230,29
260,642,181,230,29
261,642,181,230,29
262,642,181,230,29
263,642,181,230,29
264,642,181,230,29
265,642,181,230,29
266,642,181,230,29
267,642,181,230,29
268,642,181,230,29
269,642,181,230,29
270,642,181,230,29
271,642,181,230,29
272,642,188,232,51
211,643,195,235,72
212,643,182,230,32
213,643,181,230,29
214,643,181,230,29
215,643,181,230,29
216,643,181,230,29
217,643,181,230,29
218,643,181,230,29
219,643,181,230,29
220,643,181,230,29
221,643,181,230,29
222,643,181,230,29
223,643,181,230,29
224,643,181,230,29
225,643,181,230,29
226,643,181,230,29
227,643,181,230,29
228,643,181,230,29
229,643,181,230,29
230,643,181,230,29
231,643,181,230,29
232,643,181,230,29
233,643,181,230,29
234,643,181,230,29
235,643,181,230,29
236,643,181,230,29
237,643,181,230,29
238,643,181,230,29
239,643,181,230,29
240,643,181,230,29
241,643,181,230,29
242,643,181,230,29
243,643,181,230,29
244,643,181,230,29
245,643,181,230,29
246,643,181,230,29
247,643,181,230,29
248,643,181,230,29
249,643,181,230,29
250,643,181,230,29
251,643,181,230,29
252,643,181,230,29
253,643,181,230,29
254,643,181,230,29
255,643,181,230,29
256,643,181,230,29
257,643,181,230,29
258,643,181,230,29
259,643,181,230,29
260,643,181,230,29
261,643,181,230,29
262,643,181,230,29
263,643,181,230,29
264,643,181,230,29
265,643,181,230,29
266,643,181,230,29
267,643,181,230,29
268,643,181,230,29
269,643,181,230,29
270,643,181,230,29
271,643,182,230,32
272,643,195,235,72
212,644,188,232,51
213,644,181,230,29
214,644,181,230,29
215,644,181,230,29
216,644,181,230,29
217,644,181,230,29
218,644,181,230,29
219,644,181,230,29
220,644,181,230,29
221,644,181,230,29
222,644,181,230,29
223,644,181,230,29
224,644,181,230,29
225,644,181,230,29
226,644,181,230,29
227,644,181,230,29
228,644,181,230,29
229,644,181,230,29
230,644,181,230,29
231,644,181,230,29
232,644,181,230,29
233,644,181,230,29
234,644,181,230,29
235,644,181,230,29
236,644,181,230,29
237,644,181,230,29
238,644,181,230,29
239,644,181,230,29
240,644,181,230,29
241,644,181,230,29
242,644,181,230,29
243,644,181,230,29
244,644,181,230,29
245,644,181,230,29
246,644,181,230,29
247,644,181,230,29
248,644,181,230,29
249,644,181,230,29
250,644,181,230,29
251,644,181,230,29
252,644,181,230,29
253,644,181,230,29
254,644,181,230,29
255,644,181,230,29
256,644,181,230,29
257,644,181,230,29
258,644,181,230,29
259,644,181,230,29
260,644,181,230,29
261,644,181,230,29
262,644,181,230,29
263,644,181,230,29
264,644,181,230,29
265,644,181,230,29
266,644,181,230,29
267,644,181,230,29
268,644,181,230,29
269,644,181,230,29
270,644,181,230,29
271,644,188,232,51
212,645,195,235,72
213,645,182,230,32
214,645,181,230,29
215,645,181,230,29
216,645,181,230,29
217,645,181,230,29
218,645,181,230,29
219,645,181,230,29
220,645,181,230,29
221,645,181,230,29
222,645,181,230,29
223,645,181,230,29
224,645,181,230,29
225,645,181,230,29
226,645,181,230,29
227,645,181,230,29
228,645,181,230,29
229,645,181,230,29
230,645,181,230,29
231,645,181,230,29
232,645,181,230,29
233,645,181,230,29
234,645,181,230,29
235,645,181,230,29
236,645,181,230,29
237,645,181,230,29
238,645,181,230,29
239,645,181,230,29
240,645,181,230,29
241,645,181,230,29
242,645,181,230,29
243,645,181,230,29
244,645,181,230,29
245,645,181,230,29
246,645,181,230,29
247,645,181,230,29
248,645,181,230,29
249,645,181,230,29
250,645,181,230,29
251,645,181,230,29
252,645,181,230,29
253,645,181,230,29
254,645,181,230,29
255,645,181,230,29
256,645,181,230,29
257,645,181,230,29
258,645,181,230,29
259,645,181,230,29
260,645,181,230,29
261,645,181,230,29
262,645,181,230,29
263,645,181,230,29
264,645,181,230,29
265,645,181,230,29
266,645,181,230,29
267,645,181,230,29
268,645,181,230,29
269,645,181,230,29
270,645,182,230,32
271,645,195,235,72
213,646,194,234,69
214,646,182,230,32
215,646,181,230,29
216,646,181,230,29
217,646,181,230,29
218,646,181,230,29
219,646,181,230,29
220,646,181,230,29
221,646,181,230,29
222,646,181,230,29
223,646,181,230,29
224,646,181,230,29
225,646,181,230,29
226,646,181,230,29
227,646,181,230,29
228,646,181,230,29
229,646,181,230,29
230,646,181,230,29
231,646,181,230,29
232,646,181,230,29
233,646,181,230,29
234,646,181,230,29
235,646,181,230,29
236,646,181,230,29
237,646,181,230,29
238,646,181,230,29
239,646,181,230,29
240,646,181,230,29
241,646,181,230,29
242,646,181,230,29
243,646,181,230,29
244,646,181,230,29
245,646,181,230,29
246,646,181,230,29
247,646,181,230,29
248,646,181,230,29
249,646,181,230,29
250,646,181,230,29
251,646,181,230,29
252,646,181,230,29
253,646,181,230,29
254,646,181,230,29
255,646,181,230,29
256,646,181,230,29
257,646,181,230,29
258,646,181,230,29
259,646,181,230,29
260,646,181,230,29
261,646,181,230,29
262,646,181,230,29
263,646,181,230,29
264,646,181,230,29
265,646,181,230,29
266,646,181,230,29
267,646,181,230,29
268,646,181,230,29
269,646,182,230,32
270,646,194,234,69
214,647,188,232,51
215,647,181,230,29
216,647,181,230,29
217,647,181,230,29
218,647,181,230,29
219,647,181,230,29
220,647,181,230,29
221,647,181,230,29
222,647,181,230,29
223,647,181,230,29
224,647,181,230,29
225,647,181,230,29
226,647,181,230,29
227,647,181,230,29
228,647,181,230,29
229,647,181,230,29
230,647,181,230,29
231,647,181,230,29
232,647,181,230,29
233,647,181,230,29
234,647,181,230,29
235,647,181,230,29
236,647,181,230,29
237,647,181,230,29
238,647,181,230,29
239,647,181,230,29
240,647,181,230,29
241,647,181,230,29
242,647,181,230,29
243,647,181,230,29
244,647,181,230,29
245,647,181,230,29
246,647,181,230,29
247,647,181,230,29
248,647,181,230,29
249,647,181,230,29
250,647,181,230,29
251,647,181,230,29
252,647,181,230,29
253,647,181,230,29
254,647,181,230,29
255,647,181,230,29
256,647,181,230,29
257,647,181,230,29
258,647,181,230,29
259,647,181,230,29
260,647,181,230,29
261,647,181,230,29
262,647,181,230,29
263,647,181,230,29
264,647,181,230,29
265,647,181,230,29
266,647,181,230,29
267,647,181,230,29
268,647,181,230,29
269,647,188,232,51
214,648,195,235,72
215,648,182,230,32
216,648,181,230,29
217,648,181,230,29
218,648,181,230,29
219,648,181,230,29
220,648,181,230,29
221,648,181,230,29
222,648,181,230,29
223,648,181,230,29
224,648,181,230,29
225,648,181,230,29
226,648,181,230,29
227,648,181,230,29
228,648,181,230,29
229,648,181,230,29
230,648,181,230,29
231,648,181,230,29
232,648,181,230,29
233,648,181,230,29
234,648,181,230,29
235,648,181,230,29
236,648,181,230,29
237,648,181,230,29
238,648,181,230,29
239,648,181,230,29
240,648,181,230,29
241,648,181,230,29
242,648,181,230,29
243,648,181,230,29
244,648,181,230,29
245,648,181,230,29
246,648,181,230,29
247,648,181,230,29
248,648,181,230,29
249,648,181,230,29
250,648,181,230,29
251,648,181,230,29
252,648,181,230,29
253,648,181,230,29
254,648,181,230,29
255,648,181,230,29
256,648,181,230,29
257,648,181,230,29
258,648,181,230,29
259,648,181,230,29
260,648,181,230,29
261,648,181,230,29
262,648,181,230,29
263,648,181,230,29
264,648,181,230,29
265,648,181,230,29
266,648,181,230,29
267,648,181,230,29
268,648,182,230,32
269,648,195,235,72
215,649,194,234,69
216,649,182,230,32
217,649,181,230,29
218,649,181,230,29
219,649,181,230,29
220,649,181,230,29
221,649,181,230,29
222,649,181,230,29
223,649,181,230,29
224,649,181,230,29
225,649,181,230,29
226,649,181,230,29
227,649,181,230,29
228,649,181,230,29
229,649,181,230,29
230,649,181,230,29
231,649,181,230,29
232,649,181,230,29
233,649,181,230,29
234,649,181,230,29
235,649,181,230,29
236,649,181,230,29
237,649,181,230,29
238,649,181,230,29
239,649,181,230,29
240,649,181,230,29
241,649,181,230,29
242,649,181,230,29
243,649,181,230,29
244,649,181,230,29
245,649,181,230,29
246,649,181,230,29
247,649,181,230,29
248,649,181,230,29
249,649,181,230,29
250,649,181,230,29
251,649,181,230,29
252,649,181,230,29
253,649,181,230,29
254,649,181,230,29
255,649,181,230,29
256,649,181,230,29
257,649,181,230,29
258,649,181,230,29
259,649,181,230,29
260,649,181,230,29
261,649,181,230,29
262,649,181,230,29
263,649,181,230,29
264,649,181,230,29
265,649,181,230,29
266,649,181,230,29
267,649,182,230,32
268,649,194,234,69
216,650,188,232,51
217,650,181,230,29
218,650,181,230,29
219,650,181,230,29
220,650,181,230,29
221,650,181,230,29
222,650,181,230,29
223,650,181,230,29
224,650,181,230,29
225,650,181,230,29
226,650,181,230,29
227,650,181,230,29
228,650,181,230,29
229,650,181,230,29
230,650,181,230,29
231,650,181,230,29
232,650,181,230,29
233,650,181,230,29
234,650,181,230,29
235,650,181,230,29
236,650,181,230,29
237,650,181,230,29
238,650,181,230,29
239,650,181,230,29
240,650,181,230,29
241,650,181,230,29
242,650,181,230,29
243,650,181,230,29
244,650,181,230,29
245,650,181,230,29
246,650,181,230,29
247,650,181,230,29
248,650,181,230,29
249,650,181,230,29
250,650,181,230,29
251,650,181,230,29
252,650,181,230,29
253,650,181,230,29
254,650,181,230,29
255,650,181,230,29
256,650,181,230,29
257,650,181,230,29
258,650,181,230,29
259,650,181,230,29
260,650,181,230,29
261,650,181,230,29
262,650,181,230,29
263,650,181,230,29
264,650,181,230,29
265,650,181,230,29
266,650,181,230,29
267,650,188,232,51
216,651,195,235,72
217,651,182,230,32
218,651,181,230,29
219,651,181,230,29
220,651,181,230,29
221,651,181,230,29
222,651,181,230,29
223,651,181,230,29
224,651,181,230,29
225,651,181,230,29
226,651,181,230,29
227,651,181,230,29
228,651,181,230,29
229,651,181,230,29
230,651,181,230,29
231,651,181,230,29
232,651,181,230,29
233,651,181,230,29
234,651,181,230,29
235,651,181,230,29
236,651,181,230,29
237,651,181,230,29
238,651,181,230,29
239,651,181,230,29
240,651,181,230,29
241,651,181,230,29
242,651,181,230,29
243,651,181,230,29
244,651,181,230,29
245,651,181,230,29
246,651,181,230,29
247,651,181,230,29
248,651,181,230,29
249,651,181,230,29
250,651,181,230,29
251,651,181,230,29
252,651,181,230,29
253,651,181,230,29
254,651,181,230,29
255,651,181,230,29
256,651,181,230,29
257,651,181,230,29
258,651,181,230,29
259,651,181,230,29
260,651,181,230,29
261,651,181,230,29
262,651,181,230,29
263,651,181,230,29
264,651,181,230,29
265,651,181,230,29
266,651,182,230,32
267,651,195,235,72
217,652,194,234,69
218,652,182,230,32
219,652,181,230,29
220,652,181,230,29
221,652,181,230,29
222,652,181,230,29
223,652,181,230,29
224,652,181,230,29
225,652,181,230,29
226,652,181,230,29
227,652,181,230,29
228,652,181,230,29
229,652,181,230,29
230,652,181,230,29
231,652,181,230,29
232,652,181,230,29
233,652,181,230,29
234,652,181,230,29
235,652,181,230,29
236,652,181,230,29
237,652,181,230,29
238,652,181,230,29
239,652,181,230,29
240,652,181,230,29
241,652,181,230,29
242,652,181,230,29
243,652,181,230,29
244,652,181,230,29
245,652,181,230,29
246,652,181,230,29
247,652,181,230,29
248,652,181,230,29
249,652,181,230,29
250,652,181,230,29
251,652,181,230,29
252,652,181,230,29
253,652,181,230,29
254,652,181,230,29
255,652,181,230,29
256,652,181,230,29
257,652,181,230,29
258,652,181,230,29
259,652,181,230,29
260,652,181,230,29
261,652,181,230,29
262,652,181,230,29
263,652,181,230,29
264,652,181,230,29
265,652,182,230,32
266,652,194,234,69
218,653,194,234,69
219,653,182,230,32
220,653,181,230,29
221,653,181,230,29
222,653,181,230,29
223,653,181,230,29
224,653,181,230,29
225,653,181,230,29
226,653,181,230,29
227,653,181,230,29
228,653,181,230,29
229,653,181,230,29
230,653,181,230,29
231,653,181,230,29
232,653,181,230,29
233,653,181,230,29
234,653,181,230,29
235,653,181,230,29
236,653,181,230,29
237,653,181,230,29
238,653,181,230,29
239,653,181,230,29
240,653,181,230,29
241,653,181,230,29
242,653,181,230,29
243,653,181,230,29
244,653,181,230,29
245,653,181,230,29
246,653,181,230,29
247,653,181,230,29
248,653,181,230,29
249,653,181,230,29
250,653,181,230,29
251,653,181,230,29
252,653,181,230,29
253,653,181,230,29
254,653,181,230,29
255,653,181,230,29
256,653,181,230,29
257,653,181,230,29
258,653,181,230,29
259,653,181,230,29
260,653,181,230,29
261,653,181,230,29
262,653,181,230,29
263,653,181,230,29
264,653,182,230,32
265,653,194,234,69
219,654,194,234,69
220,654,182,230,32
221,654,181,230,29
222,654,181,230,29
223,654,181,230,29
224,654,181,230,29
225,654,181,230,29
226,654,181,230,29
227,654,181,230,29
228,654,181,230,29
229,654,181,230,29
230,654,181,230,29
231,654,181,230,29
232,654,181,230,29
233,654,181,230,29
234,654,181,230,29
235,654,181,230,29
236,654,181,230,29
237,654,181,230,29
238,654,181,230,29
239,654,181,230,29
240,654,181,230,29
241,654,181,230,29
242,654,181,230,29
243,654,181,230,29
244,654,181,230,29
245,654,181,230,29
246,654,181,230,29
247,654,181,230,29
248,654,181,230,29
249,654,181,230,29
250,654,181,230,29
251,654,181,230,29
252,654,181,230,29
253,654,181,230,29
254,654,181,230,29
255,654,181,230,29
256,654,181,230,29
257,654,181,230,29
258,654,181,230,29
259,654,181,230,29
260,654,181,230,29
261,654,181,230,29
262,654,181,230,29
263,654,182,230,32
264,654,194,234,69
220,655,194,234,69
221,655,182,230,32
222,655,181,230,29
223,655,181,230,29
224,655,181,230,29
225,655,181,230,29
226,655,181,230,29
227,655,181,230,29
228,655,181,230,29
229,655,181,230,29
230,655,181,230,29
231,655,181,230,29
232,655,181,230,29
233,655,181,230,29
234,655,181,230,29
235,655,181,230,29
236,655,181,230,29
237,655,181,230,29
238,655,181,230,29
239,655,181,230,29
240,655,181,230,29
241,655,181,230,29
242,655,181,230,29
243,655,181,230,29
244,655,181,230,29
245,655,181,230,29
246,655,181,230,29
247,655,181,230,29
248,655,181,230,29
249,655,181,230,29
250,655,181,230,29
251,655,181,230,29
252,655,181,230,29
253,655,181,230,29
254,655,181,230,29
255,655,181,230,29
256,655,181,230,29
257,655,181,230,29
258,655,181,230,29
259,655,181,230,29
260,655,181,230,29
261,655,181,230,29
262,655,182,230,32
263,655,194,234,69
221,656,195,235,72
222,656,188,232,51
223,656,182,230,32
224,656,181,230,29
225,656,181,230,29
226,656,181,230,29
227,656,181,230,29
228,656,181,230,29
229,656,181,230,29
230,656,181,230,29
231,656,181,230,29
232,656,181,230,29
233,656,181,230,29
234,656,181,230,29
235,656,181,230,29
236,656,181,230,29
237,656,181,230,29
238,656,181,230,29
239,656,181,230,29
240,656,181,230,29
241,656,181,230,29
242,656,181,230,29
243,656,181,230,29
244,656,181,230,29
245,656,181,230,29
246,656,181,230,29
247,656,181,230,29
248,656,181,230,29
249,656,181,230,29
250,656,181,230,29
251,656,181,230,29
252,656,181,230,29
253,656,181,230,29
254,656,181,230,29
255,656,181,230,29
256,656,181,230,29
257,656,181,230,29
258,656,181,230,29
259,656,181,230,29
260,656,182,230,32
261,656,188,232,51
262,656,195,235,72
223,657,194,234,69
224,657,182,230,32
225,657,181,230,29
226,657,181,230,29
227,657,181,230,29
228,657,181,230,29
229,657,181,230,29
230,657,181,230,29
231,657,181,230,29
232,657,181,230,29
233,657,181,230,29
234,657,181,230,29
235,657,181,230,29
236,657,181,230,29
237,657,181,230,29
238,657,181,230,29
239,657,181,230,29
240,657,181,230,29
241,657,181,230,29
242,657,181,230,29
243,657,181,230,29
244,657,181,230,29
245,657,181,230,29
246,657,181,230,29
247,657,181,230,29
248,657,181,230,29
249,657,181,230,29
250,657,181,230,29
251,657,181,230,29
252,657,181,230,29
253,657,181,230,29
254,657,181,230,29
255,657,181,230,29
256,657,181,230,29
257,657,181,230,29
258,657,181,230,29
259,657,182,230,32
260,657,194,234,69
224,658,195,235,72
225,658,188,232,51
226,658,182,230,32
227,658,181,230,29
228,658,181,230,29
229,658,181,230,29
230,658,181,230,29
231,658,181,230,29
232,658,181,230,29
233,658,181,230,29
234,658,181,230,29
235,658,181,230,29
236,658,181,230,29
237,658,181,230,29
238,658,181,230,29
239,658,181,230,29
240,658,181,230,29
241,658,181,230,29
242,658,181,230,29
243,658,181,230,29
244,658,181,230,29
245,658,181,230,29
246,658,181,230,29
247,658,181,230,29
248,658,181,230,29
249,658,181,230,29
250,658,181,230,29
251,658,181,230,29
252,658,181,230,29
253,658,181,230,29
254,658,181,230,29
255,658,181,230,29
256,658,181,230,29
257,658,182,230,32
258,658,188,232,51
259,658,195,235,72
226,659,195,235,72
227,659,188,232,51
228,659,182,230,32
229,659,181,230,29
230,659,181,230,29
231,659,181,230,29
232,659,181,230,29
233,659,181,230,29
234,659,181,230,29
235,659,181,230,29
236,659,181,230,29
237,659,181,230,29
238,659,181,230,29
239,659,181,230,29
240,659,181,230,29
241,659,181,230,29
242,659,181,230,29
243,659,181,230,29
244,659,181,230,29
245,659,181,230,29
246,659,181,230,29
247,659,181,230,29
248,659,181,230,29
249,659,181,230,29
250,659,181,230,29
251,659,181,230,29
252,659,181,230,29
253,659,181,230,29
254,659,181,230,29
255,659,182,230,32
256,659,188,232,51
257,659,195,235,72
228,660,195,235,72
229,660,188,232,51
230,660,182,230,32
231,660,181,230,29
232,660,181,230,29
233,660,181,230,29
234,660,181,230,29
235,660,181,230,29
236,660,181,230,29
237,660,181,230,29
238,660,181,230,29
239,660,181,230,29
240,660,181,230,29
241,660,181,230,29
242,660,181,230,29
243,660,181,230,29
244,660,181,230,29
245,660,181,230,29
246,660,181,230,29
247,660,181,230,29
248,660,181,230,29
249,660,181,230,29
250,660,181,230,29
251,660,181,230,29
252,660,181,230,29
253,660,182,230,32
254,660,188,232,51
255,660,195,235,72
230,661,195,235,72
231,661,189,233,53
232,661,188,232,51
233,661,182,230,32
234,661,181,230,29
235,661,181,230,29
236,661,181,230,29
237,661,181,230,29
238,661,181,230,29
239,661,181,230,29
240,661,181,230,29
241,661,181,230,29
242,661,181,230,29
243,661,181,230,29
244,661,181,230,29
245,661,181,230,29
246,661,181,230,29
247,661,181,230,29
248,661,181,230,29
249,661,181,230,29
250,661,182,230,32
251,661,188,232,51
252,661,189,233,53
253,661,195,235,72
233,662,195,235,72
234,662,189,233,53
235,662,188,232,51
236,662,182,230,32
237,662,181,230,29
238,662,181,230,29
239,662,181,230,29
240,662,181,230,29
241,662,181,230,29
242,662,181,230,29
243,662,181,230,29
244,662,181,230,29
245,662,181,230,29
246,662,182,230,32
247,662,188,232,51
248,662,189,233,53
249,662,189,233,53
250,662,195,235,72
236,663,195,235,72
237,663,189,233,53
238,663,189,233,53
239,663,189,233,53
240,663,189,233,53
241,663,189,233,53
242,663,189,233,53
243,663,189,233,53
244,663,189,233,53
245,663,189,233,53
246,663,195,235,72
