879,670,195,235,72
880,670,195,235,72
877,671,195,235,72
878,671,188,232,51
879,671,182,230,32
880,671,182,230,32
881,671,188,232,51
882,671,195,235,72
876,672,194,234,69
877,672,182,230,32
878,672,181,230,29
879,672,181,230,29
880,672,181,230,29
881,672,181,230,29
882,672,182,230,32
883,672,194,234,69
875,673,194,234,69
876,673,182,230,32
877,673,181,230,29
878,673,181,230,29
879,673,181,230,29
880,673,181,230,29
881,673,181,230,29
882,673,181,230,29
883,673,182,230,32
884,673,194,234,69
874,674,194,234,69
875,674,182,230,32
876,674,181,230,29
877,674,181,230,29
878,674,181,230,29
879,674,181,230,29
880,674,181,230,29
881,674,181,230,29
882,674,181,230,29
883,674,181,230,29
884,674,182,230,32
885,674,194,234,69
873,675,194,234,69
874,675,182,230,32
875,675,181,230,29
876,675,181,230,29
877,675,181,230,29
878,675,181,230,29
879,675,181,230,29
880,675,181,230,29
881,675,181,230,29
882,675,181,230,29
883,675,181,230,29
884,675,181,230,29
885,675,182,230,32
886,675,194,234,69
872,676,194,234,69
873,676,182,230,32
874,676,181,230,29
875,676,181,230,29
876,676,181,230,29
877,676,181,230,29
878,676,181,230,29
879,676,181,230,29
880,676,181,230,29
881,676,181,230,29
882,676,181,230,29
883,676,181,230,29
884,676,181,230,29
885,676,181,230,29
886,676,182,230,32
887,676,194,234,69
871,677,194,234,69
872,677,182,230,32
873,677,181,230,29
874,677,181,230,29
875,677,181,230,29
876,677,181,230,29
877,677,181,230,29
878,677,181,230,29
879,677,181,230,29
880,677,181,230,29
881,677,181,230,29
882,677,181,230,29
883,677,181,230,29
884,677,181,230,29
885,677,181,230,29
886,677,181,230,29
887,677,182,230,32
888,677,194,234,69
870,678,194,234,69
871,678,182,230,32
872,678,181,230,29
873,678,181,230,29
874,678,181,230,29
875,678,181,230,29
876,678,181,230,29
877,678,181,230,29
878,678,181,230,29
879,678,181,230,29
880,678,181,230,29
881,678,181,230,29
882,678,181,230,29
883,678,181,230,29
884,678,181,230,29
885,678,181,230,29
886,678,181,230,29
887,678,181,230,29
888,678,182,230,32
889,678,194,234,69
869,679,194,234,69
870,679,182,230,32
871,679,181,230,29
872,679,181,230,29
873,679,181,230,29
874,679,181,230,29
875,679,181,230,29
876,679,181,230,29
877,679,181,230,29
878,679,181,230,29
879,679,181,230,29
880,679,181,230,29
881,679,181,230,29
882,679,181,230,29
883,679,181,230,29
884,679,181,230,29
885,679,181,230,29
886,679,181,230,29
887,679,181,230,29
888,679,181,230,29
889,679,182,230,32
890,679,194,234,69
868,680,194,234,69
869,680,182,230,32
870,680,181,230,29
871,680,181,230,29
872,680,181,230,29
873,680,181,230,29
874,680,181,230,29
875,680,181,230,29
876,680,181,230,29
877,680,181,230,29
878,680,181,230,29
879,680,181,230,29
880,680,181,230,29
881,680,181,230,29
882,680,181,230,29
883,680,181,230,29
884,680,181,230,29
885,680,181,230,29
886,680,181,230,29
887,680,181,230,29
888,680,181,230,29
889,680,181,230,29
890,680,182,230,32
891,680,194,234,69
867,681,194,234,69
868,681,182,230,32
869,681,181,230,29
870,681,181,230,29
871,681,181,230,29
872,681,181,230,29
873,681,181,230,29
874,681,181,230,29
875,681,181,230,29
876,681,181,230,29
877,681,181,230,29
878,681,181,230,29
879,681,181,230,29
880,681,181,230,29
881,681,181,230,29
882,681,181,230,29
883,681,181,230,29
884,681,181,230,29
885,681,181,230,29
886,681,181,230,29
887,681,181,230,29
888,681,181,230,29
889,681,181,230,29
890,681,181,230,29
891,681,182,230,32
892,681,194,234,69
866,682,194,234,69
867,682,182,230,32
868,682,181,230,29
869,682,181,230,29
870,682,181,230,29
871,682,181,230,29
872,682,181,230,29
873,682,181,230,29
874,682,181,230,29
875,682,181,230,29
876,682,181,230,29
877,682,181,230,29
878,682,181,230,29
879,682,181,230,29
880,682,181,230,29
881,682,181,230,29
882,682,181,230,29
883,682,181,230,29
884,682,181,230,29
885,682,181,230,29
886,682,181,230,29
887,682,181,230,29
888,682,181,230,29
889,682,181,230,29
890,682,181,230,29
891,682,181,230,29
892,682,182,230,32
893,682,194,234,69
865,683,194,234,69
866,683,182,230,32
867,683,181,230,29
868,683,181,230,29
869,683,181,230,29
870,683,181,230,29
871,683,181,230,29
872,683,181,230,29
873,683,181,230,29
874,683,181,230,29
875,683,181,230,29
876,683,181,230,29
877,683,181,230,29
878,683,181,230,29
879,683,181,230,29
880,683,181,230,29
881,683,181,230,29
882,683,181,230,29
883,683,181,230,29
884,683,181,230,29
885,683,181,230,29
886,683,181,230,29
887,683,181,230,29
888,683,181,230,29
889,683,181,230,29
890,683,181,230,29
891,683,181,230,29
892,683,181,230,29
893,683,182,230,32
894,683,194,234,69
864,684,194,234,69
865,684,182,230,32
866,684,181,230,29
867,684,181,230,29
868,684,181,230,29
869,684,181,230,29
870,684,181,230,29
871,684,181,230,29
872,684,181,230,29
873,684,181,230,29
874,684,181,230,29
875,684,181,230,29
876,684,181,230,29
877,684,181,230,29
878,684,181,230,29
879,684,181,230,29
880,684,181,230,29
881,684,181,230,29
882,684,181,230,29
883,684,181,230,29
884,684,181,230,29
885,684,181,230,29
886,684,181,230,29
887,684,181,230,29
888,684,181,230,29
889,684,181,230,29
890,684,181,230,29
891,684,181,230,29
892,684,181,230,29
893,684,181,230,29
894,684,182,230,32
895,684,194,234,69
863,685,194,234,69
864,685,182,230,32
865,685,181,230,29
866,685,181,230,29
867,685,181,230,29
868,685,181,230,29
869,685,181,230,29
870,685,181,230,29
871,685,181,230,29
872,685,181,230,29
873,685,181,230,29
874,685,181,230,29
875,685,181,230,29
876,685,181,230,29
877,685,181,230,29
878,685,181,230,29
879,685,181,230,29
880,685,181,230,29
881,685,181,230,29
882,685,181,230,29
883,685,181,230,29
884,685,181,230,29
885,685,181,230,29
886,685,181,230,29
887,685,181,230,29
888,685,181,230,29
889,685,181,230,29
890,685,181,230,29
891,685,181,230,29
892,685,181,230,29
893,685,181,230,29
894,685,181,230,29
895,685,182,230,32
896,685,194,234,69
862,686,195,235,72
863,686,182,230,32
864,686,181,230,29
865,686,181,230,29
866,686,181,230,29
867,686,181,230,29
868,686,181,230,29
869,686,181,230,29
870,686,181,230,29
871,686,181,230,29
872,686,181,230,29
873,686,181,230,29
874,686,181,230,29
875,686,181,230,29
876,686,181,230,29
877,686,181,230,29
878,686,181,230,29
879,686,181,230,29
880,686,181,230,29
881,686,181,230,29
882,686,181,230,29
883,686,181,230,29
884,686,181,230,29
885,686,181,230,29
886,686,181,230,29
887,686,181,230,29
888,686,181,230,29
889,686,181,230,29
890,686,181,230,29
891,686,181,230,29
892,686,181,230,29
893,686,181,230,29
894,686,181,230,29
895,686,181,230,29
896,686,182,230,32
897,686,195,235,72
862,687,188,232,51
863,687,181,230,29
864,687,181,230,29
865,687,181,230,29
866,687,181,230,29
867,687,181,230,29
868,687,181,230,29
869,687,181,230,29
870,687,181,230,29
871,687,181,230,29
872,687,181,230,29
873,687,181,230,29
874,687,181,230,29
875,687,181,230,29
876,687,181,230,29
877,687,181,230,29
878,687,181,230,29
879,687,181,230,29
880,687,181,230,29
881,687,181,230,29
882,687,181,230,29
883,687,181,230,29
884,687,181,230,29
885,687,181,230,29
886,687,181,230,29
887,687,181,230,29
888,687,181,230,29
889,687,181,230,29
890,687,181,230,29
891,687,181,230,29
892,687,181,230,29
893,687,181,230,29
894,687,181,230,29
895,687,181,230,29
896,687,181,230,29
897,687,188,232,51
861,688,195,235,72
862,688,182,230,32
863,688,181,230,29
864,688,181,230,29
865,688,181,230,29
866,688,181,230,29
867,688,181,230,29
868,688,181,230,29
869,688,181,230,29
870,688,181,230,29
871,688,181,230,29
872,688,181,230,29
873,688,181,230,29
874,688,181,230,29
875,688,181,230,29
876,688,181,230,29
877,688,181,230,29
878,688,181,230,29
879,688,181,230,29
880,688,181,230,29
881,688,181,230,29
882,688,181,230,29
883,688,181,230,29
884,688,181,230,29
885,688,181,230,29
886,688,181,230,29
887,688,181,230,29
888,688,181,230,29
889,688,181,230,29
890,688,181,230,29
891,688,181,230,29
892,688,181,230,29
893,688,181,230,29
894,688,181,230,29
895,688,181,230,29
896,688,181,230,29
897,688,182,230,32
898,688,195,235,72
861,689,195,235,72
862,689,182,230,32
863,689,181,230,29
864,689,181,230,29
865,689,181,230,29
866,689,181,230,29
867,689,181,230,29
868,689,181,230,29
869,689,181,230,29
870,689,181,230,29
871,689,181,230,29
872,689,181,230,29
873,689,181,230,29
874,689,181,230,29
875,689,181,230,29
876,689,181,230,29
877,689,181,230,29
878,689,181,230,29
879,689,181,230,29
880,689,181,230,29
881,689,181,230,29
882,689,181,230,29
883,689,181,230,29
884,689,181,230,29
885,689,181,230,29
886,689,181,230,29
887,689,181,230,29
888,689,181,230,29
889,689,181,230,29
890,689,181,230,29
891,689,181,230,29
892,689,181,230,29
893,689,181,230,29
894,689,181,230,29
895,689,181,230,29
896,689,181,230,29
897,689,182,230,32
898,689,195,235,72
862,690,188,232,51
863,690,181,230,29
864,690,181,230,29
865,690,181,230,29
866,690,181,230,29
867,690,181,230,29
868,690,181,230,29
869,690,181,230,29
870,690,181,230,29
871,690,181,230,29
872,690,181,230,29
873,690,181,230,29
874,690,181,230,29
875,690,181,230,29
876,690,181,230,29
877,690,181,230,29
878,690,181,230,29
879,690,181,230,29
880,690,181,230,29
881,690,181,230,29
882,690,181,230,29
883,690,181,230,29
884,690,181,230,29
885,690,181,230,29
886,690,181,230,29
887,690,181,230,29
888,690,181,230,29
889,690,181,230,29
890,690,181,230,29
891,690,181,230,29
892,690,181,230,29
893,690,181,230,29
894,690,181,230,29
895,690,181,230,29
896,690,181,230,29
897,690,188,232,51
862,691,195,235,72
863,691,182,230,32
864,691,181,230,29
865,691,181,230,29
866,691,181,230,29
867,691,181,230,29
868,691,181,230,29
869,691,181,230,29
870,691,181,230,29
871,691,181,230,29
872,691,181,230,29
873,691,181,230,29
874,691,181,230,29
875,691,181,230,29
876,691,181,230,29
877,691,181,230,29
878,691,181,230,29
879,691,181,230,29
880,691,181,230,29
881,691,181,230,29
882,691,181,230,29
883,691,181,230,29
884,691,181,230,29
885,691,181,230,29
886,691,181,230,29
887,691,181,230,29
888,691,181,230,29
889,691,181,230,29
890,691,181,230,29
891,691,181,230,29
892,691,181,230,29
893,691,181,230,29
894,691,181,230,29
895,691,181,230,29
896,691,182,230,32
897,691,195,235,72
863,692,194,234,69
864,692,182,230,32
865,692,181,230,29
866,692,181,230,29
867,692,181,230,29
868,692,181,230,29
869,692,181,230,29
870,692,181,230,29
871,692,181,230,29
872,692,181,230,29
873,692,181,230,29
874,692,181,230,29
875,692,181,230,29
876,692,181,230,29
877,692,181,230,29
878,692,181,230,29
879,692,181,230,29
880,692,181,230,29
881,692,181,230,29
882,692,181,230,29
883,692,181,230,29
884,692,181,230,29
885,692,181,230,29
886,692,181,230,29
887,692,181,230,29
888,692,181,230,29
889,692,181,230,29
890,692,181,230,29
891,692,181,230,29
892,692,181,230,29
893,692,181,230,29
894,692,181,230,29
895,692,182,230,32
896,692,194,234,69
864,693,194,234,69
865,693,182,230,32
866,693,181,230,29
867,693,181,230,29
868,693,181,230,29
869,693,181,230,29
870,693,181,230,29
871,693,181,230,29
872,693,181,230,29
873,693,181,230,29
874,693,181,230,29
875,693,181,230,29
876,693,181,230,29
877,693,181,230,29
878,693,181,230,29
879,693,181,230,29
880,693,181,230,29
881,693,181,230,29
882,693,181,230,29
883,693,181,230,29
884,693,181,230,29
885,693,181,230,29
886,693,181,230,29
887,693,181,230,29
888,693,181,230,29
889,693,181,230,29
890,693,181,230,29
891,693,181,230,29
892,693,181,230,29
893,693,181,230,29
894,693,182,230,32
895,693,194,234,69
865,694,194,234,69
866,694,182,230,32
867,694,181,230,29
868,694,181,230,29
869,694,181,230,29
870,694,181,230,29
871,694,181,230,29
872,694,181,230,29
873,694,181,230,29
874,694,181,230,29
875,694,181,230,29
876,694,181,230,29
877,694,181,230,29
878,694,181,230,29
879,694,181,230,29
880,694,181,230,29
881,694,181,230,29
882,694,181,230,29
883,694,181,230,29
884,694,181,230,29
885,694,181,230,29
886,694,181,230,29
887,694,181,230,29
888,694,181,230,29
889,694,181,230,29
890,694,181,230,29
891,694,181,230,29
892,694,181,230,29
893,694,182,230,32
894,694,194,234,69
866,695,194,234,69
867,695,182,230,32
868,695,181,230,29
869,695,181,230,29
870,695,181,230,29
871,695,181,230,29
872,695,181,230,29
873,695,181,230,29
874,695,181,230,29
875,695,181,230,29
876,695,181,230,29
877,695,181,230,29
878,695,181,230,29
879,695,181,230,29
880,695,181,230,29
881,695,181,230,29
882,695,181,230,29
883,695,181,230,29
884,695,181,230,29
885,695,181,230,29
886,695,181,230,29
887,695,181,230,29
888,695,181,230,29
889,695,181,230,29
890,695,181,230,29
891,695,181,230,29
892,695,182,230,32
893,695,194,234,69
867,696,194,234,69
868,696,182,230,32
869,696,181,230,29
870,696,181,230,29
871,696,181,230,29
872,696,181,230,29
873,696,181,230,29
874,696,181,230,29
875,696,181,230,29
876,696,181,230,29
877,696,181,230,29
878,696,181,230,29
879,696,181,230,29
880,696,181,230,29
881,696,181,230,29
882,696,181,230,29
883,696,181,230,29
884,696,181,230,29
885,696,181,230,29
886,696,181,230,29
887,696,181,230,29
888,696,181,230,29
889,696,181,230,29
890,696,181,230,29
891,696,182,230,32
892,696,194,234,69
868,697,194,234,69
869,697,182,230,32
870,697,181,230,29
871,697,181,230,29
872,697,181,230,29
873,697,181,230,29
874,697,181,230,29
875,697,181,230,29
876,697,181,230,29
877,697,181,230,29
878,697,181,230,29
879,697,181,230,29
880,697,181,230,29
881,697,181,230,29
882,697,181,230,29
883,697,181,230,29
884,697,181,230,29
885,697,181,230,29
886,697,181,230,29
887,697,181,230,29
888,697,181,230,29
889,697,181,230,29
890,697,182,230,32
891,697,194,234,69
869,698,194,234,69
870,698,182,230,32
871,698,181,230,29
872,698,181,230,29
873,698,181,230,29
874,698,181,230,29
875,698,181,230,29
876,698,181,230,29
877,698,181,230,29
878,698,181,230,29
879,698,181,230,29
880,698,181,230,29
881,698,181,230,29
882,698,181,230,29
883,698,181,230,29
884,698,181,230,29
885,698,181,230,29
886,698,181,230,29
887,698,181,230,29
888,698,181,230,29
889,698,182,230,32
890,698,194,234,69
870,699,194,234,69
871,699,182,230,32
872,699,181,230,29
873,699,181,230,29
874,699,181,230,29
875,699,181,230,29
876,699,181,230,29
877,699,181,230,29
878,699,181,230,29
879,699,181,230,29
880,699,181,230,29
881,699,181,230,29
882,699,181,230,29
883,699,181,230,29
884,699,181,230,29
885,699,181,230,29
886,699,181,230,29
887,699,181,230,29
888,699,182,230,32
889,699,194,234,69
871,700,194,234,69
872,700,182,230,32
873,700,181,230,29
874,700,181,230,29
875,700,181,230,29
876,700,181,230,29
877,700,181,230,29
878,700,181,230,29
879,700,181,230,29
880,700,181,230,29
881,700,181,230,29
882,700,181,230,29
883,700,181,230,29
884,700,181,230,29
885,700,181,230,29
886,700,181,230,29
887,700,182,230,32
888,700,194,234,69
872,701,194,234,69
873,701,182,230,32
874,701,181,230,29
875,701,181,230,29
876,701,181,230,29
877,701,181,230,29
878,701,181,230,29
879,701,181,230,29
880,701,181,230,29
881,701,181,230,29
882,701,181,230,29
883,701,181,230,29
884,701,181,230,29
885,701,181,230,29
886,701,182,230,32
887,701,194,234,69
873,702,194,234,69
874,702,182,230,32
875,702,181,230,29
876,702,181,230,29
877,702,181,230,29
878,702,181,230,29
879,702,181,230,29
880,702,181,230,29
881,702,181,230,29
882,702,181,230,29
883,702,181,230,29
884,702,181,230,29
885,702,182,230,32
886,702,194,234,69
874,703,194,234,69
875,703,182,230,32
876,703,181,230,29
877,703,181,230,29
878,703,181,230,29
879,703,181,230,29
880,703,181,230,29
881,703,181,230,29
882,703,181,230,29
883,703,181,230,29
884,703,182,230,32
885,703,194,234,69
875,704,194,234,69
876,704,182,230,32
877,704,181,230,29
878,704,181,230,29
879,704,181,230,29
880,704,181,230,29
881,704,181,230,29
882,704,181,230,29
883,704,182,230,32
884,704,194,234,69
876,705,194,234,69
877,705,182,230,32
878,705,181,230,29
879,705,181,230,29
880,705,181,230,29
881,705,181,230,29
882,705,182,230,32
883,705,194,234,69
877,706,195,235,72
878,706,188,232,51
879,706,182,230,32
880,706,182,230,32
881,706,188,232,51
882,706,195,235,72
879,707,195,235,72
880,707,195,235,72
