511,484,195,235,72
512,484,189,233,53
513,484,195,235,72
510,485,195,235,72
511,485,182,230,32
512,485,181,230,29
513,485,182,230,32
514,485,194,234,69
510,486,189,233,53
511,486,181,230,29
512,486,181,230,29
513,486,181,230,29
514,486,182,230,32
515,486,194,234,69
510,487,195,235,72
511,487,182,230,32
512,487,181,230,29
513,487,181,230,29
514,487,181,230,29
515,487,182,230,32
516,487,194,234,69
511,488,194,234,69
512,488,182,230,32
513,488,181,230,29
514,488,181,230,29
515,488,181,230,29
516,488,182,230,32
517,488,194,234,69
512,489,194,234,69
513,489,182,230,32
514,489,181,230,29
515,489,181,230,29
516,489,181,230,29
517,489,182,230,32
518,489,194,234,69
513,490,194,234,69
514,490,182,230,32
515,490,181,230,29
516,490,181,230,29
517,490,181,230,29
518,490,182,230,32
519,490,188,232,51
520,490,195,235,72
514,491,194,234,69
515,491,182,230,32
516,491,181,230,29
517,491,181,230,29
518,491,181,230,29
519,491,181,230,29
520,491,182,230,32
521,491,194,234,69
515,492,195,235,72
516,492,188,232,51
517,492,182,230,32
518,492,181,230,29
519,492,181,230,29
520,492,181,230,29
521,492,182,230,32
522,492,194,234,69
517,493,194,234,69
518,493,182,230,32
519,493,181,230,29
520,493,181,230,29
521,493,181,230,29
522,493,182,230,32
523,493,194,234,69
518,494,194,234,69
519,494,182,230,32
520,494,181,230,29
521,494,181,230,29
522,494,181,230,29
523,494,182,230,32
524,494,194,234,69
519,495,194,234,69
520,495,182,230,32
521,495,181,230,29
522,495,181,230,29
523,495,181,230,29
524,495,182,230,32
525,495,194,234,69
520,496,194,234,69
521,496,182,230,32
522,496,181,230,29
523,496,181,230,29
524,496,181,230,29
525,496,182,230,32
526,496,194,234,69
521,497,194,234,69
522,497,182,230,32
523,497,181,230,29
524,497,181,230,29
525,497,181,230,29
526,497,182,230,32
527,497,194,234,69
522,498,194,234,69
523,498,182,230,32
524,498,181,230,29
525,498,181,230,29
526,498,181,230,29
527,498,182,230,32
528,498,194,234,69
523,499,194,234,69
524,499,182,230,32
525,499,181,230,29
526,499,181,230,29
527,499,181,230,29
528,499,182,230,32
529,499,188,232,51
530,499,195,235,72
524,500,194,234,69
525,500,182,230,32
526,500,181,230,29
527,500,181,230,29
528,500,181,230,29
529,500,181,230,29
530,500,182,230,32
531,500,194,234,69
525,501,194,234,69
526,501,182,230,32
527,501,181,230,29
528,501,181,230,29
529,501,181,230,29
530,501,181,230,29
531,501,182,230,32
532,501,194,234,69
526,502,195,235,72
527,502,188,232,51
528,502,182,230,32
529,502,181,230,29
530,502,181,230,29
531,502,181,230,29
532,502,182,230,32
533,502,194,234,69
528,503,194,234,69
529,503,182,230,32
530,503,181,230,29
531,503,181,230,29
532,503,181,230,29
533,503,182,230,32
534,503,194,234,69
529,504,194,234,69
530,504,182,230,32
531,504,181,230,29
532,504,181,230,29
533,504,181,230,29
534,504,182,230,32
535,504,194,234,69
530,505,194,234,69
531,505,182,230,32
532,505,181,230,29
533,505,181,230,29
534,505,181,230,29
535,505,182,230,32
536,505,188,232,51
537,505,195,235,72
531,506,194,234,69
532,506,182,230,32
533,506,181,230,29
534,506,181,230,29
535,506,181,230,29
536,506,181,230,29
537,506,182,230,32
538,506,194,234,69
532,507,194,234,69
533,507,182,230,32
534,507,181,230,29
535,507,181,230,29
536,507,181,230,29
537,507,181,230,29
538,507,182,230,32
539,507,194,234,69
533,508,194,234,69
534,508,182,230,32
535,508,181,230,29
536,508,181,230,29
537,508,181,230,29
538,508,181,230,29
539,508,182,230,32
540,508,194,234,69
661,508,195,235,72
662,508,189,233,53
663,508,189,233,53
664,508,189,233,53
665,508,195,235,72
534,509,195,235,72
535,509,188,232,51
536,509,182,230,32
537,509,181,230,29
538,509,181,230,29
539,509,181,230,29
540,509,182,230,32
541,509,194,234,69
655,509,195,235,72
656,509,189,233,53
657,509,189,233,53
658,509,189,233,53
659,509,189,233,53
660,509,188,232,51
661,509,182,230,32
662,509,181,230,29
663,509,181,230,29
664,509,181,230,29
665,509,182,230,32
666,509,195,235,72
536,510,194,234,69
537,510,182,230,32
538,510,181,230,29
539,510,181,230,29
540,510,181,230,29
541,510,182,230,32
542,510,188,232,51
543,510,195,235,72
650,510,195,235,72
651,510,189,233,53
652,510,189,233,53
653,510,189,233,53
654,510,188,232,51
655,510,182,230,32
656,510,181,230,29
657,510,181,230,29
658,510,181,230,29
659,510,181,230,29
660,510,181,230,29
661,510,181,230,29
662,510,181,230,29
663,510,181,230,29
664,510,181,230,29
665,510,181,230,29
666,510,189,233,53
537,511,194,234,69
538,511,182,230,32
539,511,181,230,29
540,511,181,230,29
541,511,181,230,29
542,511,181,230,29
543,511,182,230,32
544,511,194,234,69
644,511,195,235,72
645,511,189,233,53
646,511,189,233,53
647,511,189,233,53
648,511,189,233,53
649,511,188,232,51
650,511,182,230,32
651,511,181,230,29
652,511,181,230,29
653,511,181,230,29
654,511,181,230,29
655,511,181,230,29
656,511,181,230,29
657,511,181,230,29
658,511,181,230,29
659,511,181,230,29
660,511,181,230,29
661,511,181,230,29
662,511,181,230,29
663,511,181,230,29
664,511,181,230,29
665,511,182,230,32
666,511,195,235,72
538,512,194,234,69
539,512,182,230,32
540,512,181,230,29
541,512,181,230,29
542,512,181,230,29
543,512,181,230,29
544,512,182,230,32
545,512,194,234,69
639,512,195,235,72
640,512,189,233,53
641,512,189,233,53
642,512,189,233,53
643,512,188,232,51
644,512,182,230,32
645,512,181,230,29
646,512,181,230,29
647,512,181,230,29
648,512,181,230,29
649,512,181,230,29
650,512,181,230,29
651,512,181,230,29
652,512,181,230,29
653,512,181,230,29
654,512,181,230,29
655,512,181,230,29
656,512,181,230,29
657,512,181,230,29
658,512,181,230,29
659,512,181,230,29
660,512,181,230,29
661,512,182,230,32
662,512,188,232,51
663,512,189,233,53
664,512,189,233,53
665,512,195,235,72
539,513,194,234,69
540,513,182,230,32
541,513,181,230,29
542,513,181,230,29
543,513,181,230,29
544,513,181,230,29
545,513,182,230,32
546,513,194,234,69
634,513,195,235,72
635,513,189,233,53
636,513,189,233,53
637,513,189,233,53
638,513,188,232,51
639,513,182,230,32
640,513,181,230,29
641,513,181,230,29
642,513,181,230,29
643,513,181,230,29
644,513,181,230,29
645,513,181,230,29
646,513,181,230,29
647,513,181,230,29
648,513,181,230,29
649,513,181,230,29
650,513,181,230,29
651,513,181,230,29
652,513,181,230,29
653,513,181,230,29
654,513,181,230,29
655,513,182,230,32
656,513,188,232,51
657,513,189,233,53
658,513,189,233,53
659,513,189,233,53
660,513,189,233,53
661,513,195,235,72
540,514,195,235,72
541,514,188,232,51
542,514,182,230,32
543,514,181,230,29
544,514,181,230,29
545,514,181,230,29
546,514,182,230,32
547,514,188,232,51
548,514,195,235,72
630,514,195,235,72
631,514,189,233,53
632,514,189,233,53
633,514,188,232,51
634,514,182,230,32
635,514,181,230,29
636,514,181,230,29
637,514,181,230,29
638,514,181,230,29
639,514,181,230,29
640,514,181,230,29
641,514,181,230,29
642,514,181,230,29
643,514,181,230,29
644,514,181,230,29
645,514,181,230,29
646,514,181,230,29
647,514,181,230,29
648,514,181,230,29
649,514,182,230,32
650,514,188,232,51
651,514,189,233,53
652,514,189,233,53
653,514,189,233,53
654,514,189,233,53
655,514,195,235,72
542,515,194,234,69
543,515,182,230,32
544,515,181,230,29
545,515,181,230,29
546,515,181,230,29
547,515,181,230,29
548,515,182,230,32
549,515,194,234,69
625,515,195,235,72
626,515,189,233,53
627,515,189,233,53
628,515,189,233,53
629,515,188,232,51
630,515,182,230,32
631,515,181,230,29
632,515,181,230,29
633,515,181,230,29
634,515,181,230,29
635,515,181,230,29
636,515,181,230,29
637,515,181,230,29
638,515,181,230,29
639,515,181,230,29
640,515,181,230,29
641,515,181,230,29
642,515,181,230,29
643,515,181,230,29
644,515,182,230,32
645,515,188,232,51
646,515,189,233,53
647,515,189,233,53
648,515,189,233,53
649,515,195,235,72
543,516,194,234,69
544,516,182,230,32
545,516,181,230,29
546,516,181,230,29
547,516,181,230,29
548,516,181,230,29
549,516,182,230,32
550,516,194,234,69
621,516,195,235,72
622,516,189,233,53
623,516,189,233,53
624,516,188,232,51
625,516,182,230,32
626,516,181,230,29
627,516,181,230,29
628,516,181,230,29
629,516,181,230,29
630,516,181,230,29
631,516,181,230,29
632,516,181,230,29
633,516,181,230,29
634,516,181,230,29
635,516,181,230,29
636,516,181,230,29
637,516,181,230,29
638,516,181,230,29
639,516,182,230,32
640,516,188,232,51
641,516,189,233,53
642,516,189,233,53
643,516,189,233,53
644,516,195,235,72
544,517,195,235,72
545,517,188,232,51
546,517,182,230,32
547,517,181,230,29
548,517,181,230,29
549,517,181,230,29
550,517,182,230,32
551,517,188,232,51
552,517,195,235,72
617,517,195,235,72
618,517,189,233,53
619,517,189,233,53
620,517,188,232,51
621,517,182,230,32
622,517,181,230,29
623,517,181,230,29
624,517,181,230,29
625,517,181,230,29
626,517,181,230,29
627,517,181,230,29
628,517,181,230,29
629,517,181,230,29
630,517,181,230,29
631,517,181,230,29
632,517,181,230,29
633,517,181,230,29
634,517,182,230,32
635,517,188,232,51
636,517,189,233,53
637,517,189,233,53
638,517,189,233,53
639,517,195,235,72
546,518,194,234,69
547,518,182,230,32
548,518,181,230,29
549,518,181,230,29
550,518,181,230,29
551,518,181,230,29
552,518,182,230,32
553,518,194,234,69
613,518,195,235,72
614,518,189,233,53
615,518,189,233,53
616,518,188,232,51
617,518,182,230,32
618,518,181,230,29
619,518,181,230,29
620,518,181,230,29
621,518,181,230,29
622,518,181,230,29
623,518,181,230,29
624,518,181,230,29
625,518,181,230,29
626,518,181,230,29
627,518,181,230,29
628,518,181,230,29
629,518,182,230,32
630,518,188,232,51
631,518,189,233,53
632,518,189,233,53
633,518,189,233,53
634,518,195,235,72
547,519,194,234,69
548,519,182,230,32
549,519,181,230,29
550,519,181,230,29
551,519,181,230,29
552,519,181,230,29
553,519,182,230,32
554,519,188,232,51
555,519,195,235,72
609,519,195,235,72
610,519,189,233,53
611,519,189,233,53
612,519,188,232,51
613,519,182,230,32
614,519,181,230,29
615,519,181,230,29
616,519,181,230,29
617,519,181,230,29
618,519,181,230,29
619,519,181,230,29
620,519,181,230,29
621,519,181,230,29
622,519,181,230,29
623,519,181,230,29
624,519,181,230,29
625,519,182,230,32
626,519,188,232,51
627,519,189,233,53
628,519,189,233,53
629,519,195,235,72
548,520,195,235,72
549,520,188,232,51
550,520,182,230,32
551,520,181,230,29
552,520,181,230,29
553,520,181,230,29
554,520,181,230,29
555,520,182,230,32
556,520,188,232,51
557,520,195,235,72
605,520,195,235,72
606,520,189,233,53
607,520,189,233,53
608,520,188,232,51
609,520,182,230,32
610,520,181,230,29
611,520,181,230,29
612,520,181,230,29
613,520,181,230,29
614,520,181,230,29
615,520,181,230,29
616,520,181,230,29
617,520,181,230,29
618,520,181,230,29
619,520,181,230,29
620,520,181,230,29
621,520,182,230,32
622,520,188,232,51
623,520,189,233,53
624,520,189,233,53
625,520,195,235,72
550,521,194,234,69
551,521,182,230,32
552,521,181,230,29
553,521,181,230,29
554,521,181,230,29
555,521,181,230,29
556,521,181,230,29
557,521,182,230,32
558,521,194,234,69
601,521,195,235,72
602,521,189,233,53
603,521,189,233,53
604,521,188,232,51
605,521,182,230,32
606,521,181,230,29
607,521,181,230,29
608,521,181,230,29
609,521,181,230,29
610,521,181,230,29
611,521,181,230,29
612,521,181,230,29
613,521,181,230,29
614,521,181,230,29
615,521,181,230,29
616,521,182,230,32
617,521,188,232,51
618,521,189,233,53
619,521,189,233,53
620,521,189,233,53
621,521,195,235,72
551,522,195,235,72
552,522,188,232,51
553,522,182,230,32
554,522,181,230,29
555,522,181,230,29
556,522,181,230,29
557,522,181,230,29
558,522,182,230,32
559,522,188,232,51
560,522,189,233,53
561,522,195,235,72
597,522,195,235,72
598,522,189,233,53
599,522,189,233,53
600,522,188,232,51
601,522,182,230,32
602,522,181,230,29
603,522,181,230,29
604,522,181,230,29
605,522,181,230,29
606,522,181,230,29
607,522,181,230,29
608,522,181,230,29
609,522,181,230,29
610,522,181,230,29
611,522,181,230,29
612,522,182,230,32
613,522,188,232,51
614,522,189,233,53
615,522,189,233,53
616,522,195,235,72
553,523,195,235,72
554,523,188,232,51
555,523,182,230,32
556,523,181,230,29
557,523,181,230,29
558,523,181,230,29
559,523,181,230,29
560,523,181,230,29
561,523,182,230,32
562,523,188,232,51
563,523,195,235,72
593,523,195,235,72
594,523,189,233,53
595,523,189,233,53
596,523,188,232,51
597,523,182,230,32
598,523,181,230,29
599,523,181,230,29
600,523,181,230,29
601,523,181,230,29
602,523,181,230,29
603,523,181,230,29
604,523,181,230,29
605,523,181,230,29
606,523,181,230,29
607,523,181,230,29
608,523,182,230,32
609,523,188,232,51
610,523,189,233,53
611,523,189,233,53
612,523,195,235,72
555,524,194,234,69
556,524,182,230,32
557,524,181,230,29
558,524,181,230,29
559,524,181,230,29
560,524,181,230,29
561,524,181,230,29
562,524,181,230,29
563,524,182,230,32
564,524,188,232,51
565,524,189,233,53
566,524,195,235,72
589,524,195,235,72
590,524,189,233,53
591,524,189,233,53
592,524,188,232,51
593,524,182,230,32
594,524,181,230,29
595,524,181,230,29
596,524,181,230,29
597,524,181,230,29
598,524,181,230,29
599,524,181,230,29
600,524,181,230,29
601,524,181,230,29
602,524,181,230,29
603,524,181,230,29
604,524,181,230,29
605,524,182,230,32
606,524,188,232,51
607,524,189,233,53
608,524,195,235,72
556,525,195,235,72
557,525,188,232,51
558,525,182,230,32
559,525,181,230,29
560,525,181,230,29
561,525,181,230,29
562,525,181,230,29
563,525,181,230,29
564,525,181,230,29
565,525,181,230,29
566,525,182,230,32
567,525,188,232,51
568,525,189,233,53
569,525,195,235,72
583,525,195,235,72
584,525,189,233,53
585,525,189,233,53
586,525,189,233,53
587,525,189,233,53
588,525,188,232,51
589,525,182,230,32
590,525,181,230,29
591,525,181,230,29
592,525,181,230,29
593,525,181,230,29
594,525,181,230,29
595,525,181,230,29
596,525,181,230,29
597,525,181,230,29
598,525,181,230,29
599,525,181,230,29
600,525,181,230,29
601,525,182,230,32
602,525,188,232,51
603,525,189,233,53
604,525,189,233,53
605,525,195,235,72
558,526,195,235,72
559,526,188,232,51
560,526,182,230,32
561,526,181,230,29
562,526,181,230,29
563,526,181,230,29
564,526,181,230,29
565,526,181,230,29
566,526,181,230,29
567,526,181,230,29
568,526,181,230,29
569,526,182,230,32
570,526,188,232,51
571,526,189,233,53
572,526,189,233,53
573,526,189,233,53
574,526,189,233,53
575,526,189,233,53
576,526,189,233,53
577,526,189,233,53
578,526,189,233,53
579,526,189,233,53
580,526,189,233,53
581,526,189,233,53
582,526,188,232,51
583,526,182,230,32
584,526,181,230,29
585,526,181,230,29
586,526,181,230,29
587,526,181,230,29
588,526,181,230,29
589,526,181,230,29
590,526,181,230,29
591,526,181,230,29
592,526,181,230,29
593,526,181,230,29
594,526,181,230,29
595,526,181,230,29
596,526,181,230,29
597,526,182,230,32
598,526,188,232,51
599,526,189,233,53
600,526,189,233,53
601,526,195,235,72
560,527,195,235,72
561,527,189,233,53
562,527,188,232,51
563,527,182,230,32
564,527,181,230,29
565,527,181,230,29
566,527,181,230,29
567,527,181,230,29
568,527,181,230,29
569,527,181,230,29
570,527,181,230,29
571,527,181,230,29
572,527,181,230,29
573,527,181,230,29
574,527,181,230,29
575,527,181,230,29
576,527,181,230,29
577,527,181,230,29
578,527,181,230,29
579,527,181,230,29
580,527,181,230,29
581,527,181,230,29
582,527,181,230,29
583,527,181,230,29
584,527,181,230,29
585,527,181,230,29
586,527,181,230,29
587,527,181,230,29
588,527,181,230,29
589,527,181,230,29
590,527,181,230,29
591,527,181,230,29
592,527,181,230,29
593,527,182,230,32
594,527,188,232,51
595,527,189,233,53
596,527,189,233,53
597,527,195,235,72
563,528,195,235,72
564,528,189,233,53
565,528,188,232,51
566,528,182,230,32
567,528,181,230,29
568,528,181,230,29
569,528,181,230,29
570,528,181,230,29
571,528,181,230,29
572,528,181,230,29
573,528,181,230,29
574,528,181,230,29
575,528,181,230,29
576,528,181,230,29
577,528,181,230,29
578,528,181,230,29
579,528,181,230,29
580,528,181,230,29
581,528,181,230,29
582,528,181,230,29
583,528,181,230,29
584,528,181,230,29
585,528,181,230,29
586,528,181,230,29
587,528,181,230,29
588,528,182,230,32
589,528,188,232,51
590,528,189,233,53
591,528,189,233,53
592,528,189,233,53
593,528,195,235,72
566,529,195,235,72
567,529,189,233,53
568,529,189,233,53
569,529,188,232,51
570,529,182,230,32
571,529,181,230,29
572,529,181,230,29
573,529,181,230,29
574,529,181,230,29
575,529,181,230,29
576,529,181,230,29
577,529,181,230,29
578,529,181,230,29
579,529,181,230,29
580,529,181,230,29
581,529,181,230,29
582,529,182,230,32
583,529,188,232,51
584,529,189,233,53
585,529,189,233,53
586,529,189,233,53
587,529,189,233,53
588,529,195,235,72
570,530,195,235,72
571,530,189,233,53
572,530,189,233,53
573,530,189,233,53
574,530,189,233,53
575,530,189,233,53
576,530,189,233,53
577,530,189,233,53
578,530,189,233,53
579,530,189,233,53
580,530,189,233,53
581,530,189,233,53
582,530,195,235,72
