630,643,195,235,72
631,643,189,233,53
632,643,189,233,53
633,643,189,233,53
634,643,189,233,53
635,643,189,233,53
636,643,189,233,53
637,643,189,233,53
638,643,189,233,53
639,643,189,233,53
640,643,189,233,53
641,643,189,233,53
642,643,189,233,53
643,643,189,233,53
644,643,189,233,53
645,643,189,233,53
646,643,189,233,53
647,643,189,233,53
648,643,189,233,53
649,643,189,233,53
650,643,189,233,53
651,643,189,233,53
652,643,189,233,53
653,643,189,233,53
654,643,189,233,53
655,643,189,233,53
656,643,189,233,53
657,643,189,233,53
658,643,189,233,53
659,643,189,233,53
660,643,189,233,53
661,643,189,233,53
662,643,189,233,53
663,643,189,233,53
664,643,189,233,53
665,643,189,233,53
666,643,189,233,53
667,643,189,233,53
668,643,189,233,53
669,643,189,233,53
670,643,189,233,53
671,643,189,233,53
672,643,189,233,53
673,643,189,233,53
674,643,189,233,53
675,643,189,233,53
676,643,189,233,53
677,643,189,233,53
678,643,189,233,53
679,643,189,233,53
680,643,189,233,53
681,643,189,233,53
682,643,189,233,53
683,643,189,233,53
684,643,189,233,53
685,643,189,233,53
686,643,189,233,53
687,643,189,233,53
688,643,189,233,53
689,643,189,233,53
690,643,189,233,53
691,643,189,233,53
692,643,189,233,53
693,643,189,233,53
694,643,189,233,53
695,643,189,233,53
696,643,189,233,53
697,643,189,233,53
698,643,195,235,72
629,644,195,235,72
630,644,182,230,32
631,644,181,230,29
632,644,181,230,29
633,644,181,230,29
634,644,181,230,29
635,644,181,230,29
636,644,181,230,29
637,644,181,230,29
638,644,181,230,29
639,644,181,230,29
640,644,181,230,29
641,644,181,230,29
642,644,181,230,29
643,644,181,230,29
644,644,181,230,29
645,644,181,230,29
646,644,181,230,29
647,644,181,230,29
648,644,181,230,29
649,644,181,230,29
650,644,181,230,29
651,644,181,230,29
652,644,181,230,29
653,644,181,230,29
654,644,181,230,29
655,644,181,230,29
656,644,181,230,29
657,644,181,230,29
658,644,181,230,29
659,644,181,230,29
660,644,181,230,29
661,644,181,230,29
662,644,181,230,29
663,644,181,230,29
664,644,181,230,29
665,644,181,230,29
666,644,181,230,29
667,644,181,230,29
668,644,181,230,29
669,644,181,230,29
670,644,181,230,29
671,644,181,230,29
672,644,181,230,29
673,644,181,230,29
674,644,181,230,29
675,644,181,230,29
676,644,181,230,29
677,644,181,230,29
678,644,181,230,29
679,644,181,230,29
680,644,181,230,29
681,644,181,230,29
682,644,181,230,29
683,644,181,230,29
684,644,181,230,29
685,644,181,230,29
686,644,181,230,29
687,644,181,230,29
688,644,181,230,29
689,644,181,230,29
690,644,181,230,29
691,644,181,230,29
692,644,181,230,29
693,644,181,230,29
694,644,181,230,29
695,644,181,230,29
696,644,181,230,29
697,644,181,230,29
698,644,182,230,32
699,644,195,235,72
629,645,189,233,53
630,645,181,230,29
631,645,181,230,29
632,645,181,230,29
633,645,181,230,29
634,645,181,230,29
635,645,181,230,29
636,645,181,230,29
637,645,181,230,29
638,645,181,230,29
639,645,181,230,29
640,645,181,230,29
641,645,181,230,29
642,645,181,230,29
643,645,181,230,29
644,645,181,230,29
645,645,181,230,29
646,645,181,230,29
647,645,181,230,29
648,645,181,230,29
649,645,181,230,29
650,645,181,230,29
651,645,181,230,29
652,645,181,230,29
653,645,181,230,29
654,645,181,230,29
655,645,181,230,29
656,645,181,230,29
657,645,181,230,29
658,645,181,230,29
659,645,181,230,29
660,645,181,230,29
661,645,181,230,29
662,645,181,230,29
663,645,181,230,29
664,645,181,230,29
665,645,181,230,29
666,645,181,230,29
667,645,181,230,29
668,645,181,230,29
669,645,181,230,29
670,645,181,230,29
671,645,181,230,29
672,645,181,230,29
673,645,181,230,29
674,645,181,230,29
675,645,181,230,29
676,645,181,230,29
677,645,181,230,29
678,645,181,230,29
679,645,181,230,29
680,645,181,230,29
681,645,181,230,29
682,645,181,230,29
683,645,181,230,29
684,645,181,230,29
685,645,181,230,29
686,645,181,230,29
687,645,181,230,29
688,645,181,230,29
689,645,181,230,29
690,645,181,230,29
691,645,181,230,29
692,645,181,230,29
693,645,181,230,29
694,645,181,230,29
695,645,181,230,29
696,645,181,230,29
697,645,181,230,29
698,645,181,230,29
699,645,189,233,53
629,646,195,235,72
630,646,182,230,32
631,646,181,230,29
632,646,181,230,29
633,646,181,230,29
634,646,181,230,29
635,646,181,230,29
636,646,181,230,29
637,646,181,230,29
638,646,181,230,29
639,646,181,230,29
640,646,181,230,29
641,646,181,230,29
642,646,181,230,29
643,646,181,230,29
644,646,181,230,29
645,646,181,230,29
646,646,181,230,29
647,646,181,230,29
648,646,181,230,29
649,646,181,230,29
650,646,181,230,29
651,646,181,230,29
652,646,181,230,29
653,646,181,230,29
654,646,181,230,29
655,646,181,230,29
656,646,181,230,29
657,646,181,230,29
658,646,181,230,29
659,646,181,230,29
660,646,181,230,29
661,646,181,230,29
662,646,181,230,29
663,646,181,230,29
664,646,181,230,29
665,646,181,230,29
666,646,181,230,29
667,646,181,230,29
668,646,181,230,29
669,646,181,230,29
670,646,181,230,29
671,646,181,230,29
672,646,181,230,29
673,646,181,230,29
674,646,181,230,29
675,646,181,230,29
676,646,181,230,29
677,646,181,230,29
678,646,181,230,29
679,646,181,230,29
680,646,181,230,29
681,646,181,230,29
682,646,181,230,29
683,646,181,230,29
684,646,181,230,29
685,646,181,230,29
686,646,181,230,29
687,646,181,230,29
688,646,181,230,29
689,646,181,230,29
690,646,181,230,29
691,646,181,230,29
692,646,181,230,29
693,646,181,230,29
694,646,181,230,29
695,646,181,230,29
696,646,181,230,29
697,646,181,230,29
698,646,181,230,29
699,646,189,233,53
630,647,194,234,69
631,647,182,230,32
632,647,181,230,29
633,647,181,230,29
634,647,181,230,29
635,647,181,230,29
636,647,181,230,29
637,647,181,230,29
638,647,181,230,29
639,647,181,230,29
640,647,181,230,29
641,647,181,230,29
642,647,181,230,29
643,647,181,230,29
644,647,181,230,29
645,647,181,230,29
646,647,181,230,29
647,647,181,230,29
648,647,181,230,29
649,647,181,230,29
650,647,181,230,29
651,647,181,230,29
652,647,181,230,29
653,647,181,230,29
654,647,181,230,29
655,647,181,230,29
656,647,181,230,29
657,647,181,230,29
658,647,181,230,29
659,647,181,230,29
660,647,181,230,29
661,647,181,230,29
662,647,181,230,29
663,647,181,230,29
664,647,181,230,29
665,647,181,230,29
666,647,181,230,29
667,647,181,230,29
668,647,181,230,29
669,647,181,230,29
670,647,181,230,29
671,647,181,230,29
672,647,181,230,29
673,647,181,230,29
674,647,181,230,29
675,647,181,230,29
676,647,181,230,29
677,647,181,230,29
678,647,181,230,29
679,647,181,230,29
680,647,181,230,29
681,647,181,230,29
682,647,181,230,29
683,647,181,230,29
684,647,181,230,29
685,647,181,230,29
686,647,181,230,29
687,647,181,230,29
688,647,181,230,29
689,647,181,230,29
690,647,181,230,29
691,647,181,230,29
692,647,181,230,29
693,647,181,230,29
694,647,181,230,29
695,647,181,230,29
696,647,181,230,29
697,647,181,230,29
698,647,181,230,29
699,647,189,233,53
631,648,188,232,51
632,648,181,230,29
633,648,181,230,29
634,648,181,230,29
635,648,181,230,29
636,648,181,230,29
637,648,181,230,29
638,648,181,230,29
639,648,181,230,29
640,648,181,230,29
641,648,181,230,29
642,648,181,230,29
643,648,181,230,29
644,648,181,230,29
645,648,181,230,29
646,648,181,230,29
647,648,181,230,29
648,648,181,230,29
649,648,181,230,29
650,648,181,230,29
651,648,181,230,29
652,648,181,230,29
653,648,181,230,29
654,648,181,230,29
655,648,181,230,29
656,648,181,230,29
657,648,181,230,29
658,648,181,230,29
659,648,181,230,29
660,648,181,230,29
661,648,181,230,29
662,648,181,230,29
663,648,181,230,29
664,648,181,230,29
665,648,181,230,29
666,648,181,230,29
667,648,181,230,29
668,648,181,230,29
669,648,181,230,29
670,648,181,230,29
671,648,181,230,29
672,648,181,230,29
673,648,181,230,29
674,648,181,230,29
675,648,181,230,29
676,648,181,230,29
677,648,181,230,29
678,648,181,230,29
679,648,181,230,29
680,648,181,230,29
681,648,181,230,29
682,648,181,230,29
683,648,181,230,29
684,648,181,230,29
685,648,181,230,29
686,648,181,230,29
687,648,181,230,29
688,648,181,230,29
689,648,181,230,29
690,648,181,230,29
691,648,181,230,29
692,648,181,230,29
693,648,181,230,29
694,648,181,230,29
695,648,181,230,29
696,648,181,230,29
697,648,181,230,29
698,648,181,230,29
699,648,189,233,53
631,649,195,235,72
632,649,182,230,32
633,649,181,230,29
634,649,181,230,29
635,649,181,230,29
636,649,181,230,29
637,649,181,230,29
638,649,181,230,29
639,649,181,230,29
640,649,181,230,29
641,649,181,230,29
642,649,181,230,29
643,649,181,230,29
644,649,181,230,29
645,649,181,230,29
646,649,181,230,29
647,649,181,230,29
648,649,181,230,29
649,649,181,230,29
650,649,181,230,29
651,649,181,230,29
652,649,181,230,29
653,649,181,230,29
654,649,181,230,29
655,649,181,230,29
656,649,181,230,29
657,649,181,230,29
658,649,181,230,29
659,649,181,230,29
660,649,181,230,29
661,649,181,230,29
662,649,181,230,29
663,649,181,230,29
664,649,181,230,29
665,649,181,230,29
666,649,181,230,29
667,649,181,230,29
668,649,181,230,29
669,649,181,230,29
670,649,181,230,29
671,649,181,230,29
672,649,181,230,29
673,649,181,230,29
674,649,181,230,29
675,649,181,230,29
676,649,181,230,29
677,649,181,230,29
678,649,181,230,29
679,649,181,230,29
680,649,181,230,29
681,649,181,230,29
682,649,181,230,29
683,649,181,230,29
684,649,181,230,29
685,649,181,230,29
686,649,181,230,29
687,649,181,230,29
688,649,181,230,29
689,649,181,230,29
690,649,181,230,29
691,649,181,230,29
692,649,181,230,29
693,649,181,230,29
694,649,181,230,29
695,649,181,230,29
696,649,181,230,29
697,649,181,230,29
698,649,181,230,29
699,649,189,233,53
632,650,194,234,69
633,650,182,230,32
634,650,181,230,29
635,650,181,230,29
636,650,181,230,29
637,650,181,230,29
638,650,181,230,29
639,650,181,230,29
640,650,181,230,29
641,650,181,230,29
642,650,181,230,29
643,650,181,230,29
644,650,181,230,29
645,650,181,230,29
646,650,181,230,29
647,650,181,230,29
648,650,181,230,29
649,650,181,230,29
650,650,181,230,29
651,650,181,230,29
652,650,181,230,29
653,650,181,230,29
654,650,181,230,29
655,650,181,230,29
656,650,181,230,29
657,650,181,230,29
658,650,181,230,29
659,650,181,230,29
660,650,181,230,29
661,650,181,230,29
662,650,181,230,29
663,650,181,230,29
664,650,181,230,29
665,650,181,230,29
666,650,181,230,29
667,650,181,230,29
668,650,181,230,29
669,650,181,230,29
670,650,181,230,29
671,650,181,230,29
672,650,181,230,29
673,650,181,230,29
674,650,181,230,29
675,650,181,230,29
676,650,181,230,29
677,650,181,230,29
678,650,181,230,29
679,650,181,230,29
680,650,181,230,29
681,650,181,230,29
682,650,181,230,29
683,650,181,230,29
684,650,181,230,29
685,650,181,230,29
686,650,181,230,29
687,650,181,230,29
688,650,181,230,29
689,650,181,230,29
690,650,181,230,29
691,650,181,230,29
692,650,181,230,29
693,650,181,230,29
694,650,181,230,29
695,650,181,230,29
696,650,181,230,29
697,650,181,230,29
698,650,181,230,29
699,650,189,233,53
633,651,194,234,69
634,651,182,230,32
635,651,181,230,29
636,651,181,230,29
637,651,181,230,29
638,651,181,230,29
639,651,181,230,29
640,651,181,230,29
641,651,181,230,29
642,651,181,230,29
643,651,181,230,29
644,651,181,230,29
645,651,181,230,29
646,651,181,230,29
647,651,181,230,29
648,651,181,230,29
649,651,181,230,29
650,651,181,230,29
651,651,181,230,29
652,651,181,230,29
653,651,181,230,29
654,651,181,230,29
655,651,181,230,29
656,651,181,230,29
657,651,181,230,29
658,651,181,230,29
659,651,181,230,29
660,651,181,230,29
661,651,181,230,29
662,651,181,230,29
663,651,181,230,29
664,651,181,230,29
665,651,181,230,29
666,651,181,230,29
667,651,181,230,29
668,651,181,230,29
669,651,181,230,29
670,651,181,230,29
671,651,181,230,29
672,651,181,230,29
673,651,181,230,29
674,651,181,230,29
675,651,181,230,29
676,651,181,230,29
677,651,181,230,29
678,651,181,230,29
679,651,181,230,29
680,651,181,230,29
681,651,181,230,29
682,651,181,230,29
683,651,181,230,29
684,651,181,230,29
685,651,181,230,29
686,651,181,230,29
687,651,181,230,29
688,651,181,230,29
689,651,181,230,29
690,651,181,230,29
691,651,181,230,29
692,651,181,230,29
693,651,181,230,29
694,651,181,230,29
695,651,181,230,29
696,651,181,230,29
697,651,181,230,29
698,651,181,230,29
699,651,189,233,53
634,652,188,232,51
635,652,181,230,29
636,652,181,230,29
637,652,181,230,29
638,652,181,230,29
639,652,181,230,29
640,652,181,230,29
641,652,181,230,29
642,652,181,230,29
643,652,181,230,29
644,652,181,230,29
645,652,181,230,29
646,652,181,230,29
647,652,181,230,29
648,652,181,230,29
649,652,181,230,29
650,652,181,230,29
651,652,181,230,29
652,652,181,230,29
653,652,181,230,29
654,652,181,230,29
655,652,181,230,29
656,652,181,230,29
657,652,181,230,29
658,652,181,230,29
659,652,181,230,29
660,652,181,230,29
661,652,181,230,29
662,652,181,230,29
663,652,181,230,29
664,652,181,230,29
665,652,181,230,29
666,652,181,230,29
667,652,181,230,29
668,652,181,230,29
669,652,181,230,29
670,652,181,230,29
671,652,181,230,29
672,652,181,230,29
673,652,181,230,29
674,652,181,230,29
675,652,181,230,29
676,652,181,230,29
677,652,181,230,29
678,652,181,230,29
679,652,181,230,29
680,652,181,230,29
681,652,181,230,29
682,652,181,230,29
683,652,181,230,29
684,652,181,230,29
685,652,181,230,29
686,652,181,230,29
687,652,181,230,29
688,652,181,230,29
689,652,181,230,29
690,652,181,230,29
691,652,181,230,29
692,652,181,230,29
693,652,181,230,29
694,652,181,230,29
695,652,181,230,29
696,652,181,230,29
697,652,181,230,29
698,652,181,230,29
699,652,189,233,53
634,653,195,235,72
635,653,182,230,32
636,653,181,230,29
637,653,181,230,29
638,653,181,230,29
639,653,181,230,29
640,653,181,230,29
641,653,181,230,29
642,653,181,230,29
643,653,181,230,29
644,653,181,230,29
645,653,181,230,29
646,653,181,230,29
647,653,181,230,29
648,653,181,230,29
649,653,181,230,29
650,653,181,230,29
651,653,181,230,29
652,653,181,230,29
653,653,181,230,29
654,653,181,230,29
655,653,181,230,29
656,653,181,230,29
657,653,181,230,29
658,653,181,230,29
659,653,181,230,29
660,653,181,230,29
661,653,181,230,29
662,653,181,230,29
663,653,181,230,29
664,653,181,230,29
665,653,181,230,29
666,653,181,230,29
667,653,181,230,29
668,653,181,230,29
669,653,181,230,29
670,653,181,230,29
671,653,181,230,29
672,653,181,230,29
673,653,181,230,29
674,653,181,230,29
675,653,181,230,29
676,653,181,230,29
677,653,181,230,29
678,653,181,230,29
679,653,181,230,29
680,653,181,230,29
681,653,181,230,29
682,653,181,230,29
683,653,181,230,29
684,653,181,230,29
685,653,181,230,29
686,653,181,230,29
687,653,181,230,29
688,653,181,230,29
689,653,181,230,29
690,653,181,230,29
691,653,181,230,29
692,653,181,230,29
693,653,181,230,29
694,653,181,230,29
695,653,181,230,29
696,653,181,230,29
697,653,181,230,29
698,653,181,230,29
699,653,189,233,53
635,654,194,234,69
636,654,182,230,32
637,654,181,230,29
638,654,181,230,29
639,654,181,230,29
640,654,181,230,29
641,654,181,230,29
642,654,181,230,29
643,654,181,230,29
644,654,181,230,29
645,654,181,230,29
646,654,181,230,29
647,654,181,230,29
648,654,181,230,29
649,654,181,230,29
650,654,181,230,29
651,654,181,230,29
652,654,181,230,29
653,654,181,230,29
654,654,181,230,29
655,654,181,230,29
656,654,181,230,29
657,654,181,230,29
658,654,181,230,29
659,654,181,230,29
660,654,181,230,29
661,654,181,230,29
662,654,181,230,29
663,654,181,230,29
664,654,181,230,29
665,654,181,230,29
666,654,181,230,29
667,654,181,230,29
668,654,181,230,29
669,654,181,230,29
670,654,181,230,29
671,654,181,230,29
672,654,181,230,29
673,654,181,230,29
674,654,181,230,29
675,654,181,230,29
676,654,181,230,29
677,654,181,230,29
678,654,181,230,29
679,654,181,230,29
680,654,181,230,29
681,654,181,230,29
682,654,181,230,29
683,654,181,230,29
684,654,181,230,29
685,654,181,230,29
686,654,181,230,29
687,654,181,230,29
688,654,181,230,29
689,654,181,230,29
690,654,181,230,29
691,654,181,230,29
692,654,181,230,29
693,654,181,230,29
694,654,181,230,29
695,654,181,230,29
696,654,181,230,29
697,654,181,230,29
698,654,181,230,29
699,654,189,233,53
636,655,194,234,69
637,655,182,230,32
638,655,181,230,29
639,655,181,230,29
640,655,181,230,29
641,655,181,230,29
642,655,181,230,29
643,655,181,230,29
644,655,181,230,29
645,655,181,230,29
646,655,181,230,29
647,655,181,230,29
648,655,181,230,29
649,655,181,230,29
650,655,181,230,29
651,655,181,230,29
652,655,181,230,29
653,655,181,230,29
654,655,181,230,29
655,655,181,230,29
656,655,181,230,29
657,655,181,230,29
658,655,181,230,29
659,655,181,230,29
660,655,181,230,29
661,655,181,230,29
662,655,181,230,29
663,655,181,230,29
664,655,181,230,29
665,655,181,230,29
666,655,181,230,29
667,655,181,230,29
668,655,181,230,29
669,655,181,230,29
670,655,181,230,29
671,655,181,230,29
672,655,181,230,29
673,655,181,230,29
674,655,181,230,29
675,655,181,230,29
676,655,181,230,29
677,655,181,230,29
678,655,181,230,29
679,655,181,230,29
680,655,181,230,29
681,655,181,230,29
682,655,181,230,29
683,655,181,230,29
684,655,181,230,29
685,655,181,230,29
686,655,181,230,29
687,655,181,230,29
688,655,181,230,29
689,655,181,230,29
690,655,181,230,29
691,655,181,230,29
692,655,181,230,29
693,655,181,230,29
694,655,181,230,29
695,655,181,230,29
696,655,181,230,29
697,655,181,230,29
698,655,181,230,29
699,655,189,233,53
637,656,188,232,51
638,656,181,230,29
639,656,181,230,29
640,656,181,230,29
641,656,181,230,29
642,656,181,230,29
643,656,181,230,29
644,656,181,230,29
645,656,181,230,29
646,656,181,230,29
647,656,181,230,29
648,656,181,230,29
649,656,181,230,29
650,656,181,230,29
651,656,181,230,29
652,656,181,230,29
653,656,181,230,29
654,656,181,230,29
655,656,181,230,29
656,656,181,230,29
657,656,181,230,29
658,656,181,230,29
659,656,181,230,29
660,656,181,230,29
661,656,181,230,29
662,656,181,230,29
663,656,181,230,29
664,656,181,230,29
665,656,181,230,29
666,656,181,230,29
667,656,181,230,29
668,656,181,230,29
669,656,181,230,29
670,656,181,230,29
671,656,181,230,29
672,656,181,230,29
673,656,181,230,29
674,656,181,230,29
675,656,181,230,29
676,656,181,230,29
677,656,181,230,29
678,656,181,230,29
679,656,181,230,29
680,656,181,230,29
681,656,181,230,29
682,656,181,230,29
683,656,181,230,29
684,656,181,230,29
685,656,181,230,29
686,656,181,230,29
687,656,181,230,29
688,656,181,230,29
689,656,181,230,29
690,656,181,230,29
691,656,181,230,29
692,656,181,230,29
693,656,181,230,29
694,656,181,230,29
695,656,181,230,29
696,656,181,230,29
697,656,181,230,29
698,656,181,230,29
699,656,189,233,53
637,657,195,235,72
638,657,182,230,32
639,657,181,230,29
640,657,181,230,29
641,657,181,230,29
642,657,181,230,29
643,657,181,230,29
644,657,181,230,29
645,657,181,230,29
646,657,181,230,29
647,657,181,230,29
648,657,181,230,29
649,657,181,230,29
650,657,181,230,29
651,657,181,230,29
652,657,181,230,29
653,657,181,230,29
654,657,181,230,29
655,657,181,230,29
656,657,181,230,29
657,657,181,230,29
658,657,181,230,29
659,657,181,230,29
660,657,181,230,29
661,657,181,230,29
662,657,181,230,29
663,657,181,230,29
664,657,181,230,29
665,657,181,230,29
666,657,181,230,29
667,657,181,230,29
668,657,181,230,29
669,657,181,230,29
670,657,181,230,29
671,657,181,230,29
672,657,181,230,29
673,657,181,230,29
674,657,181,230,29
675,657,181,230,29
676,657,181,230,29
677,657,181,230,29
678,657,181,230,29
679,657,181,230,29
680,657,181,230,29
681,657,181,230,29
682,657,181,230,29
683,657,181,230,29
684,657,181,230,29
685,657,181,230,29
686,657,181,230,29
687,657,181,230,29
688,657,181,230,29
689,657,181,230,29
690,657,181,230,29
691,657,181,230,29
692,657,181,230,29
693,657,181,230,29
694,657,181,230,29
695,657,181,230,29
696,657,181,230,29
697,657,181,230,29
698,657,181,230,29
699,657,189,233,53
638,658,194,234,69
639,658,182,230,32
640,658,181,230,29
641,658,181,230,29
642,658,181,230,29
643,658,181,230,29
644,658,181,230,29
645,658,181,230,29
646,658,181,230,29
647,658,181,230,29
648,658,181,230,29
649,658,181,230,29
650,658,181,230,29
651,658,181,230,29
652,658,181,230,29
653,658,181,230,29
654,658,181,230,29
655,658,181,230,29
656,658,181,230,29
657,658,181,230,29
658,658,181,230,29
659,658,181,230,29
660,658,181,230,29
661,658,181,230,29
662,658,181,230,29
663,658,181,230,29
664,658,181,230,29
665,658,181,230,29
666,658,181,230,29
667,658,181,230,29
668,658,181,230,29
669,658,181,230,29
670,658,181,230,29
671,658,181,230,29
672,658,181,230,29
673,658,181,230,29
674,658,181,230,29
675,658,181,230,29
676,658,181,230,29
677,658,181,230,29
678,658,181,230,29
679,658,181,230,29
680,658,181,230,29
681,658,181,230,29
682,658,181,230,29
683,658,181,230,29
684,658,181,230,29
685,658,181,230,29
686,658,181,230,29
687,658,181,230,29
688,658,181,230,29
689,658,181,230,29
690,658,181,230,29
691,658,181,230,29
692,658,181,230,29
693,658,181,230,29
694,658,181,230,29
695,658,181,230,29
696,658,181,230,29
697,658,181,230,29
698,658,181,230,29
699,658,189,233,53
639,659,194,234,69
640,659,182,230,32
641,659,181,230,29
642,659,181,230,29
643,659,181,230,29
644,659,181,230,29
645,659,181,230,29
646,659,181,230,29
647,659,181,230,29
648,659,181,230,29
649,659,181,230,29
650,659,181,230,29
651,659,181,230,29
652,659,181,230,29
653,659,181,230,29
654,659,181,230,29
655,659,181,230,29
656,659,181,230,29
657,659,181,230,29
658,659,181,230,29
659,659,181,230,29
660,659,181,230,29
661,659,181,230,29
662,659,181,230,29
663,659,181,230,29
664,659,181,230,29
665,659,181,230,29
666,659,181,230,29
667,659,181,230,29
668,659,181,230,29
669,659,181,230,29
670,659,181,230,29
671,659,181,230,29
672,659,181,230,29
673,659,181,230,29
674,659,181,230,29
675,659,181,230,29
676,659,181,230,29
677,659,181,230,29
678,659,181,230,29
679,659,181,230,29
680,659,181,230,29
681,659,181,230,29
682,659,181,230,29
683,659,181,230,29
684,659,181,230,29
685,659,181,230,29
686,659,181,230,29
687,659,181,230,29
688,659,181,230,29
689,659,181,230,29
690,659,181,230,29
691,659,181,230,29
692,659,181,230,29
693,659,181,230,29
694,659,181,230,29
695,659,181,230,29
696,659,181,230,29
697,659,181,230,29
698,659,181,230,29
699,659,189,233,53
640,660,188,232,51
641,660,181,230,29
642,660,181,230,29
643,660,181,230,29
644,660,181,230,29
645,660,181,230,29
646,660,181,230,29
647,660,181,230,29
648,660,181,230,29
649,660,181,230,29
650,660,181,230,29
651,660,181,230,29
652,660,181,230,29
653,660,181,230,29
654,660,181,230,29
655,660,181,230,29
656,660,181,230,29
657,660,181,230,29
658,660,181,230,29
659,660,181,230,29
660,660,181,230,29
661,660,181,230,29
662,660,181,230,29
663,660,181,230,29
664,660,181,230,29
665,660,181,230,29
666,660,181,230,29
667,660,181,230,29
668,660,181,230,29
669,660,181,230,29
670,660,181,230,29
671,660,181,230,29
672,660,181,230,29
673,660,181,230,29
674,660,181,230,29
675,660,181,230,29
676,660,181,230,29
677,660,181,230,29
678,660,181,230,29
679,660,181,230,29
680,660,181,230,29
681,660,181,230,29
682,660,181,230,29
683,660,181,230,29
684,660,181,230,29
685,660,181,230,29
686,660,181,230,29
687,660,181,230,29
688,660,181,230,29
689,660,181,230,29
690,660,181,230,29
691,660,181,230,29
692,660,181,230,29
693,660,181,230,29
694,660,181,230,29
695,660,181,230,29
696,660,181,230,29
697,660,181,230,29
698,660,181,230,29
699,660,189,233,53
640,661,195,235,72
641,661,182,230,32
642,661,181,230,29
643,661,181,230,29
644,661,181,230,29
645,661,181,230,29
646,661,181,230,29
647,661,181,230,29
648,661,181,230,29
649,661,181,230,29
650,661,181,230,29
651,661,181,230,29
652,661,181,230,29
653,661,181,230,29
654,661,181,230,29
655,661,181,230,29
656,661,181,230,29
657,661,181,230,29
658,661,181,230,29
659,661,181,230,29
660,661,181,230,29
661,661,181,230,29
662,661,181,230,29
663,661,181,230,29
664,661,181,230,29
665,661,181,230,29
666,661,181,230,29
667,661,181,230,29
668,661,181,230,29
669,661,181,230,29
670,661,181,230,29
671,661,181,230,29
672,661,181,230,29
673,661,181,230,29
674,661,181,230,29
675,661,181,230,29
676,661,181,230,29
677,661,181,230,29
678,661,181,230,29
679,661,181,230,29
680,661,181,230,29
681,661,181,230,29
682,661,181,230,29
683,661,181,230,29
684,661,181,230,29
685,661,181,230,29
686,661,181,230,29
687,661,181,230,29
688,661,181,230,29
689,661,181,230,29
690,661,181,230,29
691,661,181,230,29
692,661,181,230,29
693,661,181,230,29
694,661,181,230,29
695,661,181,230,29
696,661,181,230,29
697,661,181,230,29
698,661,181,230,29
699,661,189,233,53
641,662,194,234,69
642,662,182,230,32
643,662,181,230,29
644,662,181,230,29
645,662,181,230,29
646,662,181,230,29
647,662,181,230,29
648,662,181,230,29
649,662,181,230,29
650,662,181,230,29
651,662,181,230,29
652,662,181,230,29
653,662,181,230,29
654,662,181,230,29
655,662,181,230,29
656,662,181,230,29
657,662,181,230,29
658,662,181,230,29
659,662,181,230,29
660,662,181,230,29
661,662,181,230,29
662,662,181,230,29
663,662,181,230,29
664,662,181,230,29
665,662,181,230,29
666,662,181,230,29
667,662,181,230,29
668,662,181,230,29
669,662,181,230,29
670,662,181,230,29
671,662,181,230,29
672,662,181,230,29
673,662,181,230,29
674,662,181,230,29
675,662,181,230,29
676,662,181,230,29
677,662,181,230,29
678,662,181,230,29
679,662,181,230,29
680,662,181,230,29
681,662,181,230,29
682,662,181,230,29
683,662,181,230,29
684,662,181,230,29
685,662,181,230,29
686,662,181,230,29
687,662,181,230,29
688,662,181,230,29
689,662,181,230,29
690,662,181,230,29
691,662,181,230,29
692,662,181,230,29
693,662,181,230,29
694,662,181,230,29
695,662,181,230,29
696,662,181,230,29
697,662,181,230,29
698,662,181,230,29
699,662,189,233,53
642,663,188,232,51
643,663,181,230,29
644,663,181,230,29
645,663,181,230,29
646,663,181,230,29
647,663,181,230,29
648,663,181,230,29
649,663,181,230,29
650,663,181,230,29
651,663,181,230,29
652,663,181,230,29
653,663,181,230,29
654,663,181,230,29
655,663,181,230,29
656,663,181,230,29
657,663,181,230,29
658,663,181,230,29
659,663,181,230,29
660,663,181,230,29
661,663,181,230,29
662,663,181,230,29
663,663,181,230,29
664,663,181,230,29
665,663,181,230,29
666,663,181,230,29
667,663,181,230,29
668,663,181,230,29
669,663,181,230,29
670,663,181,230,29
671,663,181,230,29
672,663,181,230,29
673,663,181,230,29
674,663,181,230,29
675,663,181,230,29
676,663,181,230,29
677,663,181,230,29
678,663,181,230,29
679,663,181,230,29
680,663,181,230,29
681,663,181,230,29
682,663,181,230,29
683,663,181,230,29
684,663,181,230,29
685,663,181,230,29
686,663,181,230,29
687,663,181,230,29
688,663,181,230,29
689,663,181,230,29
690,663,181,230,29
691,663,181,230,29
692,663,181,230,29
693,663,181,230,29
694,663,181,230,29
695,663,181,230,29
696,663,181,230,29
697,663,181,230,29
698,663,181,230,29
699,663,189,233,53
642,664,195,235,72
643,664,182,230,32
644,664,181,230,29
645,664,181,230,29
646,664,181,230,29
647,664,181,230,29
648,664,181,230,29
649,664,181,230,29
650,664,181,230,29
651,664,181,230,29
652,664,181,230,29
653,664,181,230,29
654,664,181,230,29
655,664,181,230,29
656,664,181,230,29
657,664,181,230,29
658,664,181,230,29
659,664,181,230,29
660,664,181,230,29
661,664,181,230,29
662,664,181,230,29
663,664,181,230,29
664,664,181,230,29
665,664,181,230,29
666,664,181,230,29
667,664,181,230,29
668,664,181,230,29
669,664,181,230,29
670,664,181,230,29
671,664,181,230,29
672,664,181,230,29
673,664,181,230,29
674,664,181,230,29
675,664,181,230,29
676,664,181,230,29
677,664,181,230,29
678,664,181,230,29
679,664,181,230,29
680,664,181,230,29
681,664,181,230,29
682,664,181,230,29
683,664,181,230,29
684,664,181,230,29
685,664,181,230,29
686,664,181,230,29
687,664,181,230,29
688,664,181,230,29
689,664,181,230,29
690,664,181,230,29
691,664,181,230,29
692,664,181,230,29
693,664,181,230,29
694,664,181,230,29
695,664,181,230,29
696,664,181,230,29
697,664,181,230,29
698,664,181,230,29
699,664,189,233,53
643,665,194,234,69
644,665,182,230,32
645,665,181,230,29
646,665,181,230,29
647,665,181,230,29
648,665,181,230,29
649,665,181,230,29
650,665,181,230,29
651,665,181,230,29
652,665,181,230,29
653,665,181,230,29
654,665,181,230,29
655,665,181,230,29
656,665,181,230,29
657,665,181,230,29
658,665,181,230,29
659,665,181,230,29
660,665,181,230,29
661,665,181,230,29
662,665,181,230,29
663,665,181,230,29
664,665,181,230,29
665,665,181,230,29
666,665,181,230,29
667,665,181,230,29
668,665,181,230,29
669,665,181,230,29
670,665,181,230,29
671,665,181,230,29
672,665,181,230,29
673,665,181,230,29
674,665,181,230,29
675,665,181,230,29
676,665,181,230,29
677,665,181,230,29
678,665,181,230,29
679,665,181,230,29
680,665,181,230,29
681,665,181,230,29
682,665,181,230,29
683,665,181,230,29
684,665,181,230,29
685,665,181,230,29
686,665,181,230,29
687,665,181,230,29
688,665,181,230,29
689,665,181,230,29
690,665,181,230,29
691,665,181,230,29
692,665,181,230,29
693,665,181,230,29
694,665,181,230,29
695,665,181,230,29
696,665,181,230,29
697,665,181,230,29
698,665,181,230,29
699,665,189,233,53
644,666,194,234,69
645,666,182,230,32
646,666,181,230,29
647,666,181,230,29
648,666,181,230,29
649,666,181,230,29
650,666,181,230,29
651,666,181,230,29
652,666,181,230,29
653,666,181,230,29
654,666,181,230,29
655,666,181,230,29
656,666,181,230,29
657,666,181,230,29
658,666,181,230,29
659,666,181,230,29
660,666,181,230,29
661,666,181,230,29
662,666,181,230,29
663,666,181,230,29
664,666,181,230,29
665,666,181,230,29
666,666,181,230,29
667,666,181,230,29
668,666,181,230,29
669,666,181,230,29
670,666,181,230,29
671,666,181,230,29
672,666,181,230,29
673,666,181,230,29
674,666,181,230,29
675,666,181,230,29
676,666,181,230,29
677,666,181,230,29
678,666,181,230,29
679,666,181,230,29
680,666,181,230,29
681,666,181,230,29
682,666,181,230,29
683,666,181,230,29
684,666,181,230,29
685,666,181,230,29
686,666,181,230,29
687,666,181,230,29
688,666,181,230,29
689,666,181,230,29
690,666,181,230,29
691,666,181,230,29
692,666,181,230,29
693,666,181,230,29
694,666,181,230,29
695,666,181,230,29
696,666,181,230,29
697,666,181,230,29
698,666,181,230,29
699,666,189,233,53
645,667,188,232,51
646,667,181,230,29
647,667,181,230,29
648,667,181,230,29
649,667,181,230,29
650,667,181,230,29
651,667,181,230,29
652,667,181,230,29
653,667,181,230,29
654,667,181,230,29
655,667,181,230,29
656,667,181,230,29
657,667,181,230,29
658,667,181,230,29
659,667,181,230,29
660,667,181,230,29
661,667,181,230,29
662,667,181,230,29
663,667,181,230,29
664,667,181,230,29
665,667,181,230,29
666,667,181,230,29
667,667,181,230,29
668,667,181,230,29
669,667,181,230,29
670,667,181,230,29
671,667,181,230,29
672,667,181,230,29
673,667,181,230,29
674,667,181,230,29
675,667,181,230,29
676,667,181,230,29
677,667,181,230,29
678,667,181,230,29
679,667,181,230,29
680,667,181,230,29
681,667,181,230,29
682,667,181,230,29
683,667,181,230,29
684,667,181,230,29
685,667,181,230,29
686,667,181,230,29
687,667,181,230,29
688,667,181,230,29
689,667,181,230,29
690,667,181,230,29
691,667,181,230,29
692,667,181,230,29
693,667,181,230,29
694,667,181,230,29
695,667,181,230,29
696,667,181,230,29
697,667,181,230,29
698,667,181,230,29
699,667,189,233,53
645,668,195,235,72
646,668,182,230,32
647,668,181,230,29
648,668,181,230,29
649,668,181,230,29
650,668,181,230,29
651,668,181,230,29
652,668,181,230,29
653,668,181,230,29
654,668,181,230,29
655,668,181,230,29
656,668,181,230,29
657,668,181,230,29
658,668,181,230,29
659,668,181,230,29
660,668,181,230,29
661,668,181,230,29
662,668,181,230,29
663,668,181,230,29
664,668,181,230,29
665,668,181,230,29
666,668,181,230,29
667,668,181,230,29
668,668,181,230,29
669,668,181,230,29
670,668,181,230,29
671,668,181,230,29
672,668,181,230,29
673,668,181,230,29
674,668,181,230,29
675,668,181,230,29
676,668,181,230,29
677,668,181,230,29
678,668,181,230,29
679,668,181,230,29
680,668,181,230,29
681,668,181,230,29
682,668,181,230,29
683,668,181,230,29
684,668,181,230,29
685,668,181,230,29
686,668,181,230,29
687,668,181,230,29
688,668,181,230,29
689,668,181,230,29
690,668,181,230,29
691,668,181,230,29
692,668,181,230,29
693,668,181,230,29
694,668,181,230,29
695,668,181,230,29
696,668,181,230,29
697,668,181,230,29
698,668,181,230,29
699,668,189,233,53
646,669,194,234,69
647,669,182,230,32
648,669,181,230,29
649,669,181,230,29
650,669,181,230,29
651,669,181,230,29
652,669,181,230,29
653,669,181,230,29
654,669,181,230,29
655,669,181,230,29
656,669,181,230,29
657,669,181,230,29
658,669,181,230,29
659,669,181,230,29
660,669,181,230,29
661,669,181,230,29
662,669,181,230,29
663,669,181,230,29
664,669,181,230,29
665,669,181,230,29
666,669,181,230,29
667,669,181,230,29
668,669,181,230,29
669,669,181,230,29
670,669,181,230,29
671,669,181,230,29
672,669,181,230,29
673,669,181,230,29
674,669,181,230,29
675,669,181,230,29
676,669,181,230,29
677,669,181,230,29
678,669,181,230,29
679,669,181,230,29
680,669,181,230,29
681,669,181,230,29
682,669,181,230,29
683,669,181,230,29
684,669,181,230,29
685,669,181,230,29
686,669,181,230,29
687,669,181,230,29
688,669,181,230,29
689,669,181,230,29
690,669,181,230,29
691,669,181,230,29
692,669,181,230,29
693,669,181,230,29
694,669,181,230,29
695,669,181,230,29
696,669,181,230,29
697,669,181,230,29
698,669,181,230,29
699,669,189,233,53
647,670,194,234,69
648,670,182,230,32
649,670,181,230,29
650,670,181,230,29
651,670,181,230,29
652,670,181,230,29
653,670,181,230,29
654,670,181,230,29
655,670,181,230,29
656,670,181,230,29
657,670,181,230,29
658,670,181,230,29
659,670,181,230,29
660,670,181,230,29
661,670,181,230,29
662,670,181,230,29
663,670,181,230,29
664,670,181,230,29
665,670,181,230,29
666,670,181,230,29
667,670,181,230,29
668,670,181,230,29
669,670,181,230,29
670,670,181,230,29
671,670,181,230,29
672,670,181,230,29
673,670,181,230,29
674,670,181,230,29
675,670,181,230,29
676,670,181,230,29
677,670,181,230,29
678,670,181,230,29
679,670,181,230,29
680,670,181,230,29
681,670,181,230,29
682,670,181,230,29
683,670,181,230,29
684,670,181,230,29
685,670,181,230,29
686,670,181,230,29
687,670,181,230,29
688,670,181,230,29
689,670,181,230,29
690,670,181,230,29
691,670,181,230,29
692,670,181,230,29
693,670,181,230,29
694,670,181,230,29
695,670,181,230,29
696,670,181,230,29
697,670,181,230,29
698,670,181,230,29
699,670,189,233,53
648,671,188,232,51
649,671,181,230,29
650,671,181,230,29
651,671,181,230,29
652,671,181,230,29
653,671,181,230,29
654,671,181,230,29
655,671,181,230,29
656,671,181,230,29
657,671,181,230,29
658,671,181,230,29
659,671,181,230,29
660,671,181,230,29
661,671,181,230,29
662,671,181,230,29
663,671,181,230,29
664,671,181,230,29
665,671,181,230,29
666,671,181,230,29
667,671,181,230,29
668,671,181,230,29
669,671,181,230,29
670,671,181,230,29
671,671,181,230,29
672,671,181,230,29
673,671,181,230,29
674,671,181,230,29
675,671,181,230,29
676,671,181,230,29
677,671,181,230,29
678,671,181,230,29
679,671,181,230,29
680,671,181,230,29
681,671,181,230,29
682,671,181,230,29
683,671,181,230,29
684,671,181,230,29
685,671,181,230,29
686,671,181,230,29
687,671,181,230,29
688,671,181,230,29
689,671,181,230,29
690,671,181,230,29
691,671,181,230,29
692,671,181,230,29
693,671,181,230,29
694,671,181,230,29
695,671,181,230,29
696,671,181,230,29
697,671,181,230,29
698,671,181,230,29
699,671,189,233,53
648,672,195,235,72
649,672,182,230,32
650,672,181,230,29
651,672,181,230,29
652,672,181,230,29
653,672,181,230,29
654,672,181,230,29
655,672,181,230,29
656,672,181,230,29
657,672,181,230,29
658,672,181,230,29
659,672,181,230,29
660,672,181,230,29
661,672,181,230,29
662,672,181,230,29
663,672,181,230,29
664,672,181,230,29
665,672,181,230,29
666,672,181,230,29
667,672,181,230,29
668,672,181,230,29
669,672,181,230,29
670,672,181,230,29
671,672,181,230,29
672,672,181,230,29
673,672,181,230,29
674,672,181,230,29
675,672,181,230,29
676,672,181,230,29
677,672,181,230,29
678,672,181,230,29
679,672,181,230,29
680,672,181,230,29
681,672,181,230,29
682,672,181,230,29
683,672,181,230,29
684,672,181,230,29
685,672,181,230,29
686,672,181,230,29
687,672,181,230,29
688,672,181,230,29
689,672,181,230,29
690,672,181,230,29
691,672,181,230,29
692,672,181,230,29
693,672,181,230,29
694,672,181,230,29
695,672,181,230,29
696,672,181,230,29
697,672,181,230,29
698,672,181,230,29
699,672,189,233,53
649,673,194,234,69
650,673,182,230,32
651,673,181,230,29
652,673,181,230,29
653,673,181,230,29
654,673,181,230,29
655,673,181,230,29
656,673,181,230,29
657,673,181,230,29
658,673,181,230,29
659,673,181,230,29
660,673,181,230,29
661,673,181,230,29
662,673,181,230,29
663,673,181,230,29
664,673,181,230,29
665,673,181,230,29
666,673,181,230,29
667,673,181,230,29
668,673,181,230,29
669,673,181,230,29
670,673,181,230,29
671,673,181,230,29
672,673,181,230,29
673,673,181,230,29
674,673,181,230,29
675,673,181,230,29
676,673,181,230,29
677,673,181,230,29
678,673,181,230,29
679,673,181,230,29
680,673,181,230,29
681,673,181,230,29
682,673,181,230,29
683,673,181,230,29
684,673,181,230,29
685,673,181,230,29
686,673,181,230,29
687,673,181,230,29
688,673,181,230,29
689,673,181,230,29
690,673,181,230,29
691,673,181,230,29
692,673,181,230,29
693,673,181,230,29
694,673,181,230,29
695,673,181,230,29
696,673,181,230,29
697,673,181,230,29
698,673,181,230,29
699,673,189,233,53
650,674,194,234,69
651,674,182,230,32
652,674,181,230,29
653,674,181,230,29
654,674,181,230,29
655,674,181,230,29
656,674,181,230,29
657,674,181,230,29
658,674,181,230,29
659,674,181,230,29
660,674,181,230,29
661,674,181,230,29
662,674,181,230,29
663,674,181,230,29
664,674,181,230,29
665,674,181,230,29
666,674,181,230,29
667,674,181,230,29
668,674,181,230,29
669,674,181,230,29
670,674,181,230,29
671,674,181,230,29
672,674,181,230,29
673,674,181,230,29
674,674,181,230,29
675,674,181,230,29
676,674,181,230,29
677,674,181,230,29
678,674,181,230,29
679,674,181,230,29
680,674,181,230,29
681,674,181,230,29
682,674,181,230,29
683,674,181,230,29
684,674,181,230,29
685,674,181,230,29
686,674,181,230,29
687,674,181,230,29
688,674,181,230,29
689,674,181,230,29
690,674,181,230,29
691,674,181,230,29
692,674,181,230,29
693,674,181,230,29
694,674,181,230,29
695,674,181,230,29
696,674,181,230,29
697,674,181,230,29
698,674,181,230,29
699,674,189,233,53
651,675,188,232,51
652,675,181,230,29
653,675,181,230,29
654,675,181,230,29
655,675,181,230,29
656,675,181,230,29
657,675,181,230,29
658,675,181,230,29
659,675,181,230,29
660,675,181,230,29
661,675,181,230,29
662,675,181,230,29
663,675,181,230,29
664,675,181,230,29
665,675,181,230,29
666,675,181,230,29
667,675,181,230,29
668,675,181,230,29
669,675,181,230,29
670,675,181,230,29
671,675,181,230,29
672,675,181,230,29
673,675,181,230,29
674,675,181,230,29
675,675,181,230,29
676,675,181,230,29
677,675,181,230,29
678,675,181,230,29
679,675,181,230,29
680,675,181,230,29
681,675,181,230,29
682,675,181,230,29
683,675,181,230,29
684,675,181,230,29
685,675,181,230,29
686,675,181,230,29
687,675,181,230,29
688,675,181,230,29
689,675,181,230,29
690,675,181,230,29
691,675,181,230,29
692,675,181,230,29
693,675,181,230,29
694,675,181,230,29
695,675,181,230,29
696,675,181,230,29
697,675,181,230,29
698,675,181,230,29
699,675,189,233,53
651,676,195,235,72
652,676,182,230,32
653,676,181,230,29
654,676,181,230,29
655,676,181,230,29
656,676,181,230,29
657,676,181,230,29
658,676,181,230,29
659,676,181,230,29
660,676,181,230,29
661,676,181,230,29
662,676,181,230,29
663,676,181,230,29
664,676,181,230,29
665,676,181,230,29
666,676,181,230,29
667,676,181,230,29
668,676,181,230,29
669,676,181,230,29
670,676,181,230,29
671,676,181,230,29
672,676,181,230,29
673,676,181,230,29
674,676,181,230,29
675,676,181,230,29
676,676,181,230,29
677,676,181,230,29
678,676,181,230,29
679,676,181,230,29
680,676,181,230,29
681,676,181,230,29
682,676,181,230,29
683,676,181,230,29
684,676,181,230,29
685,676,181,230,29
686,676,181,230,29
687,676,181,230,29
688,676,181,230,29
689,676,181,230,29
690,676,181,230,29
691,676,181,230,29
692,676,181,230,29
693,676,181,230,29
694,676,181,230,29
695,676,181,230,29
696,676,181,230,29
697,676,181,230,29
698,676,181,230,29
699,676,189,233,53
652,677,194,234,69
653,677,182,230,32
654,677,181,230,29
655,677,181,230,29
656,677,181,230,29
657,677,181,230,29
658,677,181,230,29
659,677,181,230,29
660,677,181,230,29
661,677,181,230,29
662,677,181,230,29
663,677,181,230,29
664,677,181,230,29
665,677,181,230,29
666,677,181,230,29
667,677,181,230,29
668,677,181,230,29
669,677,181,230,29
670,677,181,230,29
671,677,181,230,29
672,677,181,230,29
673,677,181,230,29
674,677,181,230,29
675,677,181,230,29
676,677,181,230,29
677,677,181,230,29
678,677,181,230,29
679,677,181,230,29
680,677,181,230,29
681,677,181,230,29
682,677,181,230,29
683,677,181,230,29
684,677,181,230,29
685,677,181,230,29
686,677,181,230,29
687,677,181,230,29
688,677,181,230,29
689,677,181,230,29
690,677,181,230,29
691,677,181,230,29
692,677,181,230,29
693,677,181,230,29
694,677,181,230,29
695,677,181,230,29
696,677,181,230,29
697,677,181,230,29
698,677,181,230,29
699,677,189,233,53
653,678,194,234,69
654,678,182,230,32
655,678,181,230,29
656,678,181,230,29
657,678,181,230,29
658,678,181,230,29
659,678,181,230,29
660,678,181,230,29
661,678,181,230,29
662,678,181,230,29
663,678,181,230,29
664,678,181,230,29
665,678,181,230,29
666,678,181,230,29
667,678,181,230,29
668,678,181,230,29
669,678,181,230,29
670,678,181,230,29
671,678,181,230,29
672,678,181,230,29
673,678,181,230,29
674,678,181,230,29
675,678,181,230,29
676,678,181,230,29
677,678,181,230,29
678,678,181,230,29
679,678,181,230,29
680,678,181,230,29
681,678,181,230,29
682,678,181,230,29
683,678,181,230,29
684,678,181,230,29
685,678,181,230,29
686,678,181,230,29
687,678,181,230,29
688,678,181,230,29
689,678,181,230,29
690,678,181,230,29
691,678,181,230,29
692,678,181,230,29
693,678,181,230,29
694,678,181,230,29
695,678,181,230,29
696,678,181,230,29
697,678,181,230,29
698,678,181,230,29
699,678,189,233,53
654,679,188,232,51
655,679,181,230,29
656,679,181,230,29
657,679,181,230,29
658,679,181,230,29
659,679,181,230,29
660,679,181,230,29
661,679,181,230,29
662,679,181,230,29
663,679,181,230,29
664,679,181,230,29
665,679,181,230,29
666,679,181,230,29
667,679,181,230,29
668,679,181,230,29
669,679,181,230,29
670,679,181,230,29
671,679,181,230,29
672,679,181,230,29
673,679,181,230,29
674,679,181,230,29
675,679,181,230,29
676,679,181,230,29
677,679,181,230,29
678,679,181,230,29
679,679,181,230,29
680,679,181,230,29
681,679,181,230,29
682,679,181,230,29
683,679,181,230,29
684,679,181,230,29
685,679,181,230,29
686,679,181,230,29
687,679,181,230,29
688,679,181,230,29
689,679,181,230,29
690,679,181,230,29
691,679,181,230,29
692,679,181,230,29
693,679,181,230,29
694,679,181,230,29
695,679,181,230,29
696,679,181,230,29
697,679,181,230,29
698,679,181,230,29
699,679,189,233,53
654,680,195,235,72
655,680,182,230,32
656,680,181,230,29
657,680,181,230,29
658,680,181,230,29
659,680,181,230,29
660,680,181,230,29
661,680,181,230,29
662,680,181,230,29
663,680,181,230,29
664,680,181,230,29
665,680,181,230,29
666,680,181,230,29
667,680,181,230,29
668,680,181,230,29
669,680,181,230,29
670,680,181,230,29
671,680,181,230,29
672,680,181,230,29
673,680,181,230,29
674,680,181,230,29
675,680,181,230,29
676,680,181,230,29
677,680,181,230,29
678,680,181,230,29
679,680,181,230,29
680,680,181,230,29
681,680,181,230,29
682,680,181,230,29
683,680,181,230,29
684,680,181,230,29
685,680,181,230,29
686,680,181,230,29
687,680,181,230,29
688,680,181,230,29
689,680,181,230,29
690,680,181,230,29
691,680,181,230,29
692,680,181,230,29
693,680,181,230,29
694,680,181,230,29
695,680,181,230,29
696,680,181,230,29
697,680,181,230,29
698,680,181,230,29
699,680,189,233,53
655,681,194,234,69
656,681,182,230,32
657,681,181,230,29
658,681,181,230,29
659,681,181,230,29
660,681,181,230,29
661,681,181,230,29
662,681,181,230,29
663,681,181,230,29
664,681,181,230,29
665,681,181,230,29
666,681,181,230,29
667,681,181,230,29
668,681,181,230,29
669,681,181,230,29
670,681,181,230,29
671,681,181,230,29
672,681,181,230,29
673,681,181,230,29
674,681,181,230,29
675,681,181,230,29
676,681,181,230,29
677,681,181,230,29
678,681,181,230,29
679,681,181,230,29
680,681,181,230,29
681,681,181,230,29
682,681,181,230,29
683,681,181,230,29
684,681,181,230,29
685,681,181,230,29
686,681,181,230,29
687,681,181,230,29
688,681,181,230,29
689,681,181,230,29
690,681,181,230,29
691,681,181,230,29
692,681,181,230,29
693,681,181,230,29
694,681,181,230,29
695,681,181,230,29
696,681,181,230,29
697,681,181,230,29
698,681,181,230,29
699,681,189,233,53
656,682,194,234,69
657,682,182,230,32
658,682,181,230,29
659,682,181,230,29
660,682,181,230,29
661,682,181,230,29
662,682,181,230,29
663,682,181,230,29
664,682,181,230,29
665,682,181,230,29
666,682,181,230,29
667,682,181,230,29
668,682,181,230,29
669,682,181,230,29
670,682,181,230,29
671,682,181,230,29
672,682,181,230,29
673,682,181,230,29
674,682,181,230,29
675,682,181,230,29
676,682,181,230,29
677,682,181,230,29
678,682,181,230,29
679,682,181,230,29
680,682,181,230,29
681,682,181,230,29
682,682,181,230,29
683,682,181,230,29
684,682,181,230,29
685,682,181,230,29
686,682,181,230,29
687,682,181,230,29
688,682,181,230,29
689,682,181,230,29
690,682,181,230,29
691,682,181,230,29
692,682,181,230,29
693,682,181,230,29
694,682,181,230,29
695,682,181,230,29
696,682,181,230,29
697,682,181,230,29
698,682,181,230,29
699,682,189,233,53
657,683,188,232,51
658,683,181,230,29
659,683,181,230,29
660,683,181,230,29
661,683,181,230,29
662,683,181,230,29
663,683,181,230,29
664,683,181,230,29
665,683,181,230,29
666,683,181,230,29
667,683,181,230,29
668,683,181,230,29
669,683,181,230,29
670,683,181,230,29
671,683,181,230,29
672,683,181,230,29
673,683,181,230,29
674,683,181,230,29
675,683,181,230,29
676,683,181,230,29
677,683,181,230,29
678,683,181,230,29
679,683,181,230,29
680,683,181,230,29
681,683,181,230,29
682,683,181,230,29
683,683,181,230,29
684,683,181,230,29
685,683,181,230,29
686,683,181,230,29
687,683,181,230,29
688,683,181,230,29
689,683,181,230,29
690,683,181,230,29
691,683,181,230,29
692,683,181,230,29
693,683,181,230,29
694,683,181,230,29
695,683,181,230,29
696,683,181,230,29
697,683,181,230,29
698,683,181,230,29
699,683,189,233,53
657,684,195,235,72
658,684,182,230,32
659,684,181,230,29
660,684,181,230,29
661,684,181,230,29
662,684,181,230,29
663,684,181,230,29
664,684,181,230,29
665,684,181,230,29
666,684,181,230,29
667,684,181,230,29
668,684,181,230,29
669,684,181,230,29
670,684,181,230,29
671,684,181,230,29
672,684,181,230,29
673,684,181,230,29
674,684,181,230,29
675,684,181,230,29
676,684,181,230,29
677,684,181,230,29
678,684,181,230,29
679,684,181,230,29
680,684,181,230,29
681,684,181,230,29
682,684,181,230,29
683,684,181,230,29
684,684,181,230,29
685,684,181,230,29
686,684,181,230,29
687,684,181,230,29
688,684,181,230,29
689,684,181,230,29
690,684,181,230,29
691,684,181,230,29
692,684,181,230,29
693,684,181,230,29
694,684,181,230,29
695,684,181,230,29
696,684,181,230,29
697,684,181,230,29
698,684,181,230,29
699,684,189,233,53
658,685,194,234,69
659,685,182,230,32
660,685,181,230,29
661,685,181,230,29
662,685,181,230,29
663,685,181,230,29
664,685,181,230,29
665,685,181,230,29
666,685,181,230,29
667,685,181,230,29
668,685,181,230,29
669,685,181,230,29
670,685,181,230,29
671,685,181,230,29
672,685,181,230,29
673,685,181,230,29
674,685,181,230,29
675,685,181,230,29
676,685,181,230,29
677,685,181,230,29
678,685,181,230,29
679,685,181,230,29
680,685,181,230,29
681,685,181,230,29
682,685,181,230,29
683,685,181,230,29
684,685,181,230,29
685,685,181,230,29
686,685,181,230,29
687,685,181,230,29
688,685,181,230,29
689,685,181,230,29
690,685,181,230,29
691,685,181,230,29
692,685,181,230,29
693,685,181,230,29
694,685,181,230,29
695,685,181,230,29
696,685,181,230,29
697,685,181,230,29
698,685,181,230,29
699,685,189,233,53
659,686,194,234,69
660,686,182,230,32
661,686,181,230,29
662,686,181,230,29
663,686,181,230,29
664,686,181,230,29
665,686,181,230,29
666,686,181,230,29
667,686,181,230,29
668,686,181,230,29
669,686,181,230,29
670,686,181,230,29
671,686,181,230,29
672,686,181,230,29
673,686,181,230,29
674,686,181,230,29
675,686,181,230,29
676,686,181,230,29
677,686,181,230,29
678,686,181,230,29
679,686,181,230,29
680,686,181,230,29
681,686,181,230,29
682,686,181,230,29
683,686,181,230,29
684,686,181,230,29
685,686,181,230,29
686,686,181,230,29
687,686,181,230,29
688,686,181,230,29
689,686,181,230,29
690,686,181,230,29
691,686,181,230,29
692,686,181,230,29
693,686,181,230,29
694,686,181,230,29
695,686,181,230,29
696,686,181,230,29
697,686,181,230,29
698,686,181,230,29
699,686,189,233,53
660,687,188,232,51
661,687,181,230,29
662,687,181,230,29
663,687,181,230,29
664,687,181,230,29
665,687,181,230,29
666,687,181,230,29
667,687,181,230,29
668,687,181,230,29
669,687,181,230,29
670,687,181,230,29
671,687,181,230,29
672,687,181,230,29
673,687,181,230,29
674,687,181,230,29
675,687,181,230,29
676,687,181,230,29
677,687,181,230,29
678,687,181,230,29
679,687,181,230,29
680,687,181,230,29
681,687,181,230,29
682,687,181,230,29
683,687,181,230,29
684,687,181,230,29
685,687,181,230,29
686,687,181,230,29
687,687,181,230,29
688,687,181,230,29
689,687,181,230,29
690,687,181,230,29
691,687,181,230,29
692,687,181,230,29
693,687,181,230,29
694,687,181,230,29
695,687,181,230,29
696,687,181,230,29
697,687,181,230,29
698,687,181,230,29
699,687,189,233,53
660,688,195,235,72
661,688,182,230,32
662,688,181,230,29
663,688,181,230,29
664,688,181,230,29
665,688,181,230,29
666,688,181,230,29
667,688,181,230,29
668,688,181,230,29
669,688,181,230,29
670,688,181,230,29
671,688,181,230,29
672,688,181,230,29
673,688,181,230,29
674,688,181,230,29
675,688,181,230,29
676,688,181,230,29
677,688,181,230,29
678,688,181,230,29
679,688,181,230,29
680,688,181,230,29
681,688,181,230,29
682,688,181,230,29
683,688,181,230,29
684,688,181,230,29
685,688,181,230,29
686,688,181,230,29
687,688,181,230,29
688,688,181,230,29
689,688,181,230,29
690,688,181,230,29
691,688,181,230,29
692,688,181,230,29
693,688,181,230,29
694,688,181,230,29
695,688,181,230,29
696,688,181,230,29
697,688,181,230,29
698,688,181,230,29
699,688,189,233,53
661,689,194,234,69
662,689,182,230,32
663,689,181,230,29
664,689,181,230,29
665,689,181,230,29
666,689,181,230,29
667,689,181,230,29
668,689,181,230,29
669,689,181,230,29
670,689,181,230,29
671,689,181,230,29
672,689,181,230,29
673,689,181,230,29
674,689,181,230,29
675,689,181,230,29
676,689,181,230,29
677,689,181,230,29
678,689,181,230,29
679,689,181,230,29
680,689,181,230,29
681,689,181,230,29
682,689,181,230,29
683,689,181,230,29
684,689,181,230,29
685,689,181,230,29
686,689,181,230,29
687,689,181,230,29
688,689,181,230,29
689,689,181,230,29
690,689,181,230,29
691,689,181,230,29
692,689,181,230,29
693,689,181,230,29
694,689,181,230,29
695,689,181,230,29
696,689,181,230,29
697,689,181,230,29
698,689,181,230,29
699,689,189,233,53
662,690,194,234,69
663,690,182,230,32
664,690,181,230,29
665,690,181,230,29
666,690,181,230,29
667,690,181,230,29
668,690,181,230,29
669,690,181,230,29
670,690,181,230,29
671,690,181,230,29
672,690,181,230,29
673,690,181,230,29
674,690,181,230,29
675,690,181,230,29
676,690,181,230,29
677,690,181,230,29
678,690,181,230,29
679,690,181,230,29
680,690,181,230,29
681,690,181,230,29
682,690,181,230,29
683,690,181,230,29
684,690,181,230,29
685,690,181,230,29
686,690,181,230,29
687,690,181,230,29
688,690,181,230,29
689,690,181,230,29
690,690,181,230,29
691,690,181,230,29
692,690,181,230,29
693,690,181,230,29
694,690,181,230,29
695,690,181,230,29
696,690,181,230,29
697,690,181,230,29
698,690,181,230,29
699,690,189,233,53
663,691,188,232,51
664,691,181,230,29
665,691,181,230,29
666,691,181,230,29
667,691,181,230,29
668,691,181,230,29
669,691,181,230,29
670,691,181,230,29
671,691,181,230,29
672,691,181,230,29
673,691,181,230,29
674,691,181,230,29
675,691,181,230,29
676,691,181,230,29
677,691,181,230,29
678,691,181,230,29
679,691,181,230,29
680,691,181,230,29
681,691,181,230,29
682,691,181,230,29
683,691,181,230,29
684,691,181,230,29
685,691,181,230,29
686,691,181,230,29
687,691,181,230,29
688,691,181,230,29
689,691,181,230,29
690,691,181,230,29
691,691,181,230,29
692,691,181,230,29
693,691,181,230,29
694,691,181,230,29
695,691,181,230,29
696,691,181,230,29
697,691,181,230,29
698,691,181,230,29
699,691,189,233,53
663,692,195,235,72
664,692,182,230,32
665,692,181,230,29
666,692,181,230,29
667,692,181,230,29
668,692,181,230,29
669,692,181,230,29
670,692,181,230,29
671,692,181,230,29
672,692,181,230,29
673,692,181,230,29
674,692,181,230,29
675,692,181,230,29
676,692,181,230,29
677,692,181,230,29
678,692,181,230,29
679,692,181,230,29
680,692,181,230,29
681,692,181,230,29
682,692,181,230,29
683,692,181,230,29
684,692,181,230,29
685,692,181,230,29
686,692,181,230,29
687,692,181,230,29
688,692,181,230,29
689,692,181,230,29
690,692,181,230,29
691,692,181,230,29
692,692,181,230,29
693,692,181,230,29
694,692,181,230,29
695,692,181,230,29
696,692,181,230,29
697,692,181,230,29
698,692,181,230,29
699,692,189,233,53
664,693,194,234,69
665,693,182,230,32
666,693,181,230,29
667,693,181,230,29
668,693,181,230,29
669,693,181,230,29
670,693,181,230,29
671,693,181,230,29
672,693,181,230,29
673,693,181,230,29
674,693,181,230,29
675,693,181,230,29
676,693,181,230,29
677,693,181,230,29
678,693,181,230,29
679,693,181,230,29
680,693,181,230,29
681,693,181,230,29
682,693,181,230,29
683,693,181,230,29
684,693,181,230,29
685,693,181,230,29
686,693,181,230,29
687,693,181,230,29
688,693,181,230,29
689,693,181,230,29
690,693,181,230,29
691,693,181,230,29
692,693,181,230,29
693,693,181,230,29
694,693,181,230,29
695,693,181,230,29
696,693,181,230,29
697,693,181,230,29
698,693,181,230,29
699,693,189,233,53
665,694,188,232,51
666,694,181,230,29
667,694,181,230,29
668,694,181,230,29
669,694,181,230,29
670,694,181,230,29
671,694,181,230,29
672,694,181,230,29
673,694,181,230,29
674,694,181,230,29
675,694,181,230,29
676,694,181,230,29
677,694,181,230,29
678,694,181,230,29
679,694,181,230,29
680,694,181,230,29
681,694,181,230,29
682,694,181,230,29
683,694,181,230,29
684,694,181,230,29
685,694,181,230,29
686,694,181,230,29
687,694,181,230,29
688,694,181,230,29
689,694,181,230,29
690,694,181,230,29
691,694,181,230,29
692,694,181,230,29
693,694,181,230,29
694,694,181,230,29
695,694,181,230,29
696,694,181,230,29
697,694,181,230,29
698,694,181,230,29
699,694,189,233,53
665,695,195,235,72
666,695,182,230,32
667,695,181,230,29
668,695,181,230,29
669,695,181,230,29
670,695,181,230,29
671,695,181,230,29
672,695,181,230,29
673,695,181,230,29
674,695,181,230,29
675,695,181,230,29
676,695,181,230,29
677,695,181,230,29
678,695,181,230,29
679,695,181,230,29
680,695,181,230,29
681,695,181,230,29
682,695,181,230,29
683,695,181,230,29
684,695,181,230,29
685,695,181,230,29
686,695,181,230,29
687,695,181,230,29
688,695,181,230,29
689,695,181,230,29
690,695,181,230,29
691,695,181,230,29
692,695,181,230,29
693,695,181,230,29
694,695,181,230,29
695,695,181,230,29
696,695,181,230,29
697,695,181,230,29
698,695,181,230,29
699,695,189,233,53
666,696,194,234,69
667,696,182,230,32
668,696,181,230,29
669,696,181,230,29
670,696,181,230,29
671,696,181,230,29
672,696,181,230,29
673,696,181,230,29
674,696,181,230,29
675,696,181,230,29
676,696,181,230,29
677,696,181,230,29
678,696,181,230,29
679,696,181,230,29
680,696,181,230,29
681,696,181,230,29
682,696,181,230,29
683,696,181,230,29
684,696,181,230,29
685,696,181,230,29
686,696,181,230,29
687,696,181,230,29
688,696,181,230,29
689,696,181,230,29
690,696,181,230,29
691,696,181,230,29
692,696,181,230,29
693,696,181,230,29
694,696,181,230,29
695,696,181,230,29
696,696,181,230,29
697,696,181,230,29
698,696,181,230,29
699,696,189,233,53
667,697,194,234,69
668,697,182,230,32
669,697,181,230,29
670,697,181,230,29
671,697,181,230,29
672,697,181,230,29
673,697,181,230,29
674,697,181,230,29
675,697,181,230,29
676,697,181,230,29
677,697,181,230,29
678,697,181,230,29
679,697,181,230,29
680,697,181,230,29
681,697,181,230,29
682,697,181,230,29
683,697,181,230,29
684,697,181,230,29
685,697,181,230,29
686,697,181,230,29
687,697,181,230,29
688,697,181,230,29
689,697,181,230,29
690,697,181,230,29
691,697,181,230,29
692,697,181,230,29
693,697,181,230,29
694,697,181,230,29
695,697,181,230,29
696,697,181,230,29
697,697,181,230,29
698,697,181,230,29
699,697,189,233,53
668,698,188,232,51
669,698,181,230,29
670,698,181,230,29
671,698,181,230,29
672,698,181,230,29
673,698,181,230,29
674,698,181,230,29
675,698,181,230,29
676,698,181,230,29
677,698,181,230,29
678,698,181,230,29
679,698,181,230,29
680,698,181,230,29
681,698,181,230,29
682,698,181,230,29
683,698,181,230,29
684,698,181,230,29
685,698,181,230,29
686,698,181,230,29
687,698,181,230,29
688,698,181,230,29
689,698,181,230,29
690,698,181,230,29
691,698,181,230,29
692,698,181,230,29
693,698,181,230,29
694,698,181,230,29
695,698,181,230,29
696,698,181,230,29
697,698,181,230,29
698,698,181,230,29
699,698,189,233,53
668,699,195,235,72
669,699,182,230,32
670,699,181,230,29
671,699,181,230,29
672,699,181,230,29
673,699,181,230,29
674,699,181,230,29
675,699,181,230,29
676,699,181,230,29
677,699,181,230,29
678,699,181,230,29
679,699,181,230,29
680,699,181,230,29
681,699,181,230,29
682,699,181,230,29
683,699,181,230,29
684,699,181,230,29
685,699,181,230,29
686,699,181,230,29
687,699,181,230,29
688,699,181,230,29
689,699,181,230,29
690,699,181,230,29
691,699,181,230,29
692,699,181,230,29
693,699,181,230,29
694,699,181,230,29
695,699,181,230,29
696,699,181,230,29
697,699,181,230,29
698,699,181,230,29
699,699,189,233,53
669,700,194,234,69
670,700,182,230,32
671,700,181,230,29
672,700,181,230,29
673,700,181,230,29
674,700,181,230,29
675,700,181,230,29
676,700,181,230,29
677,700,181,230,29
678,700,181,230,29
679,700,181,230,29
680,700,181,230,29
681,700,181,230,29
682,700,181,230,29
683,700,181,230,29
684,700,181,230,29
685,700,181,230,29
686,700,181,230,29
687,700,181,230,29
688,700,181,230,29
689,700,181,230,29
690,700,181,230,29
691,700,181,230,29
692,700,181,230,29
693,700,181,230,29
694,700,181,230,29
695,700,181,230,29
696,700,181,230,29
697,700,181,230,29
698,700,181,230,29
699,700,189,233,53
670,701,194,234,69
671,701,182,230,32
672,701,181,230,29
673,701,181,230,29
674,701,181,230,29
675,701,181,230,29
676,701,181,230,29
677,701,181,230,29
678,701,181,230,29
679,701,181,230,29
680,701,181,230,29
681,701,181,230,29
682,701,181,230,29
683,701,181,230,29
684,701,181,230,29
685,701,181,230,29
686,701,181,230,29
687,701,181,230,29
688,701,181,230,29
689,701,181,230,29
690,701,181,230,29
691,701,181,230,29
692,701,181,230,29
693,701,181,230,29
694,701,181,230,29
695,701,181,230,29
696,701,181,230,29
697,701,181,230,29
698,701,181,230,29
699,701,189,233,53
671,702,188,232,51
672,702,181,230,29
673,702,181,230,29
674,702,181,230,29
675,702,181,230,29
676,702,181,230,29
677,702,181,230,29
678,702,181,230,29
679,702,181,230,29
680,702,181,230,29
681,702,181,230,29
682,702,181,230,29
683,702,181,230,29
684,702,181,230,29
685,702,181,230,29
686,702,181,230,29
687,702,181,230,29
688,702,181,230,29
689,702,181,230,29
690,702,181,230,29
691,702,181,230,29
692,702,181,230,29
693,702,181,230,29
694,702,181,230,29
695,702,181,230,29
696,702,181,230,29
697,702,181,230,29
698,702,181,230,29
699,702,189,233,53
671,703,195,235,72
672,703,182,230,32
673,703,181,230,29
674,703,181,230,29
675,703,181,230,29
676,703,181,230,29
677,703,181,230,29
678,703,181,230,29
679,703,181,230,29
680,703,181,230,29
681,703,181,230,29
682,703,181,230,29
683,703,181,230,29
684,703,181,230,29
685,703,181,230,29
686,703,181,230,29
687,703,181,230,29
688,703,181,230,29
689,703,181,230,29
690,703,181,230,29
691,703,181,230,29
692,703,181,230,29
693,703,181,230,29
694,703,181,230,29
695,703,181,230,29
696,703,181,230,29
697,703,181,230,29
698,703,181,230,29
699,703,189,233,53
672,704,194,234,69
673,704,182,230,32
674,704,181,230,29
675,704,181,230,29
676,704,181,230,29
677,704,181,230,29
678,704,181,230,29
679,704,181,230,29
680,704,181,230,29
681,704,181,230,29
682,704,181,230,29
683,704,181,230,29
684,704,181,230,29
685,704,181,230,29
686,704,181,230,29
687,704,181,230,29
688,704,181,230,29
689,704,181,230,29
690,704,181,230,29
691,704,181,230,29
692,704,181,230,29
693,704,181,230,29
694,704,181,230,29
695,704,181,230,29
696,704,181,230,29
697,704,181,230,29
698,704,181,230,29
699,704,189,233,53
673,705,194,234,69
674,705,182,230,32
675,705,181,230,29
676,705,181,230,29
677,705,181,230,29
678,705,181,230,29
679,705,181,230,29
680,705,181,230,29
681,705,181,230,29
682,705,181,230,29
683,705,181,230,29
684,705,181,230,29
685,705,181,230,29
686,705,181,230,29
687,705,181,230,29
688,705,181,230,29
689,705,181,230,29
690,705,181,230,29
691,705,181,230,29
692,705,181,230,29
693,705,181,230,29
694,705,181,230,29
695,705,181,230,29
696,705,181,230,29
697,705,181,230,29
698,705,181,230,29
699,705,189,233,53
674,706,188,232,51
675,706,181,230,29
676,706,181,230,29
677,706,181,230,29
678,706,181,230,29
679,706,181,230,29
680,706,181,230,29
681,706,181,230,29
682,706,181,230,29
683,706,181,230,29
684,706,181,230,29
685,706,181,230,29
686,706,181,230,29
687,706,181,230,29
688,706,181,230,29
689,706,181,230,29
690,706,181,230,29
691,706,181,230,29
692,706,181,230,29
693,706,181,230,29
694,706,181,230,29
695,706,181,230,29
696,706,181,230,29
697,706,181,230,29
698,706,181,230,29
699,706,189,233,53
674,707,195,235,72
675,707,182,230,32
676,707,181,230,29
677,707,181,230,29
678,707,181,230,29
679,707,181,230,29
680,707,181,230,29
681,707,181,230,29
682,707,181,230,29
683,707,181,230,29
684,707,181,230,29
685,707,181,230,29
686,707,181,230,29
687,707,181,230,29
688,707,181,230,29
689,707,181,230,29
690,707,181,230,29
691,707,181,230,29
692,707,181,230,29
693,707,181,230,29
694,707,181,230,29
695,707,181,230,29
696,707,181,230,29
697,707,181,230,29
698,707,181,230,29
699,707,189,233,53
675,708,194,234,69
676,708,182,230,32
677,708,181,230,29
678,708,181,230,29
679,708,181,230,29
680,708,181,230,29
681,708,181,230,29
682,708,181,230,29
683,708,181,230,29
684,708,181,230,29
685,708,181,230,29
686,708,181,230,29
687,708,181,230,29
688,708,181,230,29
689,708,181,230,29
690,708,181,230,29
691,708,181,230,29
692,708,181,230,29
693,708,181,230,29
694,708,181,230,29
695,708,181,230,29
696,708,181,230,29
697,708,181,230,29
698,708,181,230,29
699,708,189,233,53
676,709,194,234,69
677,709,182,230,32
678,709,181,230,29
679,709,181,230,29
680,709,181,230,29
681,709,181,230,29
682,709,181,230,29
683,709,181,230,29
684,709,181,230,29
685,709,181,230,29
686,709,181,230,29
687,709,181,230,29
688,709,181,230,29
689,709,181,230,29
690,709,181,230,29
691,709,181,230,29
692,709,181,230,29
693,709,181,230,29
694,709,181,230,29
695,709,181,230,29
696,709,181,230,29
697,709,181,230,29
698,709,181,230,29
699,709,189,233,53
677,710,188,232,51
678,710,181,230,29
679,710,181,230,29
680,710,181,230,29
681,710,181,230,29
682,710,181,230,29
683,710,181,230,29
684,710,181,230,29
685,710,181,230,29
686,710,181,230,29
687,710,181,230,29
688,710,181,230,29
689,710,181,230,29
690,710,181,230,29
691,710,181,230,29
692,710,181,230,29
693,710,181,230,29
694,710,181,230,29
695,710,181,230,29
696,710,181,230,29
697,710,181,230,29
698,710,181,230,29
699,710,189,233,53
677,711,195,235,72
678,711,182,230,32
679,711,181,230,29
680,711,181,230,29
681,711,181,230,29
682,711,181,230,29
683,711,181,230,29
684,711,181,230,29
685,711,181,230,29
686,711,181,230,29
687,711,181,230,29
688,711,181,230,29
689,711,181,230,29
690,711,181,230,29
691,711,181,230,29
692,711,181,230,29
693,711,181,230,29
694,711,181,230,29
695,711,181,230,29
696,711,181,230,29
697,711,181,230,29
698,711,181,230,29
699,711,189,233,53
678,712,194,234,69
679,712,182,230,32
680,712,181,230,29
681,712,181,230,29
682,712,181,230,29
683,712,181,230,29
684,712,181,230,29
685,712,181,230,29
686,712,181,230,29
687,712,181,230,29
688,712,181,230,29
689,712,181,230,29
690,712,181,230,29
691,712,181,230,29
692,712,181,230,29
693,712,181,230,29
694,712,181,230,29
695,712,181,230,29
696,712,181,230,29
697,712,181,230,29
698,712,181,230,29
699,712,189,233,53
679,713,194,234,69
680,713,182,230,32
681,713,181,230,29
682,713,181,230,29
683,713,181,230,29
684,713,181,230,29
685,713,181,230,29
686,713,181,230,29
687,713,181,230,29
688,713,181,230,29
689,713,181,230,29
690,713,181,230,29
691,713,181,230,29
692,713,181,230,29
693,713,181,230,29
694,713,181,230,29
695,713,181,230,29
696,713,181,230,29
697,713,181,230,29
698,713,181,230,29
699,713,189,233,53
680,714,188,232,51
681,714,181,230,29
682,714,181,230,29
683,714,181,230,29
684,714,181,230,29
685,714,181,230,29
686,714,181,230,29
687,714,181,230,29
688,714,181,230,29
689,714,181,230,29
690,714,181,230,29
691,714,181,230,29
692,714,181,230,29
693,714,181,230,29
694,714,181,230,29
695,714,181,230,29
696,714,181,230,29
697,714,181,230,29
698,714,181,230,29
699,714,189,233,53
680,715,195,235,72
681,715,182,230,32
682,715,181,230,29
683,715,181,230,29
684,715,181,230,29
685,715,181,230,29
686,715,181,230,29
687,715,181,230,29
688,715,181,230,29
689,715,181,230,29
690,715,181,230,29
691,715,181,230,29
692,715,181,230,29
693,715,181,230,29
694,715,181,230,29
695,715,181,230,29
696,715,181,230,29
697,715,181,230,29
698,715,181,230,29
699,715,189,233,53
681,716,194,234,69
682,716,182,230,32
683,716,181,230,29
684,716,181,230,29
685,716,181,230,29
686,716,181,230,29
687,716,181,230,29
688,716,181,230,29
689,716,181,230,29
690,716,181,230,29
691,716,181,230,29
692,716,181,230,29
693,716,181,230,29
694,716,181,230,29
695,716,181,230,29
696,716,181,230,29
697,716,181,230,29
698,716,181,230,29
699,716,189,233,53
682,717,194,234,69
683,717,182,230,32
684,717,181,230,29
685,717,181,230,29
686,717,181,230,29
687,717,181,230,29
688,717,181,230,29
689,717,181,230,29
690,717,181,230,29
691,717,181,230,29
692,717,181,230,29
693,717,181,230,29
694,717,181,230,29
695,717,181,230,29
696,717,181,230,29
697,717,181,230,29
698,717,181,230,29
699,717,189,233,53
683,718,188,232,51
684,718,181,230,29
685,718,181,230,29
686,718,181,230,29
687,718,181,230,29
688,718,181,230,29
689,718,181,230,29
690,718,181,230,29
691,718,181,230,29
692,718,181,230,29
693,718,181,230,29
694,718,181,230,29
695,718,181,230,29
696,718,181,230,29
697,718,181,230,29
698,718,181,230,29
699,718,189,233,53
683,719,195,235,72
684,719,182,230,32
685,719,181,230,29
686,719,181,230,29
687,719,181,230,29
688,719,181,230,29
689,719,181,230,29
690,719,181,230,29
691,719,181,230,29
692,719,181,230,29
693,719,181,230,29
694,719,181,230,29
695,719,181,230,29
696,719,181,230,29
697,719,181,230,29
698,719,181,230,29
699,719,189,233,53
684,720,194,234,69
685,720,182,230,32
686,720,181,230,29
687,720,181,230,29
688,720,181,230,29
689,720,181,230,29
690,720,181,230,29
691,720,181,230,29
692,720,181,230,29
693,720,181,230,29
694,720,181,230,29
695,720,181,230,29
696,720,181,230,29
697,720,181,230,29
698,720,181,230,29
699,720,189,233,53
685,721,188,232,51
686,721,181,230,29
687,721,181,230,29
688,721,181,230,29
689,721,181,230,29
690,721,181,230,29
691,721,181,230,29
692,721,181,230,29
693,721,181,230,29
694,721,181,230,29
695,721,181,230,29
696,721,181,230,29
697,721,181,230,29
698,721,181,230,29
699,721,189,233,53
685,722,195,235,72
686,722,182,230,32
687,722,181,230,29
688,722,181,230,29
689,722,181,230,29
690,722,181,230,29
691,722,181,230,29
692,722,181,230,29
693,722,181,230,29
694,722,181,230,29
695,722,181,230,29
696,722,181,230,29
697,722,181,230,29
698,722,181,230,29
699,722,189,233,53
686,723,194,234,69
687,723,182,230,32
688,723,181,230,29
689,723,181,230,29
690,723,181,230,29
691,723,181,230,29
692,723,181,230,29
693,723,181,230,29
694,723,181,230,29
695,723,181,230,29
696,723,181,230,29
697,723,181,230,29
698,723,181,230,29
699,723,189,233,53
687,724,194,234,69
688,724,182,230,32
689,724,181,230,29
690,724,181,230,29
691,724,181,230,29
692,724,181,230,29
693,724,181,230,29
694,724,181,230,29
695,724,181,230,29
696,724,181,230,29
697,724,181,230,29
698,724,181,230,29
699,724,189,233,53
688,725,188,232,51
689,725,181,230,29
690,725,181,230,29
691,725,181,230,29
692,725,181,230,29
693,725,181,230,29
694,725,181,230,29
695,725,181,230,29
696,725,181,230,29
697,725,181,230,29
698,725,181,230,29
699,725,189,233,53
688,726,195,235,72
689,726,182,230,32
690,726,181,230,29
691,726,181,230,29
692,726,181,230,29
693,726,181,230,29
694,726,181,230,29
695,726,181,230,29
696,726,181,230,29
697,726,181,230,29
698,726,181,230,29
699,726,189,233,53
689,727,194,234,69
690,727,182,230,32
691,727,181,230,29
692,727,181,230,29
693,727,181,230,29
694,727,181,230,29
695,727,181,230,29
696,727,181,230,29
697,727,181,230,29
698,727,181,230,29
699,727,189,233,53
690,728,194,234,69
691,728,182,230,32
692,728,181,230,29
693,728,181,230,29
694,728,181,230,29
695,728,181,230,29
696,728,181,230,29
697,728,181,230,29
698,728,181,230,29
699,728,189,233,53
691,729,188,232,51
692,729,181,230,29
693,729,181,230,29
694,729,181,230,29
695,729,181,230,29
696,729,181,230,29
697,729,181,230,29
698,729,181,230,29
699,729,189,233,53
691,730,195,235,72
692,730,182,230,32
693,730,181,230,29
694,730,181,230,29
695,730,181,230,29
696,730,181,230,29
697,730,181,230,29
698,730,181,230,29
699,730,189,233,53
692,731,194,234,69
693,731,182,230,32
694,731,181,230,29
695,731,181,230,29
696,731,181,230,29
697,731,181,230,29
698,731,181,230,29
699,731,189,233,53
693,732,194,234,69
694,732,182,230,32
695,732,181,230,29
696,732,181,230,29
697,732,181,230,29
698,732,181,230,29
699,732,189,233,53
694,733,188,232,51
695,733,181,230,29
696,733,181,230,29
697,733,181,230,29
698,733,181,230,29
699,733,189,233,53
694,734,195,235,72
695,734,182,230,32
696,734,181,230,29
697,734,181,230,29
698,734,181,230,29
699,734,189,233,53
695,735,194,234,69
696,735,182,230,32
697,735,181,230,29
698,735,182,230,32
699,735,195,235,72
696,736,195,235,72
697,736,189,233,53
698,736,195,235,72
