721,578,195,235,72
722,578,195,235,72
720,579,194,234,69
721,579,182,230,32
722,579,182,230,32
723,579,194,234,69
719,580,195,235,72
720,580,182,230,32
721,580,181,230,29
722,580,181,230,29
723,580,182,230,32
724,580,195,235,72
719,581,189,233,53
720,581,181,230,29
721,581,181,230,29
722,581,181,230,29
723,581,181,230,29
724,581,189,233,53
719,582,188,232,51
720,582,181,230,29
721,582,181,230,29
722,582,181,230,29
723,582,181,230,29
724,582,188,232,51
718,583,195,235,72
719,583,182,230,32
720,583,181,230,29
721,583,181,230,29
722,583,181,230,29
723,583,181,230,29
724,583,182,230,32
725,583,195,235,72
718,584,189,233,53
719,584,181,230,29
720,584,181,230,29
721,584,181,230,29
722,584,181,230,29
723,584,181,230,29
724,584,181,230,29
725,584,189,233,53
718,585,188,232,51
719,585,181,230,29
720,585,181,230,29
721,585,181,230,29
722,585,181,230,29
723,585,181,230,29
724,585,181,230,29
725,585,188,232,51
717,586,195,235,72
718,586,182,230,32
719,586,181,230,29
720,586,181,230,29
721,586,181,230,29
722,586,181,230,29
723,586,181,230,29
724,586,181,230,29
725,586,182,230,32
726,586,195,235,72
717,587,189,233,53
718,587,181,230,29
719,587,181,230,29
720,587,181,230,29
721,587,181,230,29
722,587,181,230,29
723,587,181,230,29
724,587,181,230,29
725,587,181,230,29
726,587,189,233,53
717,588,188,232,51
718,588,181,230,29
719,588,181,230,29
720,588,181,230,29
721,588,181,230,29
722,588,181,230,29
723,588,181,230,29
724,588,181,230,29
725,588,181,230,29
726,588,188,232,51
716,589,195,235,72
717,589,182,230,32
718,589,181,230,29
719,589,181,230,29
720,589,181,230,29
721,589,181,230,29
722,589,181,230,29
723,589,181,230,29
724,589,181,230,29
725,589,181,230,29
726,589,182,230,32
727,589,195,235,72
716,590,189,233,53
717,590,181,230,29
718,590,181,230,29
719,590,181,230,29
720,590,181,230,29
721,590,181,230,29
722,590,181,230,29
723,590,181,230,29
724,590,181,230,29
725,590,181,230,29
726,590,181,230,29
727,590,189,233,53
716,591,188,232,51
717,591,181,230,29
718,591,181,230,29
719,591,181,230,29
720,591,181,230,29
721,591,181,230,29
722,591,181,230,29
723,591,181,230,29
724,591,181,230,29
725,591,181,230,29
726,591,181,230,29
727,591,188,232,51
715,592,195,235,72
716,592,182,230,32
717,592,181,230,29
718,592,181,230,29
719,592,181,230,29
720,592,181,230,29
721,592,181,230,29
722,592,181,230,29
723,592,181,230,29
724,592,181,230,29
725,592,181,230,29
726,592,181,230,29
727,592,182,230,32
728,592,194,234,69
715,593,188,232,51
716,593,181,230,29
717,593,181,230,29
718,593,181,230,29
719,593,181,230,29
720,593,181,230,29
721,593,181,230,29
722,593,181,230,29
723,593,181,230,29
724,593,181,230,29
725,593,181,230,29
726,593,181,230,29
727,593,181,230,29
728,593,182,230,32
729,593,194,234,69
711,594,195,235,72
712,594,189,233,53
713,594,189,233,53
714,594,188,232,51
715,594,182,230,32
716,594,181,230,29
717,594,181,230,29
718,594,181,230,29
719,594,181,230,29
720,594,181,230,29
721,594,181,230,29
722,594,181,230,29
723,594,181,230,29
724,594,181,230,29
725,594,181,230,29
726,594,181,230,29
727,594,181,230,29
728,594,181,230,29
729,594,182,230,32
730,594,188,232,51
731,594,189,233,53
732,594,195,235,72
708,595,195,235,72
709,595,189,233,53
710,595,188,232,51
711,595,182,230,32
712,595,181,230,29
713,595,181,230,29
714,595,181,230,29
715,595,181,230,29
716,595,181,230,29
717,595,181,230,29
718,595,181,230,29
719,595,181,230,29
720,595,181,230,29
721,595,181,230,29
722,595,181,230,29
723,595,181,230,29
724,595,181,230,29
725,595,181,230,29
726,595,181,230,29
727,595,181,230,29
728,595,181,230,29
729,595,181,230,29
730,595,181,230,29
731,595,181,230,29
732,595,182,230,32
733,595,188,232,51
734,595,189,233,53
735,595,195,235,72
705,596,195,235,72
706,596,189,233,53
707,596,188,232,51
708,596,182,230,32
709,596,181,230,29
710,596,181,230,29
711,596,181,230,29
712,596,181,230,29
713,596,181,230,29
714,596,181,230,29
715,596,181,230,29
716,596,181,230,29
717,596,181,230,29
718,596,181,230,29
719,596,181,230,29
720,596,181,230,29
721,596,181,230,29
722,596,181,230,29
723,596,181,230,29
724,596,181,230,29
725,596,181,230,29
726,596,181,230,29
727,596,181,230,29
728,596,181,230,29
729,596,181,230,29
730,596,181,230,29
731,596,181,230,29
732,596,181,230,29
733,596,181,230,29
734,596,181,230,29
735,596,182,230,32
736,596,188,232,51
737,596,189,233,53
738,596,189,233,53
739,596,195,235,72
701,597,195,235,72
702,597,189,233,53
703,597,189,233,53
704,597,188,232,51
705,597,182,230,32
706,597,181,230,29
707,597,181,230,29
708,597,181,230,29
709,597,181,230,29
710,597,181,230,29
711,597,181,230,29
712,597,181,230,29
713,597,181,230,29
714,597,181,230,29
715,597,181,230,29
716,597,181,230,29
717,597,181,230,29
718,597,181,230,29
719,597,181,230,29
720,597,181,230,29
721,597,181,230,29
722,597,181,230,29
723,597,181,230,29
724,597,181,230,29
725,597,181,230,29
726,597,181,230,29
727,597,181,230,29
728,597,181,230,29
729,597,181,230,29
730,597,181,230,29
731,597,181,230,29
732,597,181,230,29
733,597,181,230,29
734,597,181,230,29
735,597,181,230,29
736,597,181,230,29
737,597,181,230,29
738,597,181,230,29
739,597,182,230,32
740,597,188,232,51
741,597,189,233,53
742,597,195,235,72
700,598,194,234,69
701,598,182,230,32
702,598,181,230,29
703,598,181,230,29
704,598,181,230,29
705,598,181,230,29
706,598,181,230,29
707,598,181,230,29
708,598,181,230,29
709,598,181,230,29
710,598,181,230,29
711,598,181,230,29
712,598,181,230,29
713,598,181,230,29
714,598,181,230,29
715,598,181,230,29
716,598,181,230,29
717,598,181,230,29
718,598,181,230,29
719,598,181,230,29
720,598,181,230,29
721,598,181,230,29
722,598,181,230,29
723,598,181,230,29
724,598,181,230,29
725,598,181,230,29
726,598,181,230,29
727,598,181,230,29
728,598,181,230,29
729,598,181,230,29
730,598,181,230,29
731,598,181,230,29
732,598,181,230,29
733,598,181,230,29
734,598,181,230,29
735,598,181,230,29
736,598,181,230,29
737,598,181,230,29
738,598,181,230,29
739,598,181,230,29
740,598,181,230,29
741,598,181,230,29
742,598,182,230,32
743,598,194,234,69
699,599,195,235,72
700,599,182,230,32
701,599,181,230,29
702,599,181,230,29
703,599,181,230,29
704,599,181,230,29
705,599,181,230,29
706,599,181,230,29
707,599,181,230,29
708,599,181,230,29
709,599,181,230,29
710,599,181,230,29
711,599,181,230,29
712,599,181,230,29
713,599,181,230,29
714,599,181,230,29
715,599,181,230,29
716,599,181,230,29
717,599,181,230,29
718,599,181,230,29
719,599,181,230,29
720,599,181,230,29
721,599,181,230,29
722,599,181,230,29
723,599,181,230,29
724,599,181,230,29
725,599,181,230,29
726,599,181,230,29
727,599,181,230,29
728,599,181,230,29
729,599,181,230,29
730,599,181,230,29
731,599,181,230,29
732,599,181,230,29
733,599,181,230,29
734,599,181,230,29
735,599,181,230,29
736,599,181,230,29
737,599,181,230,29
738,599,181,230,29
739,599,181,230,29
740,599,181,230,29
741,599,181,230,29
742,599,181,230,29
743,599,182,230,32
744,599,195,235,72
699,600,195,235,72
700,600,182,230,32
701,600,181,230,29
702,600,181,230,29
703,600,181,230,29
704,600,181,230,29
705,600,181,230,29
706,600,181,230,29
707,600,181,230,29
708,600,181,230,29
709,600,181,230,29
710,600,181,230,29
711,600,181,230,29
712,600,181,230,29
713,600,181,230,29
714,600,181,230,29
715,600,181,230,29
716,600,181,230,29
717,600,181,230,29
718,600,181,230,29
719,600,181,230,29
720,600,181,230,29
721,600,181,230,29
722,600,181,230,29
723,600,181,230,29
724,600,181,230,29
725,600,181,230,29
726,600,181,230,29
727,600,181,230,29
728,600,181,230,29
729,600,181,230,29
730,600,181,230,29
731,600,181,230,29
732,600,181,230,29
733,600,181,230,29
734,600,181,230,29
735,600,181,230,29
736,600,181,230,29
737,600,181,230,29
738,600,181,230,29
739,600,181,230,29
740,600,181,230,29
741,600,181,230,29
742,600,181,230,29
743,600,182,230,32
744,600,195,235,72
700,601,194,234,69
701,601,182,230,32
702,601,181,230,29
703,601,181,230,29
704,601,181,230,29
705,601,181,230,29
706,601,181,230,29
707,601,181,230,29
708,601,181,230,29
709,601,181,230,29
710,601,181,230,29
711,601,181,230,29
712,601,181,230,29
713,601,181,230,29
714,601,181,230,29
715,601,181,230,29
716,601,181,230,29
717,601,181,230,29
718,601,181,230,29
719,601,181,230,29
720,601,181,230,29
721,601,181,230,29
722,601,181,230,29
723,601,181,230,29
724,601,181,230,29
725,601,181,230,29
726,601,181,230,29
727,601,181,230,29
728,601,181,230,29
729,601,181,230,29
730,601,181,230,29
731,601,181,230,29
732,601,181,230,29
733,601,181,230,29
734,601,181,230,29
735,601,181,230,29
736,601,181,230,29
737,601,181,230,29
738,601,181,230,29
739,601,181,230,29
740,601,181,230,29
741,601,181,230,29
742,601,182,230,32
743,601,194,234,69
701,602,195,235,72
702,602,189,233,53
703,602,188,232,51
704,602,182,230,32
705,602,181,230,29
706,602,181,230,29
707,602,181,230,29
708,602,181,230,29
709,602,181,230,29
710,602,181,230,29
711,602,181,230,29
712,602,181,230,29
713,602,181,230,29
714,602,181,230,29
715,602,181,230,29
716,602,181,230,29
717,602,181,230,29
718,602,181,230,29
719,602,181,230,29
720,602,181,230,29
721,602,181,230,29
722,602,181,230,29
723,602,181,230,29
724,602,181,230,29
725,602,181,230,29
726,602,181,230,29
727,602,181,230,29
728,602,181,230,29
729,602,181,230,29
730,602,181,230,29
731,602,181,230,29
732,602,181,230,29
733,602,181,230,29
734,602,181,230,29
735,602,181,230,29
736,602,181,230,29
737,602,181,230,29
738,602,181,230,29
739,602,182,230,32
740,602,188,232,51
741,602,189,233,53
742,602,195,235,72
704,603,195,235,72
705,603,189,233,53
706,603,189,233,53
707,603,188,232,51
708,603,182,230,32
709,603,181,230,29
710,603,181,230,29
711,603,181,230,29
712,603,181,230,29
713,603,181,230,29
714,603,181,230,29
715,603,181,230,29
716,603,181,230,29
717,603,181,230,29
718,603,181,230,29
719,603,181,230,29
720,603,181,230,29
721,603,181,230,29
722,603,181,230,29
723,603,181,230,29
724,603,181,230,29
725,603,181,230,29
726,603,181,230,29
727,603,181,230,29
728,603,181,230,29
729,603,181,230,29
730,603,181,230,29
731,603,181,230,29
732,603,181,230,29
733,603,181,230,29
734,603,181,230,29
735,603,182,230,32
736,603,188,232,51
737,603,189,233,53
738,603,189,233,53
739,603,195,235,72
708,604,195,235,72
709,604,189,233,53
710,604,188,232,51
711,604,182,230,32
712,604,181,230,29
713,604,181,230,29
714,604,181,230,29
715,604,181,230,29
716,604,181,230,29
717,604,181,230,29
718,604,181,230,29
719,604,181,230,29
720,604,181,230,29
721,604,181,230,29
722,604,181,230,29
723,604,181,230,29
724,604,181,230,29
725,604,181,230,29
726,604,181,230,29
727,604,181,230,29
728,604,181,230,29
729,604,181,230,29
730,604,181,230,29
731,604,181,230,29
732,604,182,230,32
733,604,188,232,51
734,604,189,233,53
735,604,195,235,72
711,605,195,235,72
712,605,189,233,53
713,605,188,232,51
714,605,182,230,32
715,605,181,230,29
716,605,181,230,29
717,605,181,230,29
718,605,181,230,29
719,605,181,230,29
720,605,181,230,29
721,605,181,230,29
722,605,181,230,29
723,605,181,230,29
724,605,181,230,29
725,605,181,230,29
726,605,181,230,29
727,605,181,230,29
728,605,181,230,29
729,605,182,230,32
730,605,188,232,51
731,605,189,233,53
732,605,195,235,72
714,606,194,234,69
715,606,182,230,32
716,606,181,230,29
717,606,181,230,29
718,606,181,230,29
719,606,181,230,29
720,606,181,230,29
721,606,181,230,29
722,606,181,230,29
723,606,181,230,29
724,606,181,230,29
725,606,181,230,29
726,606,181,230,29
727,606,181,230,29
728,606,182,230,32
729,606,194,234,69
715,607,194,234,69
716,607,182,230,32
717,607,181,230,29
718,607,181,230,29
719,607,181,230,29
720,607,181,230,29
721,607,181,230,29
722,607,181,230,29
723,607,181,230,29
724,607,181,230,29
725,607,181,230,29
726,607,181,230,29
727,607,182,230,32
728,607,194,234,69
716,608,188,232,51
717,608,181,230,29
718,608,181,230,29
719,608,181,230,29
720,608,181,230,29
721,608,181,230,29
722,608,181,230,29
723,608,181,230,29
724,608,181,230,29
725,608,181,230,29
726,608,181,230,29
727,608,188,232,51
716,609,189,233,53
717,609,181,230,29
718,609,181,230,29
719,609,181,230,29
720,609,181,230,29
721,609,181,230,29
722,609,181,230,29
723,609,181,230,29
724,609,181,230,29
725,609,181,230,29
726,609,181,230,29
727,609,189,233,53
716,610,195,235,72
717,610,182,230,32
718,610,181,230,29
719,610,181,230,29
720,610,181,230,29
721,610,181,230,29
722,610,181,230,29
723,610,181,230,29
724,610,181,230,29
725,610,181,230,29
726,610,182,230,32
727,610,195,235,72
717,611,188,232,51
718,611,181,230,29
719,611,181,230,29
720,611,181,230,29
721,611,181,230,29
722,611,181,230,29
723,611,181,230,29
724,611,181,230,29
725,611,181,230,29
726,611,188,232,51
717,612,189,233,53
718,612,181,230,29
719,612,181,230,29
720,612,181,230,29
721,612,181,230,29
722,612,181,230,29
723,612,181,230,29
724,612,181,230,29
725,612,181,230,29
726,612,189,233,53
717,613,195,235,72
718,613,182,230,32
719,613,181,230,29
720,613,181,230,29
721,613,181,230,29
722,613,181,230,29
723,613,181,230,29
724,613,181,230,29
725,613,182,230,32
726,613,195,235,72
718,614,188,232,51
719,614,181,230,29
720,614,181,230,29
721,614,181,230,29
722,614,181,230,29
723,614,181,230,29
724,614,181,230,29
725,614,188,232,51
718,615,189,233,53
719,615,181,230,29
720,615,181,230,29
721,615,181,230,29
722,615,181,230,29
723,615,181,230,29
724,615,181,230,29
725,615,189,233,53
718,616,195,235,72
719,616,182,230,32
720,616,181,230,29
721,616,181,230,29
722,616,181,230,29
723,616,181,230,29
724,616,182,230,32
725,616,195,235,72
719,617,188,232,51
720,617,181,230,29
721,617,181,230,29
722,617,181,230,29
723,617,181,230,29
724,617,188,232,51
719,618,189,233,53
720,618,181,230,29
721,618,181,230,29
722,618,181,230,29
723,618,181,230,29
724,618,189,233,53
719,619,195,235,72
720,619,182,230,32
721,619,181,230,29
722,619,181,230,29
723,619,182,230,32
724,619,195,235,72
720,620,194,234,69
721,620,182,230,32
722,620,181,230,29
723,620,188,232,51
721,621,195,235,72
722,621,189,233,53
