93,718,195,235,72
94,718,189,233,53
95,718,195,235,72
92,719,194,234,69
93,719,182,230,32
94,719,181,230,29
95,719,182,230,32
96,719,195,235,72
90,720,195,235,72
91,720,188,232,51
92,720,182,230,32
93,720,181,230,29
94,720,181,230,29
95,720,181,230,29
96,720,189,233,53
88,721,195,235,72
89,721,188,232,51
90,721,182,230,32
91,721,181,230,29
92,721,181,230,29
93,721,181,230,29
94,721,181,230,29
95,721,181,230,29
96,721,189,233,53
87,722,194,234,69
88,722,182,230,32
89,722,181,230,29
90,722,181,230,29
91,722,181,230,29
92,722,181,230,29
93,722,181,230,29
94,722,181,230,29
95,722,181,230,29
96,722,189,233,53
85,723,195,235,72
86,723,188,232,51
87,723,182,230,32
88,723,181,230,29
89,723,181,230,29
90,723,181,230,29
91,723,181,230,29
92,723,181,230,29
93,723,181,230,29
94,723,181,230,29
95,723,181,230,29
96,723,189,233,53
84,724,194,234,69
85,724,182,230,32
86,724,181,230,29
87,724,181,230,29
88,724,181,230,29
89,724,181,230,29
90,724,181,230,29
91,724,181,230,29
92,724,181,230,29
93,724,181,230,29
94,724,181,230,29
95,724,181,230,29
96,724,189,233,53
82,725,195,235,72
83,725,188,232,51
84,725,182,230,32
85,725,181,230,29
86,725,181,230,29
87,725,181,230,29
88,725,181,230,29
89,725,181,230,29
90,725,181,230,29
91,725,181,230,29
92,725,181,230,29
93,725,181,230,29
94,725,181,230,29
95,725,181,230,29
96,725,189,233,53
81,726,194,234,69
82,726,182,230,32
83,726,181,230,29
84,726,181,230,29
85,726,181,230,29
86,726,181,230,29
87,726,181,230,29
88,726,181,230,29
89,726,181,230,29
90,726,181,230,29
91,726,181,230,29
92,726,181,230,29
93,726,181,230,29
94,726,181,230,29
95,726,181,230,29
96,726,189,233,53
79,727,195,235,72
80,727,188,232,51
81,727,182,230,32
82,727,181,230,29
83,727,181,230,29
84,727,181,230,29
85,727,181,230,29
86,727,181,230,29
87,727,181,230,29
88,727,181,230,29
89,727,181,230,29
90,727,181,230,29
91,727,181,230,29
92,727,181,230,29
93,727,181,230,29
94,727,181,230,29
95,727,181,230,29
96,727,189,233,53
78,728,194,234,69
79,728,182,230,32
80,728,181,230,29
81,728,181,230,29
82,728,181,230,29
83,728,181,230,29
84,728,181,230,29
85,728,181,230,29
86,728,181,230,29
87,728,181,230,29
88,728,181,230,29
89,728,181,230,29
90,728,181,230,29
91,728,181,230,29
92,728,181,230,29
93,728,181,230,29
94,728,181,230,29
95,728,181,230,29
96,728,189,233,53
76,729,195,235,72
77,729,188,232,51
78,729,182,230,32
79,729,181,230,29
80,729,181,230,29
81,729,181,230,29
82,729,181,230,29
83,729,181,230,29
84,729,181,230,29
85,729,181,230,29
86,729,181,230,29
87,729,181,230,29
88,729,181,230,29
89,729,181,230,29
90,729,181,230,29
91,729,181,230,29
92,729,181,230,29
93,729,181,230,29
94,729,181,230,29
95,729,181,230,29
96,729,189,233,53
75,730,194,234,69
76,730,182,230,32
77,730,181,230,29
78,730,181,230,29
79,730,181,230,29
80,730,181,230,29
81,730,181,230,29
82,730,181,230,29
83,730,181,230,29
84,730,181,230,29
85,730,181,230,29
86,730,181,230,29
87,730,181,230,29
88,730,181,230,29
89,730,181,230,29
90,730,181,230,29
91,730,181,230,29
92,730,181,230,29
93,730,181,230,29
94,730,181,230,29
95,730,181,230,29
96,730,189,233,53
73,731,195,235,72
74,731,188,232,51
75,731,182,230,32
76,731,181,230,29
77,731,181,230,29
78,731,181,230,29
79,731,181,230,29
80,731,181,230,29
81,731,181,230,29
82,731,181,230,29
83,731,181,230,29
84,731,181,230,29
85,731,181,230,29
86,731,181,230,29
87,731,181,230,29
88,731,181,230,29
89,731,181,230,29
90,731,181,230,29
91,731,181,230,29
92,731,181,230,29
93,731,181,230,29
94,731,181,230,29
95,731,181,230,29
96,731,189,233,53
72,732,194,234,69
73,732,182,230,32
74,732,181,230,29
75,732,181,230,29
76,732,181,230,29
77,732,181,230,29
78,732,181,230,29
79,732,181,230,29
80,732,181,230,29
81,732,181,230,29
82,732,181,230,29
83,732,181,230,29
84,732,181,230,29
85,732,181,230,29
86,732,181,230,29
87,732,181,230,29
88,732,181,230,29
89,732,181,230,29
90,732,181,230,29
91,732,181,230,29
92,732,181,230,29
93,732,181,230,29
94,732,181,230,29
95,732,181,230,29
96,732,189,233,53
70,733,195,235,72
71,733,188,232,51
72,733,182,230,32
73,733,181,230,29
74,733,181,230,29
75,733,181,230,29
76,733,181,230,29
77,733,181,230,29
78,733,181,230,29
79,733,181,230,29
80,733,181,230,29
81,733,181,230,29
82,733,181,230,29
83,733,181,230,29
84,733,181,230,29
85,733,181,230,29
86,733,181,230,29
87,733,181,230,29
88,733,181,230,29
89,733,181,230,29
90,733,181,230,29
91,733,181,230,29
92,733,181,230,29
93,733,181,230,29
94,733,181,230,29
95,733,181,230,29
96,733,189,233,53
69,734,194,234,69
70,734,182,230,32
71,734,181,230,29
72,734,181,230,29
73,734,181,230,29
74,734,181,230,29
75,734,181,230,29
76,734,181,230,29
77,734,181,230,29
78,734,181,230,29
79,734,181,230,29
80,734,181,230,29
81,734,181,230,29
82,734,181,230,29
83,734,181,230,29
84,734,181,230,29
85,734,181,230,29
86,734,181,230,29
87,734,181,230,29
88,734,181,230,29
89,734,181,230,29
90,734,181,230,29
91,734,181,230,29
92,734,181,230,29
93,734,181,230,29
94,734,181,230,29
95,734,181,230,29
96,734,189,233,53
67,735,195,235,72
68,735,188,232,51
69,735,182,230,32
70,735,181,230,29
71,735,181,230,29
72,735,181,230,29
73,735,181,230,29
74,735,181,230,29
75,735,181,230,29
76,735,181,230,29
77,735,181,230,29
78,735,181,230,29
79,735,181,230,29
80,735,181,230,29
81,735,181,230,29
82,735,181,230,29
83,735,181,230,29
84,735,181,230,29
85,735,181,230,29
86,735,181,230,29
87,735,181,230,29
88,735,181,230,29
89,735,181,230,29
90,735,181,230,29
91,735,181,230,29
92,735,181,230,29
93,735,181,230,29
94,735,181,230,29
95,735,181,230,29
96,735,189,233,53
65,736,195,235,72
66,736,188,232,51
67,736,182,230,32
68,736,181,230,29
69,736,181,230,29
70,736,181,230,29
71,736,181,230,29
72,736,181,230,29
73,736,181,230,29
74,736,181,230,29
75,736,181,230,29
76,736,181,230,29
77,736,181,230,29
78,736,181,230,29
79,736,181,230,29
80,736,181,230,29
81,736,181,230,29
82,736,181,230,29
83,736,181,230,29
84,736,181,230,29
85,736,181,230,29
86,736,181,230,29
87,736,181,230,29
88,736,181,230,29
89,736,181,230,29
90,736,181,230,29
91,736,181,230,29
92,736,181,230,29
93,736,181,230,29
94,736,181,230,29
95,736,181,230,29
96,736,189,233,53
64,737,194,234,69
65,737,182,230,32
66,737,181,230,29
67,737,181,230,29
68,737,181,230,29
69,737,181,230,29
70,737,181,230,29
71,737,181,230,29
72,737,181,230,29
73,737,181,230,29
74,737,181,230,29
75,737,181,230,29
76,737,181,230,29
77,737,181,230,29
78,737,181,230,29
79,737,181,230,29
80,737,181,230,29
81,737,181,230,29
82,737,181,230,29
83,737,181,230,29
84,737,181,230,29
85,737,181,230,29
86,737,181,230,29
87,737,181,230,29
88,737,181,230,29
89,737,181,230,29
90,737,181,230,29
91,737,181,230,29
92,737,181,230,29
93,737,181,230,29
94,737,181,230,29
95,737,181,230,29
96,737,189,233,53
62,738,195,235,72
63,738,188,232,51
64,738,182,230,32
65,738,181,230,29
66,738,181,230,29
67,738,181,230,29
68,738,181,230,29
69,738,181,230,29
70,738,181,230,29
71,738,181,230,29
72,738,181,230,29
73,738,181,230,29
74,738,181,230,29
75,738,181,230,29
76,738,181,230,29
77,738,181,230,29
78,738,181,230,29
79,738,181,230,29
80,738,181,230,29
81,738,181,230,29
82,738,181,230,29
83,738,181,230,29
84,738,181,230,29
85,738,181,230,29
86,738,181,230,29
87,738,181,230,29
88,738,181,230,29
89,738,181,230,29
90,738,181,230,29
91,738,181,230,29
92,738,181,230,29
93,738,181,230,29
94,738,181,230,29
95,738,181,230,29
96,738,189,233,53
61,739,194,234,69
62,739,182,230,32
63,739,181,230,29
64,739,181,230,29
65,739,181,230,29
66,739,181,230,29
67,739,181,230,29
68,739,181,230,29
69,739,181,230,29
70,739,181,230,29
71,739,181,230,29
72,739,181,230,29
73,739,181,230,29
74,739,181,230,29
75,739,181,230,29
76,739,181,230,29
77,739,181,230,29
78,739,181,230,29
79,739,181,230,29
80,739,181,230,29
81,739,181,230,29
82,739,181,230,29
83,739,181,230,29
84,739,181,230,29
85,739,181,230,29
86,739,181,230,29
87,739,181,230,29
88,739,181,230,29
89,739,181,230,29
90,739,181,230,29
91,739,181,230,29
92,739,181,230,29
93,739,181,230,29
94,739,181,230,29
95,739,181,230,29
96,739,189,233,53
59,740,195,235,72
60,740,188,232,51
61,740,182,230,32
62,740,181,230,29
63,740,181,230,29
64,740,181,230,29
65,740,181,230,29
66,740,181,230,29
67,740,181,230,29
68,740,181,230,29
69,740,181,230,29
70,740,181,230,29
71,740,181,230,29
72,740,181,230,29
73,740,181,230,29
74,740,181,230,29
75,740,181,230,29
76,740,181,230,29
77,740,181,230,29
78,740,181,230,29
79,740,181,230,29
80,740,181,230,29
81,740,181,230,29
82,740,181,230,29
83,740,181,230,29
84,740,181,230,29
85,740,181,230,29
86,740,181,230,29
87,740,181,230,29
88,740,181,230,29
89,740,181,230,29
90,740,181,230,29
91,740,181,230,29
92,740,181,230,29
93,740,181,230,29
94,740,181,230,29
95,740,181,230,29
96,740,189,233,53
58,741,194,234,69
59,741,182,230,32
60,741,181,230,29
61,741,181,230,29
62,741,181,230,29
63,741,181,230,29
64,741,181,230,29
65,741,181,230,29
66,741,181,230,29
67,741,181,230,29
68,741,181,230,29
69,741,181,230,29
70,741,181,230,29
71,741,181,230,29
72,741,181,230,29
73,741,181,230,29
74,741,181,230,29
75,741,181,230,29
76,741,181,230,29
77,741,181,230,29
78,741,181,230,29
79,741,181,230,29
80,741,181,230,29
81,741,181,230,29
82,741,181,230,29
83,741,181,230,29
84,741,181,230,29
85,741,181,230,29
86,741,181,230,29
87,741,181,230,29
88,741,181,230,29
89,741,181,230,29
90,741,181,230,29
91,741,181,230,29
92,741,181,230,29
93,741,181,230,29
94,741,181,230,29
95,741,181,230,29
96,741,189,233,53
56,742,195,235,72
57,742,188,232,51
58,742,182,230,32
59,742,181,230,29
60,742,181,230,29
61,742,181,230,29
62,742,181,230,29
63,742,181,230,29
64,742,181,230,29
65,742,181,230,29
66,742,181,230,29
67,742,181,230,29
68,742,181,230,29
69,742,181,230,29
70,742,181,230,29
71,742,181,230,29
72,742,181,230,29
73,742,181,230,29
74,742,181,230,29
75,742,181,230,29
76,742,181,230,29
77,742,181,230,29
78,742,181,230,29
79,742,181,230,29
80,742,181,230,29
81,742,181,230,29
82,742,181,230,29
83,742,181,230,29
84,742,181,230,29
85,742,181,230,29
86,742,181,230,29
87,742,181,230,29
88,742,181,230,29
89,742,181,230,29
90,742,181,230,29
91,742,181,230,29
92,742,181,230,29
93,742,181,230,29
94,742,181,230,29
95,742,181,230,29
96,742,189,233,53
55,743,194,234,69
56,743,182,230,32
57,743,181,230,29
58,743,181,230,29
59,743,181,230,29
60,743,181,230,29
61,743,181,230,29
62,743,181,230,29
63,743,181,230,29
64,743,181,230,29
65,743,181,230,29
66,743,181,230,29
67,743,181,230,29
68,743,181,230,29
69,743,181,230,29
70,743,181,230,29
71,743,181,230,29
72,743,181,230,29
73,743,181,230,29
74,743,181,230,29
75,743,181,230,29
76,743,181,230,29
77,743,181,230,29
78,743,181,230,29
79,743,181,230,29
80,743,181,230,29
81,743,181,230,29
82,743,181,230,29
83,743,181,230,29
84,743,181,230,29
85,743,181,230,29
86,743,181,230,29
87,743,181,230,29
88,743,181,230,29
89,743,181,230,29
90,743,181,230,29
91,743,181,230,29
92,743,181,230,29
93,743,181,230,29
94,743,181,230,29
95,743,181,230,29
96,743,189,233,53
53,744,195,235,72
54,744,188,232,51
55,744,182,230,32
56,744,181,230,29
57,744,181,230,29
58,744,181,230,29
59,744,181,230,29
60,744,181,230,29
61,744,181,230,29
62,744,181,230,29
63,744,181,230,29
64,744,181,230,29
65,744,181,230,29
66,744,181,230,29
67,744,181,230,29
68,744,181,230,29
69,744,181,230,29
70,744,181,230,29
71,744,181,230,29
72,744,181,230,29
73,744,181,230,29
74,744,181,230,29
75,744,181,230,29
76,744,181,230,29
77,744,181,230,29
78,744,181,230,29
79,744,181,230,29
80,744,181,230,29
81,744,181,230,29
82,744,181,230,29
83,744,181,230,29
84,744,181,230,29
85,744,181,230,29
86,744,181,230,29
87,744,181,230,29
88,744,181,230,29
89,744,181,230,29
90,744,181,230,29
91,744,181,230,29
92,744,181,230,29
93,744,181,230,29
94,744,181,230,29
95,744,181,230,29
96,744,189,233,53
52,745,194,234,69
53,745,182,230,32
54,745,181,230,29
55,745,181,230,29
56,745,181,230,29
57,745,181,230,29
58,745,181,230,29
59,745,181,230,29
60,745,181,230,29
61,745,181,230,29
62,745,181,230,29
63,745,181,230,29
64,745,181,230,29
65,745,181,230,29
66,745,181,230,29
67,745,181,230,29
68,745,181,230,29
69,745,181,230,29
70,745,181,230,29
71,745,181,230,29
72,745,181,230,29
73,745,181,230,29
74,745,181,230,29
75,745,181,230,29
76,745,181,230,29
77,745,181,230,29
78,745,181,230,29
79,745,181,230,29
80,745,181,230,29
81,745,181,230,29
82,745,181,230,29
83,745,181,230,29
84,745,181,230,29
85,745,181,230,29
86,745,181,230,29
87,745,181,230,29
88,745,181,230,29
89,745,181,230,29
90,745,181,230,29
91,745,181,230,29
92,745,181,230,29
93,745,181,230,29
94,745,181,230,29
95,745,181,230,29
96,745,189,233,53
50,746,195,235,72
51,746,188,232,51
52,746,182,230,32
53,746,181,230,29
54,746,181,230,29
55,746,181,230,29
56,746,181,230,29
57,746,181,230,29
58,746,181,230,29
59,746,181,230,29
60,746,181,230,29
61,746,181,230,29
62,746,181,230,29
63,746,181,230,29
64,746,181,230,29
65,746,181,230,29
66,746,181,230,29
67,746,181,230,29
68,746,181,230,29
69,746,181,230,29
70,746,181,230,29
71,746,181,230,29
72,746,181,230,29
73,746,181,230,29
74,746,181,230,29
75,746,181,230,29
76,746,181,230,29
77,746,181,230,29
78,746,181,230,29
79,746,181,230,29
80,746,181,230,29
81,746,181,230,29
82,746,181,230,29
83,746,181,230,29
84,746,181,230,29
85,746,181,230,29
86,746,181,230,29
87,746,181,230,29
88,746,181,230,29
89,746,181,230,29
90,746,181,230,29
91,746,181,230,29
92,746,181,230,29
93,746,181,230,29
94,746,181,230,29
95,746,181,230,29
96,746,189,233,53
49,747,194,234,69
50,747,182,230,32
51,747,181,230,29
52,747,181,230,29
53,747,181,230,29
54,747,181,230,29
55,747,181,230,29
56,747,181,230,29
57,747,181,230,29
58,747,181,230,29
59,747,181,230,29
60,747,181,230,29
61,747,181,230,29
62,747,181,230,29
63,747,181,230,29
64,747,181,230,29
65,747,181,230,29
66,747,181,230,29
67,747,181,230,29
68,747,181,230,29
69,747,181,230,29
70,747,181,230,29
71,747,181,230,29
72,747,181,230,29
73,747,181,230,29
74,747,181,230,29
75,747,181,230,29
76,747,181,230,29
77,747,181,230,29
78,747,181,230,29
79,747,181,230,29
80,747,181,230,29
81,747,181,230,29
82,747,181,230,29
83,747,181,230,29
84,747,181,230,29
85,747,181,230,29
86,747,181,230,29
87,747,181,230,29
88,747,181,230,29
89,747,181,230,29
90,747,181,230,29
91,747,181,230,29
92,747,181,230,29
93,747,181,230,29
94,747,181,230,29
95,747,181,230,29
96,747,189,233,53
47,748,195,235,72
48,748,188,232,51
49,748,182,230,32
50,748,181,230,29
51,748,181,230,29
52,748,181,230,29
53,748,181,230,29
54,748,181,230,29
55,748,181,230,29
56,748,181,230,29
57,748,181,230,29
58,748,181,230,29
59,748,181,230,29
60,748,181,230,29
61,748,181,230,29
62,748,181,230,29
63,748,181,230,29
64,748,181,230,29
65,748,181,230,29
66,748,181,230,29
67,748,181,230,29
68,748,181,230,29
69,748,181,230,29
70,748,181,230,29
71,748,181,230,29
72,748,181,230,29
73,748,181,230,29
74,748,181,230,29
75,748,181,230,29
76,748,181,230,29
77,748,181,230,29
78,748,181,230,29
79,748,181,230,29
80,748,181,230,29
81,748,181,230,29
82,748,181,230,29
83,748,181,230,29
84,748,181,230,29
85,748,181,230,29
86,748,181,230,29
87,748,181,230,29
88,748,181,230,29
89,748,181,230,29
90,748,181,230,29
91,748,181,230,29
92,748,181,230,29
93,748,181,230,29
94,748,181,230,29
95,748,181,230,29
96,748,189,233,53
46,749,194,234,69
47,749,182,230,32
48,749,181,230,29
49,749,181,230,29
50,749,181,230,29
51,749,181,230,29
52,749,181,230,29
53,749,181,230,29
54,749,181,230,29
55,749,181,230,29
56,749,181,230,29
57,749,181,230,29
58,749,181,230,29
59,749,181,230,29
60,749,181,230,29
61,749,181,230,29
62,749,181,230,29
63,749,181,230,29
64,749,181,230,29
65,749,181,230,29
66,749,181,230,29
67,749,181,230,29
68,749,181,230,29
69,749,181,230,29
70,749,181,230,29
71,749,181,230,29
72,749,181,230,29
73,749,181,230,29
74,749,181,230,29
75,749,181,230,29
76,749,181,230,29
77,749,181,230,29
78,749,181,230,29
79,749,181,230,29
80,749,181,230,29
81,749,181,230,29
82,749,181,230,29
83,749,181,230,29
84,749,181,230,29
85,749,181,230,29
86,749,181,230,29
87,749,181,230,29
88,749,181,230,29
89,749,181,230,29
90,749,181,230,29
91,749,181,230,29
92,749,181,230,29
93,749,181,230,29
94,749,181,230,29
95,749,181,230,29
96,749,189,233,53
44,750,195,235,72
45,750,188,232,51
46,750,182,230,32
47,750,181,230,29
48,750,181,230,29
49,750,181,230,29
50,750,181,230,29
51,750,181,230,29
52,750,181,230,29
53,750,181,230,29
54,750,181,230,29
55,750,181,230,29
56,750,181,230,29
57,750,181,230,29
58,750,181,230,29
59,750,181,230,29
60,750,181,230,29
61,750,181,230,29
62,750,181,230,29
63,750,181,230,29
64,750,181,230,29
65,750,181,230,29
66,750,181,230,29
67,750,181,230,29
68,750,181,230,29
69,750,181,230,29
70,750,181,230,29
71,750,181,230,29
72,750,181,230,29
73,750,181,230,29
74,750,181,230,29
75,750,181,230,29
76,750,181,230,29
77,750,181,230,29
78,750,181,230,29
79,750,181,230,29
80,750,181,230,29
81,750,181,230,29
82,750,181,230,29
83,750,181,230,29
84,750,181,230,29
85,750,181,230,29
86,750,181,230,29
87,750,181,230,29
88,750,181,230,29
89,750,181,230,29
90,750,181,230,29
91,750,181,230,29
92,750,181,230,29
93,750,181,230,29
94,750,181,230,29
95,750,181,230,29
96,750,189,233,53
42,751,195,235,72
43,751,188,232,51
44,751,182,230,32
45,751,181,230,29
46,751,181,230,29
47,751,181,230,29
48,751,181,230,29
49,751,181,230,29
50,751,181,230,29
51,751,181,230,29
52,751,181,230,29
53,751,181,230,29
54,751,181,230,29
55,751,181,230,29
56,751,181,230,29
57,751,181,230,29
58,751,181,230,29
59,751,181,230,29
60,751,181,230,29
61,751,181,230,29
62,751,181,230,29
63,751,181,230,29
64,751,181,230,29
65,751,181,230,29
66,751,181,230,29
67,751,181,230,29
68,751,181,230,29
69,751,181,230,29
70,751,181,230,29
71,751,181,230,29
72,751,181,230,29
73,751,181,230,29
74,751,181,230,29
75,751,181,230,29
76,751,181,230,29
77,751,181,230,29
78,751,181,230,29
79,751,181,230,29
80,751,181,230,29
81,751,181,230,29
82,751,181,230,29
83,751,181,230,29
84,751,181,230,29
85,751,181,230,29
86,751,181,230,29
87,751,181,230,29
88,751,181,230,29
89,751,181,230,29
90,751,181,230,29
91,751,181,230,29
92,751,181,230,29
93,751,181,230,29
94,751,181,230,29
95,751,181,230,29
96,751,189,233,53
41,752,194,234,69
42,752,182,230,32
43,752,181,230,29
44,752,181,230,29
45,752,181,230,29
46,752,181,230,29
47,752,181,230,29
48,752,181,230,29
49,752,181,230,29
50,752,181,230,29
51,752,181,230,29
52,752,181,230,29
53,752,181,230,29
54,752,181,230,29
55,752,181,230,29
56,752,181,230,29
57,752,181,230,29
58,752,181,230,29
59,752,181,230,29
60,752,181,230,29
61,752,181,230,29
62,752,181,230,29
63,752,181,230,29
64,752,181,230,29
65,752,181,230,29
66,752,181,230,29
67,752,181,230,29
68,752,181,230,29
69,752,181,230,29
70,752,181,230,29
71,752,181,230,29
72,752,181,230,29
73,752,181,230,29
74,752,181,230,29
75,752,181,230,29
76,752,181,230,29
77,752,181,230,29
78,752,181,230,29
79,752,181,230,29
80,752,181,230,29
81,752,181,230,29
82,752,181,230,29
83,752,181,230,29
84,752,181,230,29
85,752,181,230,29
86,752,181,230,29
87,752,181,230,29
88,752,181,230,29
89,752,181,230,29
90,752,181,230,29
91,752,181,230,29
92,752,181,230,29
93,752,181,230,29
94,752,181,230,29
95,752,181,230,29
96,752,189,233,53
39,753,195,235,72
40,753,188,232,51
41,753,182,230,32
42,753,181,230,29
43,753,181,230,29
44,753,181,230,29
45,753,181,230,29
46,753,181,230,29
47,753,181,230,29
48,753,181,230,29
49,753,181,230,29
50,753,181,230,29
51,753,181,230,29
52,753,181,230,29
53,753,181,230,29
54,753,181,230,29
55,753,181,230,29
56,753,181,230,29
57,753,181,230,29
58,753,181,230,29
59,753,181,230,29
60,753,181,230,29
61,753,181,230,29
62,753,181,230,29
63,753,181,230,29
64,753,181,230,29
65,753,181,230,29
66,753,181,230,29
67,753,181,230,29
68,753,181,230,29
69,753,181,230,29
70,753,181,230,29
71,753,181,230,29
72,753,181,230,29
73,753,181,230,29
74,753,181,230,29
75,753,181,230,29
76,753,181,230,29
77,753,181,230,29
78,753,181,230,29
79,753,181,230,29
80,753,181,230,29
81,753,181,230,29
82,753,181,230,29
83,753,181,230,29
84,753,181,230,29
85,753,181,230,29
86,753,181,230,29
87,753,181,230,29
88,753,181,230,29
89,753,181,230,29
90,753,181,230,29
91,753,181,230,29
92,753,181,230,29
93,753,181,230,29
94,753,181,230,29
95,753,181,230,29
96,753,189,233,53
38,754,194,234,69
39,754,182,230,32
40,754,181,230,29
41,754,181,230,29
42,754,181,230,29
43,754,181,230,29
44,754,181,230,29
45,754,181,230,29
46,754,181,230,29
47,754,181,230,29
48,754,181,230,29
49,754,181,230,29
50,754,181,230,29
51,754,181,230,29
52,754,181,230,29
53,754,181,230,29
54,754,181,230,29
55,754,181,230,29
56,754,181,230,29
57,754,181,230,29
58,754,181,230,29
59,754,181,230,29
60,754,181,230,29
61,754,181,230,29
62,754,181,230,29
63,754,181,230,29
64,754,181,230,29
65,754,181,230,29
66,754,181,230,29
67,754,181,230,29
68,754,181,230,29
69,754,181,230,29
70,754,181,230,29
71,754,181,230,29
72,754,181,230,29
73,754,181,230,29
74,754,181,230,29
75,754,181,230,29
76,754,181,230,29
77,754,181,230,29
78,754,181,230,29
79,754,181,230,29
80,754,181,230,29
81,754,181,230,29
82,754,181,230,29
83,754,181,230,29
84,754,181,230,29
85,754,181,230,29
86,754,181,230,29
87,754,181,230,29
88,754,181,230,29
89,754,181,230,29
90,754,181,230,29
91,754,181,230,29
92,754,181,230,29
93,754,181,230,29
94,754,181,230,29
95,754,181,230,29
96,754,189,233,53
36,755,195,235,72
37,755,188,232,51
38,755,182,230,32
39,755,181,230,29
40,755,181,230,29
41,755,181,230,29
42,755,181,230,29
43,755,181,230,29
44,755,181,230,29
45,755,181,230,29
46,755,181,230,29
47,755,181,230,29
48,755,181,230,29
49,755,181,230,29
50,755,181,230,29
51,755,181,230,29
52,755,181,230,29
53,755,181,230,29
54,755,181,230,29
55,755,181,230,29
56,755,181,230,29
57,755,181,230,29
58,755,181,230,29
59,755,181,230,29
60,755,181,230,29
61,755,181,230,29
62,755,181,230,29
63,755,181,230,29
64,755,181,230,29
65,755,181,230,29
66,755,181,230,29
67,755,181,230,29
68,755,181,230,29
69,755,181,230,29
70,755,181,230,29
71,755,181,230,29
72,755,181,230,29
73,755,181,230,29
74,755,181,230,29
75,755,181,230,29
76,755,181,230,29
77,755,181,230,29
78,755,181,230,29
79,755,181,230,29
80,755,181,230,29
81,755,181,230,29
82,755,181,230,29
83,755,181,230,29
84,755,181,230,29
85,755,181,230,29
86,755,181,230,29
87,755,181,230,29
88,755,181,230,29
89,755,181,230,29
90,755,181,230,29
91,755,181,230,29
92,755,181,230,29
93,755,181,230,29
94,755,181,230,29
95,755,181,230,29
96,755,189,233,53
35,756,194,234,69
36,756,182,230,32
37,756,181,230,29
38,756,181,230,29
39,756,181,230,29
40,756,181,230,29
41,756,181,230,29
42,756,181,230,29
43,756,181,230,29
44,756,181,230,29
45,756,181,230,29
46,756,181,230,29
47,756,181,230,29
48,756,181,230,29
49,756,181,230,29
50,756,181,230,29
51,756,181,230,29
52,756,181,230,29
53,756,181,230,29
54,756,181,230,29
55,756,181,230,29
56,756,181,230,29
57,756,181,230,29
58,756,181,230,29
59,756,181,230,29
60,756,181,230,29
61,756,181,230,29
62,756,181,230,29
63,756,181,230,29
64,756,181,230,29
65,756,181,230,29
66,756,181,230,29
67,756,181,230,29
68,756,181,230,29
69,756,181,230,29
70,756,181,230,29
71,756,181,230,29
72,756,181,230,29
73,756,181,230,29
74,756,181,230,29
75,756,181,230,29
76,756,181,230,29
77,756,181,230,29
78,756,181,230,29
79,756,181,230,29
80,756,181,230,29
81,756,181,230,29
82,756,181,230,29
83,756,181,230,29
84,756,181,230,29
85,756,181,230,29
86,756,181,230,29
87,756,181,230,29
88,756,181,230,29
89,756,181,230,29
90,756,181,230,29
91,756,181,230,29
92,756,181,230,29
93,756,181,230,29
94,756,181,230,29
95,756,181,230,29
96,756,189,233,53
33,757,195,235,72
34,757,188,232,51
35,757,182,230,32
36,757,181,230,29
37,757,181,230,29
38,757,181,230,29
39,757,181,230,29
40,757,181,230,29
41,757,181,230,29
42,757,181,230,29
43,757,181,230,29
44,757,181,230,29
45,757,181,230,29
46,757,181,230,29
47,757,181,230,29
48,757,181,230,29
49,757,181,230,29
50,757,181,230,29
51,757,181,230,29
52,757,181,230,29
53,757,181,230,29
54,757,181,230,29
55,757,181,230,29
56,757,181,230,29
57,757,181,230,29
58,757,181,230,29
59,757,181,230,29
60,757,181,230,29
61,757,181,230,29
62,757,181,230,29
63,757,181,230,29
64,757,181,230,29
65,757,181,230,29
66,757,181,230,29
67,757,181,230,29
68,757,181,230,29
69,757,181,230,29
70,757,181,230,29
71,757,181,230,29
72,757,181,230,29
73,757,181,230,29
74,757,181,230,29
75,757,181,230,29
76,757,181,230,29
77,757,181,230,29
78,757,181,230,29
79,757,181,230,29
80,757,181,230,29
81,757,181,230,29
82,757,181,230,29
83,757,181,230,29
84,757,181,230,29
85,757,181,230,29
86,757,181,230,29
87,757,181,230,29
88,757,181,230,29
89,757,181,230,29
90,757,181,230,29
91,757,181,230,29
92,757,181,230,29
93,757,181,230,29
94,757,181,230,29
95,757,181,230,29
96,757,189,233,53
32,758,194,234,69
33,758,182,230,32
34,758,181,230,29
35,758,181,230,29
36,758,181,230,29
37,758,181,230,29
38,758,181,230,29
39,758,181,230,29
40,758,181,230,29
41,758,181,230,29
42,758,181,230,29
43,758,181,230,29
44,758,181,230,29
45,758,181,230,29
46,758,181,230,29
47,758,181,230,29
48,758,181,230,29
49,758,181,230,29
50,758,181,230,29
51,758,181,230,29
52,758,181,230,29
53,758,181,230,29
54,758,181,230,29
55,758,181,230,29
56,758,181,230,29
57,758,181,230,29
58,758,181,230,29
59,758,181,230,29
60,758,181,230,29
61,758,181,230,29
62,758,181,230,29
63,758,181,230,29
64,758,181,230,29
65,758,181,230,29
66,758,181,230,29
67,758,181,230,29
68,758,181,230,29
69,758,181,230,29
70,758,181,230,29
71,758,181,230,29
72,758,181,230,29
73,758,181,230,29
74,758,181,230,29
75,758,181,230,29
76,758,181,230,29
77,758,181,230,29
78,758,181,230,29
79,758,181,230,29
80,758,181,230,29
81,758,181,230,29
82,758,181,230,29
83,758,181,230,29
84,758,181,230,29
85,758,181,230,29
86,758,181,230,29
87,758,181,230,29
88,758,181,230,29
89,758,181,230,29
90,758,181,230,29
91,758,181,230,29
92,758,181,230,29
93,758,181,230,29
94,758,181,230,29
95,758,181,230,29
96,758,189,233,53
30,759,195,235,72
31,759,188,232,51
32,759,182,230,32
33,759,181,230,29
34,759,181,230,29
35,759,181,230,29
36,759,181,230,29
37,759,181,230,29
38,759,181,230,29
39,759,181,230,29
40,759,181,230,29
41,759,181,230,29
42,759,181,230,29
43,759,181,230,29
44,759,181,230,29
45,759,181,230,29
46,759,181,230,29
47,759,181,230,29
48,759,181,230,29
49,759,181,230,29
50,759,181,230,29
51,759,181,230,29
52,759,181,230,29
53,759,181,230,29
54,759,181,230,29
55,759,181,230,29
56,759,181,230,29
57,759,181,230,29
58,759,181,230,29
59,759,181,230,29
60,759,181,230,29
61,759,181,230,29
62,759,181,230,29
63,759,181,230,29
64,759,181,230,29
65,759,181,230,29
66,759,181,230,29
67,759,181,230,29
68,759,181,230,29
69,759,181,230,29
70,759,181,230,29
71,759,181,230,29
72,759,181,230,29
73,759,181,230,29
74,759,181,230,29
75,759,181,230,29
76,759,181,230,29
77,759,181,230,29
78,759,181,230,29
79,759,181,230,29
80,759,181,230,29
81,759,181,230,29
82,759,181,230,29
83,759,181,230,29
84,759,181,230,29
85,759,181,230,29
86,759,181,230,29
87,759,181,230,29
88,759,181,230,29
89,759,181,230,29
90,759,181,230,29
91,759,181,230,29
92,759,181,230,29
93,759,181,230,29
94,759,181,230,29
95,759,181,230,29
96,759,189,233,53
29,760,194,234,69
30,760,182,230,32
31,760,181,230,29
32,760,181,230,29
33,760,181,230,29
34,760,181,230,29
35,760,181,230,29
36,760,181,230,29
37,760,181,230,29
38,760,181,230,29
39,760,181,230,29
40,760,181,230,29
41,760,181,230,29
42,760,181,230,29
43,760,181,230,29
44,760,181,230,29
45,760,181,230,29
46,760,181,230,29
47,760,181,230,29
48,760,181,230,29
49,760,181,230,29
50,760,181,230,29
51,760,181,230,29
52,760,181,230,29
53,760,181,230,29
54,760,181,230,29
55,760,181,230,29
56,760,181,230,29
57,760,181,230,29
58,760,181,230,29
59,760,181,230,29
60,760,181,230,29
61,760,181,230,29
62,760,181,230,29
63,760,181,230,29
64,760,181,230,29
65,760,181,230,29
66,760,181,230,29
67,760,181,230,29
68,760,181,230,29
69,760,181,230,29
70,760,181,230,29
71,760,181,230,29
72,760,181,230,29
73,760,181,230,29
74,760,181,230,29
75,760,181,230,29
76,760,181,230,29
77,760,181,230,29
78,760,181,230,29
79,760,181,230,29
80,760,181,230,29
81,760,181,230,29
82,760,181,230,29
83,760,181,230,29
84,760,181,230,29
85,760,181,230,29
86,760,181,230,29
87,760,181,230,29
88,760,181,230,29
89,760,181,230,29
90,760,181,230,29
91,760,181,230,29
92,760,181,230,29
93,760,181,230,29
94,760,181,230,29
95,760,181,230,29
96,760,189,233,53
27,761,195,235,72
28,761,188,232,51
29,761,182,230,32
30,761,181,230,29
31,761,181,230,29
32,761,181,230,29
33,761,181,230,29
34,761,181,230,29
35,761,181,230,29
36,761,181,230,29
37,761,181,230,29
38,761,181,230,29
39,761,181,230,29
40,761,181,230,29
41,761,181,230,29
42,761,181,230,29
43,761,181,230,29
44,761,181,230,29
45,761,181,230,29
46,761,181,230,29
47,761,181,230,29
48,761,181,230,29
49,761,181,230,29
50,761,181,230,29
51,761,181,230,29
52,761,181,230,29
53,761,181,230,29
54,761,181,230,29
55,761,181,230,29
56,761,181,230,29
57,761,181,230,29
58,761,181,230,29
59,761,181,230,29
60,761,181,230,29
61,761,181,230,29
62,761,181,230,29
63,761,181,230,29
64,761,181,230,29
65,761,181,230,29
66,761,181,230,29
67,761,181,230,29
68,761,181,230,29
69,761,181,230,29
70,761,181,230,29
71,761,181,230,29
72,761,181,230,29
73,761,181,230,29
74,761,181,230,29
75,761,181,230,29
76,761,181,230,29
77,761,181,230,29
78,761,181,230,29
79,761,181,230,29
80,761,181,230,29
81,761,181,230,29
82,761,181,230,29
83,761,181,230,29
84,761,181,230,29
85,761,181,230,29
86,761,181,230,29
87,761,181,230,29
88,761,181,230,29
89,761,181,230,29
90,761,181,230,29
91,761,181,230,29
92,761,181,230,29
93,761,181,230,29
94,761,181,230,29
95,761,181,230,29
96,761,189,233,53
26,762,195,235,72
27,762,182,230,32
28,762,181,230,29
29,762,181,230,29
30,762,181,230,29
31,762,181,230,29
32,762,181,230,29
33,762,181,230,29
34,762,181,230,29
35,762,181,230,29
36,762,181,230,29
37,762,181,230,29
38,762,181,230,29
39,762,181,230,29
40,762,181,230,29
41,762,181,230,29
42,762,181,230,29
43,762,181,230,29
44,762,181,230,29
45,762,181,230,29
46,762,181,230,29
47,762,181,230,29
48,762,181,230,29
49,762,181,230,29
50,762,181,230,29
51,762,181,230,29
52,762,181,230,29
53,762,181,230,29
54,762,181,230,29
55,762,181,230,29
56,762,181,230,29
57,762,181,230,29
58,762,181,230,29
59,762,181,230,29
60,762,181,230,29
61,762,181,230,29
62,762,181,230,29
63,762,181,230,29
64,762,181,230,29
65,762,181,230,29
66,762,181,230,29
67,762,181,230,29
68,762,181,230,29
69,762,181,230,29
70,762,181,230,29
71,762,181,230,29
72,762,181,230,29
73,762,181,230,29
74,762,181,230,29
75,762,181,230,29
76,762,181,230,29
77,762,181,230,29
78,762,181,230,29
79,762,181,230,29
80,762,181,230,29
81,762,181,230,29
82,762,181,230,29
83,762,181,230,29
84,762,181,230,29
85,762,181,230,29
86,762,181,230,29
87,762,181,230,29
88,762,181,230,29
89,762,181,230,29
90,762,181,230,29
91,762,181,230,29
92,762,181,230,29
93,762,181,230,29
94,762,181,230,29
95,762,181,230,29
96,762,189,233,53
26,763,189,233,53
27,763,181,230,29
28,763,181,230,29
29,763,181,230,29
30,763,181,230,29
31,763,181,230,29
32,763,181,230,29
33,763,181,230,29
34,763,181,230,29
35,763,181,230,29
36,763,181,230,29
37,763,181,230,29
38,763,181,230,29
39,763,181,230,29
40,763,181,230,29
41,763,181,230,29
42,763,181,230,29
43,763,181,230,29
44,763,181,230,29
45,763,181,230,29
46,763,181,230,29
47,763,181,230,29
48,763,181,230,29
49,763,181,230,29
50,763,181,230,29
51,763,181,230,29
52,763,181,230,29
53,763,181,230,29
54,763,181,230,29
55,763,181,230,29
56,763,181,230,29
57,763,181,230,29
58,763,181,230,29
59,763,181,230,29
60,763,181,230,29
61,763,181,230,29
62,763,181,230,29
63,763,181,230,29
64,763,181,230,29
65,763,181,230,29
66,763,181,230,29
67,763,181,230,29
68,763,181,230,29
69,763,181,230,29
70,763,181,230,29
71,763,181,230,29
72,763,181,230,29
73,763,181,230,29
74,763,181,230,29
75,763,181,230,29
76,763,181,230,29
77,763,181,230,29
78,763,181,230,29
79,763,181,230,29
80,763,181,230,29
81,763,181,230,29
82,763,181,230,29
83,763,181,230,29
84,763,181,230,29
85,763,181,230,29
86,763,181,230,29
87,763,181,230,29
88,763,181,230,29
89,763,181,230,29
90,763,181,230,29
91,763,181,230,29
92,763,181,230,29
93,763,181,230,29
94,763,181,230,29
95,763,181,230,29
96,763,189,233,53
26,764,195,235,72
27,764,182,230,32
28,764,181,230,29
29,764,181,230,29
30,764,181,230,29
31,764,181,230,29
32,764,181,230,29
33,764,181,230,29
34,764,181,230,29
35,764,181,230,29
36,764,181,230,29
37,764,181,230,29
38,764,181,230,29
39,764,181,230,29
40,764,181,230,29
41,764,181,230,29
42,764,181,230,29
43,764,181,230,29
44,764,181,230,29
45,764,181,230,29
46,764,181,230,29
47,764,181,230,29
48,764,181,230,29
49,764,181,230,29
50,764,181,230,29
51,764,181,230,29
52,764,181,230,29
53,764,181,230,29
54,764,181,230,29
55,764,181,230,29
56,764,181,230,29
57,764,181,230,29
58,764,181,230,29
59,764,181,230,29
60,764,181,230,29
61,764,181,230,29
62,764,181,230,29
63,764,181,230,29
64,764,181,230,29
65,764,181,230,29
66,764,181,230,29
67,764,181,230,29
68,764,181,230,29
69,764,181,230,29
70,764,181,230,29
71,764,181,230,29
72,764,181,230,29
73,764,181,230,29
74,764,181,230,29
75,764,181,230,29
76,764,181,230,29
77,764,181,230,29
78,764,181,230,29
79,764,181,230,29
80,764,181,230,29
81,764,181,230,29
82,764,181,230,29
83,764,181,230,29
84,764,181,230,29
85,764,181,230,29
86,764,181,230,29
87,764,181,230,29
88,764,181,230,29
89,764,181,230,29
90,764,181,230,29
91,764,181,230,29
92,764,181,230,29
93,764,181,230,29
94,764,181,230,29
95,764,181,230,29
96,764,189,233,53
27,765,195,235,72
28,765,188,232,51
29,765,182,230,32
30,765,181,230,29
31,765,181,230,29
32,765,181,230,29
33,765,181,230,29
34,765,181,230,29
35,765,181,230,29
36,765,181,230,29
37,765,181,230,29
38,765,181,230,29
39,765,181,230,29
40,765,181,230,29
41,765,181,230,29
42,765,181,230,29
43,765,181,230,29
44,765,181,230,29
45,765,181,230,29
46,765,181,230,29
47,765,181,230,29
48,765,181,230,29
49,765,181,230,29
50,765,181,230,29
51,765,181,230,29
52,765,181,230,29
53,765,181,230,29
54,765,181,230,29
55,765,181,230,29
56,765,181,230,29
57,765,181,230,29
58,765,181,230,29
59,765,181,230,29
60,765,181,230,29
61,765,181,230,29
62,765,181,230,29
63,765,181,230,29
64,765,181,230,29
65,765,181,230,29
66,765,181,230,29
67,765,181,230,29
68,765,181,230,29
69,765,181,230,29
70,765,181,230,29
71,765,181,230,29
72,765,181,230,29
73,765,181,230,29
74,765,181,230,29
75,765,181,230,29
76,765,181,230,29
77,765,181,230,29
78,765,181,230,29
79,765,181,230,29
80,765,181,230,29
81,765,181,230,29
82,765,181,230,29
83,765,181,230,29
84,765,181,230,29
85,765,181,230,29
86,765,181,230,29
87,765,181,230,29
88,765,181,230,29
89,765,181,230,29
90,765,181,230,29
91,765,181,230,29
92,765,181,230,29
93,765,181,230,29
94,765,181,230,29
95,765,181,230,29
96,765,189,233,53
29,766,194,234,69
30,766,182,230,32
31,766,181,230,29
32,766,181,230,29
33,766,181,230,29
34,766,181,230,29
35,766,181,230,29
36,766,181,230,29
37,766,181,230,29
38,766,181,230,29
39,766,181,230,29
40,766,181,230,29
41,766,181,230,29
42,766,181,230,29
43,766,181,230,29
44,766,181,230,29
45,766,181,230,29
46,766,181,230,29
47,766,181,230,29
48,766,181,230,29
49,766,181,230,29
50,766,181,230,29
51,766,181,230,29
52,766,181,230,29
53,766,181,230,29
54,766,181,230,29
55,766,181,230,29
56,766,181,230,29
57,766,181,230,29
58,766,181,230,29
59,766,181,230,29
60,766,181,230,29
61,766,181,230,29
62,766,181,230,29
63,766,181,230,29
64,766,181,230,29
65,766,181,230,29
66,766,181,230,29
67,766,181,230,29
68,766,181,230,29
69,766,181,230,29
70,766,181,230,29
71,766,181,230,29
72,766,181,230,29
73,766,181,230,29
74,766,181,230,29
75,766,181,230,29
76,766,181,230,29
77,766,181,230,29
78,766,181,230,29
79,766,181,230,29
80,766,181,230,29
81,766,181,230,29
82,766,181,230,29
83,766,181,230,29
84,766,181,230,29
85,766,181,230,29
86,766,181,230,29
87,766,181,230,29
88,766,181,230,29
89,766,181,230,29
90,766,181,230,29
91,766,181,230,29
92,766,181,230,29
93,766,181,230,29
94,766,181,230,29
95,766,181,230,29
96,766,189,233,53
30,767,195,235,72
31,767,188,232,51
32,767,182,230,32
33,767,181,230,29
34,767,181,230,29
35,767,181,230,29
36,767,181,230,29
37,767,181,230,29
38,767,181,230,29
39,767,181,230,29
40,767,181,230,29
41,767,181,230,29
42,767,181,230,29
43,767,181,230,29
44,767,181,230,29
45,767,181,230,29
46,767,181,230,29
47,767,181,230,29
48,767,181,230,29
49,767,181,230,29
50,767,181,230,29
51,767,181,230,29
52,767,181,230,29
53,767,181,230,29
54,767,181,230,29
55,767,181,230,29
56,767,181,230,29
57,767,181,230,29
58,767,181,230,29
59,767,181,230,29
60,767,181,230,29
61,767,181,230,29
62,767,181,230,29
63,767,181,230,29
64,767,181,230,29
65,767,181,230,29
66,767,181,230,29
67,767,181,230,29
68,767,181,230,29
69,767,181,230,29
70,767,181,230,29
71,767,181,230,29
72,767,181,230,29
73,767,181,230,29
74,767,181,230,29
75,767,181,230,29
76,767,181,230,29
77,767,181,230,29
78,767,181,230,29
79,767,181,230,29
80,767,181,230,29
81,767,181,230,29
82,767,181,230,29
83,767,181,230,29
84,767,181,230,29
85,767,181,230,29
86,767,181,230,29
87,767,181,230,29
88,767,181,230,29
89,767,181,230,29
90,767,181,230,29
91,767,181,230,29
92,767,181,230,29
93,767,181,230,29
94,767,181,230,29
95,767,181,230,29
96,767,189,233,53
32,768,194,234,69
33,768,182,230,32
34,768,181,230,29
35,768,181,230,29
36,768,181,230,29
37,768,181,230,29
38,768,181,230,29
39,768,181,230,29
40,768,181,230,29
41,768,181,230,29
42,768,181,230,29
43,768,181,230,29
44,768,181,230,29
45,768,181,230,29
46,768,181,230,29
47,768,181,230,29
48,768,181,230,29
49,768,181,230,29
50,768,181,230,29
51,768,181,230,29
52,768,181,230,29
53,768,181,230,29
54,768,181,230,29
55,768,181,230,29
56,768,181,230,29
57,768,181,230,29
58,768,181,230,29
59,768,181,230,29
60,768,181,230,29
61,768,181,230,29
62,768,181,230,29
63,768,181,230,29
64,768,181,230,29
65,768,181,230,29
66,768,181,230,29
67,768,181,230,29
68,768,181,230,29
69,768,181,230,29
70,768,181,230,29
71,768,181,230,29
72,768,181,230,29
73,768,181,230,29
74,768,181,230,29
75,768,181,230,29
76,768,181,230,29
77,768,181,230,29
78,768,181,230,29
79,768,181,230,29
80,768,181,230,29
81,768,181,230,29
82,768,181,230,29
83,768,181,230,29
84,768,181,230,29
85,768,181,230,29
86,768,181,230,29
87,768,181,230,29
88,768,181,230,29
89,768,181,230,29
90,768,181,230,29
91,768,181,230,29
92,768,181,230,29
93,768,181,230,29
94,768,181,230,29
95,768,181,230,29
96,768,189,233,53
33,769,195,235,72
34,769,188,232,51
35,769,182,230,32
36,769,181,230,29
37,769,181,230,29
38,769,181,230,29
39,769,181,230,29
40,769,181,230,29
41,769,181,230,29
42,769,181,230,29
43,769,181,230,29
44,769,181,230,29
45,769,181,230,29
46,769,181,230,29
47,769,181,230,29
48,769,181,230,29
49,769,181,230,29
50,769,181,230,29
51,769,181,230,29
52,769,181,230,29
53,769,181,230,29
54,769,181,230,29
55,769,181,230,29
56,769,181,230,29
57,769,181,230,29
58,769,181,230,29
59,769,181,230,29
60,769,181,230,29
61,769,181,230,29
62,769,181,230,29
63,769,181,230,29
64,769,181,230,29
65,769,181,230,29
66,769,181,230,29
67,769,181,230,29
68,769,181,230,29
69,769,181,230,29
70,769,181,230,29
71,769,181,230,29
72,769,181,230,29
73,769,181,230,29
74,769,181,230,29
75,769,181,230,29
76,769,181,230,29
77,769,181,230,29
78,769,181,230,29
79,769,181,230,29
80,769,181,230,29
81,769,181,230,29
82,769,181,230,29
83,769,181,230,29
84,769,181,230,29
85,769,181,230,29
86,769,181,230,29
87,769,181,230,29
88,769,181,230,29
89,769,181,230,29
90,769,181,230,29
91,769,181,230,29
92,769,181,230,29
93,769,181,230,29
94,769,181,230,29
95,769,181,230,29
96,769,189,233,53
35,770,194,234,69
36,770,182,230,32
37,770,181,230,29
38,770,181,230,29
39,770,181,230,29
40,770,181,230,29
41,770,181,230,29
42,770,181,230,29
43,770,181,230,29
44,770,181,230,29
45,770,181,230,29
46,770,181,230,29
47,770,181,230,29
48,770,181,230,29
49,770,181,230,29
50,770,181,230,29
51,770,181,230,29
52,770,181,230,29
53,770,181,230,29
54,770,181,230,29
55,770,181,230,29
56,770,181,230,29
57,770,181,230,29
58,770,181,230,29
59,770,181,230,29
60,770,181,230,29
61,770,181,230,29
62,770,181,230,29
63,770,181,230,29
64,770,181,230,29
65,770,181,230,29
66,770,181,230,29
67,770,181,230,29
68,770,181,230,29
69,770,181,230,29
70,770,181,230,29
71,770,181,230,29
72,770,181,230,29
73,770,181,230,29
74,770,181,230,29
75,770,181,230,29
76,770,181,230,29
77,770,181,230,29
78,770,181,230,29
79,770,181,230,29
80,770,181,230,29
81,770,181,230,29
82,770,181,230,29
83,770,181,230,29
84,770,181,230,29
85,770,181,230,29
86,770,181,230,29
87,770,181,230,29
88,770,181,230,29
89,770,181,230,29
90,770,181,230,29
91,770,181,230,29
92,770,181,230,29
93,770,181,230,29
94,770,181,230,29
95,770,181,230,29
96,770,189,233,53
36,771,195,235,72
37,771,188,232,51
38,771,182,230,32
39,771,181,230,29
40,771,181,230,29
41,771,181,230,29
42,771,181,230,29
43,771,181,230,29
44,771,181,230,29
45,771,181,230,29
46,771,181,230,29
47,771,181,230,29
48,771,181,230,29
49,771,181,230,29
50,771,181,230,29
51,771,181,230,29
52,771,181,230,29
53,771,181,230,29
54,771,181,230,29
55,771,181,230,29
56,771,181,230,29
57,771,181,230,29
58,771,181,230,29
59,771,181,230,29
60,771,181,230,29
61,771,181,230,29
62,771,181,230,29
63,771,181,230,29
64,771,181,230,29
65,771,181,230,29
66,771,181,230,29
67,771,181,230,29
68,771,181,230,29
69,771,181,230,29
70,771,181,230,29
71,771,181,230,29
72,771,181,230,29
73,771,181,230,29
74,771,181,230,29
75,771,181,230,29
76,771,181,230,29
77,771,181,230,29
78,771,181,230,29
79,771,181,230,29
80,771,181,230,29
81,771,181,230,29
82,771,181,230,29
83,771,181,230,29
84,771,181,230,29
85,771,181,230,29
86,771,181,230,29
87,771,181,230,29
88,771,181,230,29
89,771,181,230,29
90,771,181,230,29
91,771,181,230,29
92,771,181,230,29
93,771,181,230,29
94,771,181,230,29
95,771,181,230,29
96,771,189,233,53
38,772,194,234,69
39,772,182,230,32
40,772,181,230,29
41,772,181,230,29
42,772,181,230,29
43,772,181,230,29
44,772,181,230,29
45,772,181,230,29
46,772,181,230,29
47,772,181,230,29
48,772,181,230,29
49,772,181,230,29
50,772,181,230,29
51,772,181,230,29
52,772,181,230,29
53,772,181,230,29
54,772,181,230,29
55,772,181,230,29
56,772,181,230,29
57,772,181,230,29
58,772,181,230,29
59,772,181,230,29
60,772,181,230,29
61,772,181,230,29
62,772,181,230,29
63,772,181,230,29
64,772,181,230,29
65,772,181,230,29
66,772,181,230,29
67,772,181,230,29
68,772,181,230,29
69,772,181,230,29
70,772,181,230,29
71,772,181,230,29
72,772,181,230,29
73,772,181,230,29
74,772,181,230,29
75,772,181,230,29
76,772,181,230,29
77,772,181,230,29
78,772,181,230,29
79,772,181,230,29
80,772,181,230,29
81,772,181,230,29
82,772,181,230,29
83,772,181,230,29
84,772,181,230,29
85,772,181,230,29
86,772,181,230,29
87,772,181,230,29
88,772,181,230,29
89,772,181,230,29
90,772,181,230,29
91,772,181,230,29
92,772,181,230,29
93,772,181,230,29
94,772,181,230,29
95,772,181,230,29
96,772,189,233,53
39,773,195,235,72
40,773,188,232,51
41,773,182,230,32
42,773,181,230,29
43,773,181,230,29
44,773,181,230,29
45,773,181,230,29
46,773,181,230,29
47,773,181,230,29
48,773,181,230,29
49,773,181,230,29
50,773,181,230,29
51,773,181,230,29
52,773,181,230,29
53,773,181,230,29
54,773,181,230,29
55,773,181,230,29
56,773,181,230,29
57,773,181,230,29
58,773,181,230,29
59,773,181,230,29
60,773,181,230,29
61,773,181,230,29
62,773,181,230,29
63,773,181,230,29
64,773,181,230,29
65,773,181,230,29
66,773,181,230,29
67,773,181,230,29
68,773,181,230,29
69,773,181,230,29
70,773,181,230,29
71,773,181,230,29
72,773,181,230,29
73,773,181,230,29
74,773,181,230,29
75,773,181,230,29
76,773,181,230,29
77,773,181,230,29
78,773,181,230,29
79,773,181,230,29
80,773,181,230,29
81,773,181,230,29
82,773,181,230,29
83,773,181,230,29
84,773,181,230,29
85,773,181,230,29
86,773,181,230,29
87,773,181,230,29
88,773,181,230,29
89,773,181,230,29
90,773,181,230,29
91,773,181,230,29
92,773,181,230,29
93,773,181,230,29
94,773,181,230,29
95,773,181,230,29
96,773,189,233,53
41,774,194,234,69
42,774,182,230,32
43,774,181,230,29
44,774,181,230,29
45,774,181,230,29
46,774,181,230,29
47,774,181,230,29
48,774,181,230,29
49,774,181,230,29
50,774,181,230,29
51,774,181,230,29
52,774,181,230,29
53,774,181,230,29
54,774,181,230,29
55,774,181,230,29
56,774,181,230,29
57,774,181,230,29
58,774,181,230,29
59,774,181,230,29
60,774,181,230,29
61,774,181,230,29
62,774,181,230,29
63,774,181,230,29
64,774,181,230,29
65,774,181,230,29
66,774,181,230,29
67,774,181,230,29
68,774,181,230,29
69,774,181,230,29
70,774,181,230,29
71,774,181,230,29
72,774,181,230,29
73,774,181,230,29
74,774,181,230,29
75,774,181,230,29
76,774,181,230,29
77,774,181,230,29
78,774,181,230,29
79,774,181,230,29
80,774,181,230,29
81,774,181,230,29
82,774,181,230,29
83,774,181,230,29
84,774,181,230,29
85,774,181,230,29
86,774,181,230,29
87,774,181,230,29
88,774,181,230,29
89,774,181,230,29
90,774,181,230,29
91,774,181,230,29
92,774,181,230,29
93,774,181,230,29
94,774,181,230,29
95,774,181,230,29
96,774,189,233,53
42,775,195,235,72
43,775,188,232,51
44,775,182,230,32
45,775,181,230,29
46,775,181,230,29
47,775,181,230,29
48,775,181,230,29
49,775,181,230,29
50,775,181,230,29
51,775,181,230,29
52,775,181,230,29
53,775,181,230,29
54,775,181,230,29
55,775,181,230,29
56,775,181,230,29
57,775,181,230,29
58,775,181,230,29
59,775,181,230,29
60,775,181,230,29
61,775,181,230,29
62,775,181,230,29
63,775,181,230,29
64,775,181,230,29
65,775,181,230,29
66,775,181,230,29
67,775,181,230,29
68,775,181,230,29
69,775,181,230,29
70,775,181,230,29
71,775,181,230,29
72,775,181,230,29
73,775,181,230,29
74,775,181,230,29
75,775,181,230,29
76,775,181,230,29
77,775,181,230,29
78,775,181,230,29
79,775,181,230,29
80,775,181,230,29
81,775,181,230,29
82,775,181,230,29
83,775,181,230,29
84,775,181,230,29
85,775,181,230,29
86,775,181,230,29
87,775,181,230,29
88,775,181,230,29
89,775,181,230,29
90,775,181,230,29
91,775,181,230,29
92,775,181,230,29
93,775,181,230,29
94,775,181,230,29
95,775,181,230,29
96,775,189,233,53
44,776,194,234,69
45,776,182,230,32
46,776,181,230,29
47,776,181,230,29
48,776,181,230,29
49,776,181,230,29
50,776,181,230,29
51,776,181,230,29
52,776,181,230,29
53,776,181,230,29
54,776,181,230,29
55,776,181,230,29
56,776,181,230,29
57,776,181,230,29
58,776,181,230,29
59,776,181,230,29
60,776,181,230,29
61,776,181,230,29
62,776,181,230,29
63,776,181,230,29
64,776,181,230,29
65,776,181,230,29
66,776,181,230,29
67,776,181,230,29
68,776,181,230,29
69,776,181,230,29
70,776,181,230,29
71,776,181,230,29
72,776,181,230,29
73,776,181,230,29
74,776,181,230,29
75,776,181,230,29
76,776,181,230,29
77,776,181,230,29
78,776,181,230,29
79,776,181,230,29
80,776,181,230,29
81,776,181,230,29
82,776,181,230,29
83,776,181,230,29
84,776,181,230,29
85,776,181,230,29
86,776,181,230,29
87,776,181,230,29
88,776,181,230,29
89,776,181,230,29
90,776,181,230,29
91,776,181,230,29
92,776,181,230,29
93,776,181,230,29
94,776,181,230,29
95,776,181,230,29
96,776,189,233,53
45,777,195,235,72
46,777,188,232,51
47,777,182,230,32
48,777,181,230,29
49,777,181,230,29
50,777,181,230,29
51,777,181,230,29
52,777,181,230,29
53,777,181,230,29
54,777,181,230,29
55,777,181,230,29
56,777,181,230,29
57,777,181,230,29
58,777,181,230,29
59,777,181,230,29
60,777,181,230,29
61,777,181,230,29
62,777,181,230,29
63,777,181,230,29
64,777,181,230,29
65,777,181,230,29
66,777,181,230,29
67,777,181,230,29
68,777,181,230,29
69,777,181,230,29
70,777,181,230,29
71,777,181,230,29
72,777,181,230,29
73,777,181,230,29
74,777,181,230,29
75,777,181,230,29
76,777,181,230,29
77,777,181,230,29
78,777,181,230,29
79,777,181,230,29
80,777,181,230,29
81,777,181,230,29
82,777,181,230,29
83,777,181,230,29
84,777,181,230,29
85,777,181,230,29
86,777,181,230,29
87,777,181,230,29
88,777,181,230,29
89,777,181,230,29
90,777,181,230,29
91,777,181,230,29
92,777,181,230,29
93,777,181,230,29
94,777,181,230,29
95,777,181,230,29
96,777,189,233,53
47,778,194,234,69
48,778,182,230,32
49,778,181,230,29
50,778,181,230,29
51,778,181,230,29
52,778,181,230,29
53,778,181,230,29
54,778,181,230,29
55,778,181,230,29
56,778,181,230,29
57,778,181,230,29
58,778,181,230,29
59,778,181,230,29
60,778,181,230,29
61,778,181,230,29
62,778,181,230,29
63,778,181,230,29
64,778,181,230,29
65,778,181,230,29
66,778,181,230,29
67,778,181,230,29
68,778,181,230,29
69,778,181,230,29
70,778,181,230,29
71,778,181,230,29
72,778,181,230,29
73,778,181,230,29
74,778,181,230,29
75,778,181,230,29
76,778,181,230,29
77,778,181,230,29
78,778,181,230,29
79,778,181,230,29
80,778,181,230,29
81,778,181,230,29
82,778,181,230,29
83,778,181,230,29
84,778,181,230,29
85,778,181,230,29
86,778,181,230,29
87,778,181,230,29
88,778,181,230,29
89,778,181,230,29
90,778,181,230,29
91,778,181,230,29
92,778,181,230,29
93,778,181,230,29
94,778,181,230,29
95,778,181,230,29
96,778,189,233,53
48,779,195,235,72
49,779,188,232,51
50,779,182,230,32
51,779,181,230,29
52,779,181,230,29
53,779,181,230,29
54,779,181,230,29
55,779,181,230,29
56,779,181,230,29
57,779,181,230,29
58,779,181,230,29
59,779,181,230,29
60,779,181,230,29
61,779,181,230,29
62,779,181,230,29
63,779,181,230,29
64,779,181,230,29
65,779,181,230,29
66,779,181,230,29
67,779,181,230,29
68,779,181,230,29
69,779,181,230,29
70,779,181,230,29
71,779,181,230,29
72,779,181,230,29
73,779,181,230,29
74,779,181,230,29
75,779,181,230,29
76,779,181,230,29
77,779,181,230,29
78,779,181,230,29
79,779,181,230,29
80,779,181,230,29
81,779,181,230,29
82,779,181,230,29
83,779,181,230,29
84,779,181,230,29
85,779,181,230,29
86,779,181,230,29
87,779,181,230,29
88,779,181,230,29
89,779,181,230,29
90,779,181,230,29
91,779,181,230,29
92,779,181,230,29
93,779,181,230,29
94,779,181,230,29
95,779,181,230,29
96,779,189,233,53
50,780,195,235,72
51,780,188,232,51
52,780,182,230,32
53,780,181,230,29
54,780,181,230,29
55,780,181,230,29
56,780,181,230,29
57,780,181,230,29
58,780,181,230,29
59,780,181,230,29
60,780,181,230,29
61,780,181,230,29
62,780,181,230,29
63,780,181,230,29
64,780,181,230,29
65,780,181,230,29
66,780,181,230,29
67,780,181,230,29
68,780,181,230,29
69,780,181,230,29
70,780,181,230,29
71,780,181,230,29
72,780,181,230,29
73,780,181,230,29
74,780,181,230,29
75,780,181,230,29
76,780,181,230,29
77,780,181,230,29
78,780,181,230,29
79,780,181,230,29
80,780,181,230,29
81,780,181,230,29
82,780,181,230,29
83,780,181,230,29
84,780,181,230,29
85,780,181,230,29
86,780,181,230,29
87,780,181,230,29
88,780,181,230,29
89,780,181,230,29
90,780,181,230,29
91,780,181,230,29
92,780,181,230,29
93,780,181,230,29
94,780,181,230,29
95,780,181,230,29
96,780,189,233,53
52,781,194,234,69
53,781,182,230,32
54,781,181,230,29
55,781,181,230,29
56,781,181,230,29
57,781,181,230,29
58,781,181,230,29
59,781,181,230,29
60,781,181,230,29
61,781,181,230,29
62,781,181,230,29
63,781,181,230,29
64,781,181,230,29
65,781,181,230,29
66,781,181,230,29
67,781,181,230,29
68,781,181,230,29
69,781,181,230,29
70,781,181,230,29
71,781,181,230,29
72,781,181,230,29
73,781,181,230,29
74,781,181,230,29
75,781,181,230,29
76,781,181,230,29
77,781,181,230,29
78,781,181,230,29
79,781,181,230,29
80,781,181,230,29
81,781,181,230,29
82,781,181,230,29
83,781,181,230,29
84,781,181,230,29
85,781,181,230,29
86,781,181,230,29
87,781,181,230,29
88,781,181,230,29
89,781,181,230,29
90,781,181,230,29
91,781,181,230,29
92,781,181,230,29
93,781,181,230,29
94,781,181,230,29
95,781,181,230,29
96,781,189,233,53
53,782,195,235,72
54,782,188,232,51
55,782,182,230,32
56,782,181,230,29
57,782,181,230,29
58,782,181,230,29
59,782,181,230,29
60,782,181,230,29
61,782,181,230,29
62,782,181,230,29
63,782,181,230,29
64,782,181,230,29
65,782,181,230,29
66,782,181,230,29
67,782,181,230,29
68,782,181,230,29
69,782,181,230,29
70,782,181,230,29
71,782,181,230,29
72,782,181,230,29
73,782,181,230,29
74,782,181,230,29
75,782,181,230,29
76,782,181,230,29
77,782,181,230,29
78,782,181,230,29
79,782,181,230,29
80,782,181,230,29
81,782,181,230,29
82,782,181,230,29
83,782,181,230,29
84,782,181,230,29
85,782,181,230,29
86,782,181,230,29
87,782,181,230,29
88,782,181,230,29
89,782,181,230,29
90,782,181,230,29
91,782,181,230,29
92,782,181,230,29
93,782,181,230,29
94,782,181,230,29
95,782,181,230,29
96,782,189,233,53
55,783,194,234,69
56,783,182,230,32
57,783,181,230,29
58,783,181,230,29
59,783,181,230,29
60,783,181,230,29
61,783,181,230,29
62,783,181,230,29
63,783,181,230,29
64,783,181,230,29
65,783,181,230,29
66,783,181,230,29
67,783,181,230,29
68,783,181,230,29
69,783,181,230,29
70,783,181,230,29
71,783,181,230,29
72,783,181,230,29
73,783,181,230,29
74,783,181,230,29
75,783,181,230,29
76,783,181,230,29
77,783,181,230,29
78,783,181,230,29
79,783,181,230,29
80,783,181,230,29
81,783,181,230,29
82,783,181,230,29
83,783,181,230,29
84,783,181,230,29
85,783,181,230,29
86,783,181,230,29
87,783,181,230,29
88,783,181,230,29
89,783,181,230,29
90,783,181,230,29
91,783,181,230,29
92,783,181,230,29
93,783,181,230,29
94,783,181,230,29
95,783,181,230,29
96,783,189,233,53
56,784,195,235,72
57,784,188,232,51
58,784,182,230,32
59,784,181,230,29
60,784,181,230,29
61,784,181,230,29
62,784,181,230,29
63,784,181,230,29
64,784,181,230,29
65,784,181,230,29
66,784,181,230,29
67,784,181,230,29
68,784,181,230,29
69,784,181,230,29
70,784,181,230,29
71,784,181,230,29
72,784,181,230,29
73,784,181,230,29
74,784,181,230,29
75,784,181,230,29
76,784,181,230,29
77,784,181,230,29
78,784,181,230,29
79,784,181,230,29
80,784,181,230,29
81,784,181,230,29
82,784,181,230,29
83,784,181,230,29
84,784,181,230,29
85,784,181,230,29
86,784,181,230,29
87,784,181,230,29
88,784,181,230,29
89,784,181,230,29
90,784,181,230,29
91,784,181,230,29
92,784,181,230,29
93,784,181,230,29
94,784,181,230,29
95,784,181,230,29
96,784,189,233,53
58,785,194,234,69
59,785,182,230,32
60,785,181,230,29
61,785,181,230,29
62,785,181,230,29
63,785,181,230,29
64,785,181,230,29
65,785,181,230,29
66,785,181,230,29
67,785,181,230,29
68,785,181,230,29
69,785,181,230,29
70,785,181,230,29
71,785,181,230,29
72,785,181,230,29
73,785,181,230,29
74,785,181,230,29
75,785,181,230,29
76,785,181,230,29
77,785,181,230,29
78,785,181,230,29
79,785,181,230,29
80,785,181,230,29
81,785,181,230,29
82,785,181,230,29
83,785,181,230,29
84,785,181,230,29
85,785,181,230,29
86,785,181,230,29
87,785,181,230,29
88,785,181,230,29
89,785,181,230,29
90,785,181,230,29
91,785,181,230,29
92,785,181,230,29
93,785,181,230,29
94,785,181,230,29
95,785,181,230,29
96,785,189,233,53
59,786,195,235,72
60,786,188,232,51
61,786,182,230,32
62,786,181,230,29
63,786,181,230,29
64,786,181,230,29
65,786,181,230,29
66,786,181,230,29
67,786,181,230,29
68,786,181,230,29
69,786,181,230,29
70,786,181,230,29
71,786,181,230,29
72,786,181,230,29
73,786,181,230,29
74,786,181,230,29
75,786,181,230,29
76,786,181,230,29
77,786,181,230,29
78,786,181,230,29
79,786,181,230,29
80,786,181,230,29
81,786,181,230,29
82,786,181,230,29
83,786,181,230,29
84,786,181,230,29
85,786,181,230,29
86,786,181,230,29
87,786,181,230,29
88,786,181,230,29
89,786,181,230,29
90,786,181,230,29
91,786,181,230,29
92,786,181,230,29
93,786,181,230,29
94,786,181,230,29
95,786,181,230,29
96,786,189,233,53
61,787,194,234,69
62,787,182,230,32
63,787,181,230,29
64,787,181,230,29
65,787,181,230,29
66,787,181,230,29
67,787,181,230,29
68,787,181,230,29
69,787,181,230,29
70,787,181,230,29
71,787,181,230,29
72,787,181,230,29
73,787,181,230,29
74,787,181,230,29
75,787,181,230,29
76,787,181,230,29
77,787,181,230,29
78,787,181,230,29
79,787,181,230,29
80,787,181,230,29
81,787,181,230,29
82,787,181,230,29
83,787,181,230,29
84,787,181,230,29
85,787,181,230,29
86,787,181,230,29
87,787,181,230,29
88,787,181,230,29
89,787,181,230,29
90,787,181,230,29
91,787,181,230,29
92,787,181,230,29
93,787,181,230,29
94,787,181,230,29
95,787,181,230,29
96,787,189,233,53
62,788,195,235,72
63,788,188,232,51
64,788,182,230,32
65,788,181,230,29
66,788,181,230,29
67,788,181,230,29
68,788,181,230,29
69,788,181,230,29
70,788,181,230,29
71,788,181,230,29
72,788,181,230,29
73,788,181,230,29
74,788,181,230,29
75,788,181,230,29
76,788,181,230,29
77,788,181,230,29
78,788,181,230,29
79,788,181,230,29
80,788,181,230,29
81,788,181,230,29
82,788,181,230,29
83,788,181,230,29
84,788,181,230,29
85,788,181,230,29
86,788,181,230,29
87,788,181,230,29
88,788,181,230,29
89,788,181,230,29
90,788,181,230,29
91,788,181,230,29
92,788,181,230,29
93,788,181,230,29
94,788,181,230,29
95,788,181,230,29
96,788,189,233,53
64,789,194,234,69
65,789,182,230,32
66,789,181,230,29
67,789,181,230,29
68,789,181,230,29
69,789,181,230,29
70,789,181,230,29
71,789,181,230,29
72,789,181,230,29
73,789,181,230,29
74,789,181,230,29
75,789,181,230,29
76,789,181,230,29
77,789,181,230,29
78,789,181,230,29
79,789,181,230,29
80,789,181,230,29
81,789,181,230,29
82,789,181,230,29
83,789,181,230,29
84,789,181,230,29
85,789,181,230,29
86,789,181,230,29
87,789,181,230,29
88,789,181,230,29
89,789,181,230,29
90,789,181,230,29
91,789,181,230,29
92,789,181,230,29
93,789,181,230,29
94,789,181,230,29
95,789,181,230,29
96,789,189,233,53
65,790,195,235,72
66,790,188,232,51
67,790,182,230,32
68,790,181,230,29
69,790,181,230,29
70,790,181,230,29
71,790,181,230,29
72,790,181,230,29
73,790,181,230,29
74,790,181,230,29
75,790,181,230,29
76,790,181,230,29
77,790,181,230,29
78,790,181,230,29
79,790,181,230,29
80,790,181,230,29
81,790,181,230,29
82,790,181,230,29
83,790,181,230,29
84,790,181,230,29
85,790,181,230,29
86,790,181,230,29
87,790,181,230,29
88,790,181,230,29
89,790,181,230,29
90,790,181,230,29
91,790,181,230,29
92,790,181,230,29
93,790,181,230,29
94,790,181,230,29
95,790,181,230,29
96,790,189,233,53
67,791,194,234,69
68,791,182,230,32
69,791,181,230,29
70,791,181,230,29
71,791,181,230,29
72,791,181,230,29
73,791,181,230,29
74,791,181,230,29
75,791,181,230,29
76,791,181,230,29
77,791,181,230,29
78,791,181,230,29
79,791,181,230,29
80,791,181,230,29
81,791,181,230,29
82,791,181,230,29
83,791,181,230,29
84,791,181,230,29
85,791,181,230,29
86,791,181,230,29
87,791,181,230,29
88,791,181,230,29
89,791,181,230,29
90,791,181,230,29
91,791,181,230,29
92,791,181,230,29
93,791,181,230,29
94,791,181,230,29
95,791,181,230,29
96,791,189,233,53
68,792,195,235,72
69,792,188,232,51
70,792,182,230,32
71,792,181,230,29
72,792,181,230,29
73,792,181,230,29
74,792,181,230,29
75,792,181,230,29
76,792,181,230,29
77,792,181,230,29
78,792,181,230,29
79,792,181,230,29
80,792,181,230,29
81,792,181,230,29
82,792,181,230,29
83,792,181,230,29
84,792,181,230,29
85,792,181,230,29
86,792,181,230,29
87,792,181,230,29
88,792,181,230,29
89,792,181,230,29
90,792,181,230,29
91,792,181,230,29
92,792,181,230,29
93,792,181,230,29
94,792,181,230,29
95,792,181,230,29
96,792,189,233,53
70,793,195,235,72
71,793,188,232,51
72,793,182,230,32
73,793,181,230,29
74,793,181,230,29
75,793,181,230,29
76,793,181,230,29
77,793,181,230,29
78,793,181,230,29
79,793,181,230,29
80,793,181,230,29
81,793,181,230,29
82,793,181,230,29
83,793,181,230,29
84,793,181,230,29
85,793,181,230,29
86,793,181,230,29
87,793,181,230,29
88,793,181,230,29
89,793,181,230,29
90,793,181,230,29
91,793,181,230,29
92,793,181,230,29
93,793,181,230,29
94,793,181,230,29
95,793,181,230,29
96,793,189,233,53
72,794,194,234,69
73,794,182,230,32
74,794,181,230,29
75,794,181,230,29
76,794,181,230,29
77,794,181,230,29
78,794,181,230,29
79,794,181,230,29
80,794,181,230,29
81,794,181,230,29
82,794,181,230,29
83,794,181,230,29
84,794,181,230,29
85,794,181,230,29
86,794,181,230,29
87,794,181,230,29
88,794,181,230,29
89,794,181,230,29
90,794,181,230,29
91,794,181,230,29
92,794,181,230,29
93,794,181,230,29
94,794,181,230,29
95,794,181,230,29
96,794,189,233,53
73,795,195,235,72
74,795,188,232,51
75,795,182,230,32
76,795,181,230,29
77,795,181,230,29
78,795,181,230,29
79,795,181,230,29
80,795,181,230,29
81,795,181,230,29
82,795,181,230,29
83,795,181,230,29
84,795,181,230,29
85,795,181,230,29
86,795,181,230,29
87,795,181,230,29
88,795,181,230,29
89,795,181,230,29
90,795,181,230,29
91,795,181,230,29
92,795,181,230,29
93,795,181,230,29
94,795,181,230,29
95,795,181,230,29
96,795,189,233,53
75,796,194,234,69
76,796,182,230,32
77,796,181,230,29
78,796,181,230,29
79,796,181,230,29
80,796,181,230,29
81,796,181,230,29
82,796,181,230,29
83,796,181,230,29
84,796,181,230,29
85,796,181,230,29
86,796,181,230,29
87,796,181,230,29
88,796,181,230,29
89,796,181,230,29
90,796,181,230,29
91,796,181,230,29
92,796,181,230,29
93,796,181,230,29
94,796,181,230,29
95,796,181,230,29
96,796,189,233,53
76,797,195,235,72
77,797,188,232,51
78,797,182,230,32
79,797,181,230,29
80,797,181,230,29
81,797,181,230,29
82,797,181,230,29
83,797,181,230,29
84,797,181,230,29
85,797,181,230,29
86,797,181,230,29
87,797,181,230,29
88,797,181,230,29
89,797,181,230,29
90,797,181,230,29
91,797,181,230,29
92,797,181,230,29
93,797,181,230,29
94,797,181,230,29
95,797,181,230,29
96,797,189,233,53
78,798,194,234,69
79,798,182,230,32
80,798,181,230,29
81,798,181,230,29
82,798,181,230,29
83,798,181,230,29
84,798,181,230,29
85,798,181,230,29
86,798,181,230,29
87,798,181,230,29
88,798,181,230,29
89,798,181,230,29
90,798,181,230,29
91,798,181,230,29
92,798,181,230,29
93,798,181,230,29
94,798,181,230,29
95,798,181,230,29
96,798,189,233,53
79,799,195,235,72
80,799,188,232,51
81,799,182,230,32
82,799,181,230,29
83,799,181,230,29
84,799,181,230,29
85,799,181,230,29
86,799,181,230,29
87,799,181,230,29
88,799,181,230,29
89,799,181,230,29
90,799,181,230,29
91,799,181,230,29
92,799,181,230,29
93,799,181,230,29
94,799,181,230,29
95,799,181,230,29
96,799,189,233,53
81,800,194,234,69
82,800,182,230,32
83,800,181,230,29
84,800,181,230,29
85,800,181,230,29
86,800,181,230,29
87,800,181,230,29
88,800,181,230,29
89,800,181,230,29
90,800,181,230,29
91,800,181,230,29
92,800,181,230,29
93,800,181,230,29
94,800,181,230,29
95,800,181,230,29
96,800,189,233,53
82,801,195,235,72
83,801,188,232,51
84,801,182,230,32
85,801,181,230,29
86,801,181,230,29
87,801,181,230,29
88,801,181,230,29
89,801,181,230,29
90,801,181,230,29
91,801,181,230,29
92,801,181,230,29
93,801,181,230,29
94,801,181,230,29
95,801,181,230,29
96,801,189,233,53
84,802,194,234,69
85,802,182,230,32
86,802,181,230,29
87,802,181,230,29
88,802,181,230,29
89,802,181,230,29
90,802,181,230,29
91,802,181,230,29
92,802,181,230,29
93,802,181,230,29
94,802,181,230,29
95,802,181,230,29
96,802,189,233,53
85,803,195,235,72
86,803,188,232,51
87,803,182,230,32
88,803,181,230,29
89,803,181,230,29
90,803,181,230,29
91,803,181,230,29
92,803,181,230,29
93,803,181,230,29
94,803,181,230,29
95,803,181,230,29
96,803,189,233,53
87,804,194,234,69
88,804,182,230,32
89,804,181,230,29
90,804,181,230,29
91,804,181,230,29
92,804,181,230,29
93,804,181,230,29
94,804,181,230,29
95,804,181,230,29
96,804,189,233,53
88,805,195,235,72
89,805,188,232,51
90,805,182,230,32
91,805,181,230,29
92,805,181,230,29
93,805,181,230,29
94,805,181,230,29
95,805,181,230,29
96,805,189,233,53
90,806,194,234,69
91,806,182,230,32
92,806,181,230,29
93,806,181,230,29
94,806,181,230,29
95,806,181,230,29
96,806,189,233,53
91,807,195,235,72
92,807,188,232,51
93,807,182,230,32
94,807,181,230,29
95,807,182,230,32
96,807,195,235,72
93,808,195,235,72
94,808,189,233,53
95,808,195,235,72
