844,416,195,235,72
845,416,195,235,72
843,417,194,234,69
844,417,182,230,32
845,417,182,230,32
846,417,194,234,69
842,418,195,235,72
843,418,182,230,32
844,418,181,230,29
845,418,181,230,29
846,418,182,230,32
847,418,195,235,72
842,419,189,233,53
843,419,181,230,29
844,419,181,230,29
845,419,181,230,29
846,419,181,230,29
847,419,189,233,53
842,420,189,233,53
843,420,181,230,29
844,420,181,230,29
845,420,181,230,29
846,420,181,230,29
847,420,189,233,53
842,421,188,232,51
843,421,181,230,29
844,421,181,230,29
845,421,181,230,29
846,421,181,230,29
847,421,188,232,51
841,422,195,235,72
842,422,182,230,32
843,422,181,230,29
844,422,181,230,29
845,422,181,230,29
846,422,181,230,29
847,422,182,230,32
848,422,195,235,72
841,423,189,233,53
842,423,181,230,29
843,423,181,230,29
844,423,181,230,29
845,423,181,230,29
846,423,181,230,29
847,423,181,230,29
848,423,189,233,53
841,424,189,233,53
842,424,181,230,29
843,424,181,230,29
844,424,181,230,29
845,424,181,230,29
846,424,181,230,29
847,424,181,230,29
848,424,188,232,51
841,425,188,232,51
842,425,181,230,29
843,425,181,230,29
844,425,181,230,29
845,425,181,230,29
846,425,181,230,29
847,425,181,230,29
848,425,182,230,32
849,425,195,235,72
840,426,195,235,72
841,426,182,230,32
842,426,181,230,29
843,426,181,230,29
844,426,181,230,29
845,426,181,230,29
846,426,181,230,29
847,426,181,230,29
848,426,181,230,29
849,426,189,233,53
840,427,189,233,53
841,427,181,230,29
842,427,181,230,29
843,427,181,230,29
844,427,181,230,29
845,427,181,230,29
846,427,181,230,29
847,427,181,230,29
848,427,181,230,29
849,427,189,233,53
840,428,188,232,51
841,428,181,230,29
842,428,181,230,29
843,428,181,230,29
844,428,181,230,29
845,428,181,230,29
846,428,181,230,29
847,428,181,230,29
848,428,181,230,29
849,428,188,232,51
839,429,195,235,72
840,429,182,230,32
841,429,181,230,29
842,429,181,230,29
843,429,181,230,29
844,429,181,230,29
845,429,181,230,29
846,429,181,230,29
847,429,181,230,29
848,429,181,230,29
849,429,182,230,32
850,429,195,235,72
839,430,189,233,53
840,430,181,230,29
841,430,181,230,29
842,430,181,230,29
843,430,181,230,29
844,430,181,230,29
845,430,181,230,29
846,430,181,230,29
847,430,181,230,29
848,430,181,230,29
849,430,181,230,29
850,430,189,233,53
839,431,189,233,53
840,431,181,230,29
841,431,181,230,29
842,431,181,230,29
843,431,181,230,29
844,431,181,230,29
845,431,181,230,29
846,431,181,230,29
847,431,181,230,29
848,431,181,230,29
849,431,181,230,29
850,431,189,233,53
839,432,188,232,51
840,432,181,230,29
841,432,181,230,29
842,432,181,230,29
843,432,181,230,29
844,432,181,230,29
845,432,181,230,29
846,432,181,230,29
847,432,181,230,29
848,432,181,230,29
849,432,181,230,29
850,432,188,232,51
838,433,195,235,72
839,433,182,230,32
840,433,181,230,29
841,433,181,230,29
842,433,181,230,29
843,433,181,230,29
844,433,181,230,29
845,433,181,230,29
846,433,181,230,29
847,433,181,230,29
848,433,181,230,29
849,433,181,230,29
850,433,182,230,32
851,433,195,235,72
838,434,189,233,53
839,434,181,230,29
840,434,181,230,29
841,434,181,230,29
842,434,181,230,29
843,434,181,230,29
844,434,181,230,29
845,434,181,230,29
846,434,181,230,29
847,434,181,230,29
848,434,181,230,29
849,434,181,230,29
850,434,181,230,29
851,434,189,233,53
838,435,188,232,51
839,435,181,230,29
840,435,181,230,29
841,435,181,230,29
842,435,181,230,29
843,435,181,230,29
844,435,181,230,29
845,435,181,230,29
846,435,181,230,29
847,435,181,230,29
848,435,181,230,29
849,435,181,230,29
850,435,181,230,29
851,435,188,232,51
837,436,194,234,69
838,436,182,230,32
839,436,181,230,29
840,436,181,230,29
841,436,181,230,29
842,436,181,230,29
843,436,181,230,29
844,436,181,230,29
845,436,181,230,29
846,436,181,230,29
847,436,181,230,29
848,436,181,230,29
849,436,181,230,29
850,436,181,230,29
851,436,182,230,32
852,436,194,234,69
834,437,195,235,72
835,437,189,233,53
836,437,188,232,51
837,437,182,230,32
838,437,181,230,29
839,437,181,230,29
840,437,181,230,29
841,437,181,230,29
842,437,181,230,29
843,437,181,230,29
844,437,181,230,29
845,437,181,230,29
846,437,181,230,29
847,437,181,230,29
848,437,181,230,29
849,437,181,230,29
850,437,181,230,29
851,437,181,230,29
852,437,182,230,32
853,437,188,232,51
854,437,189,233,53
855,437,195,235,72
832,438,195,235,72
833,438,188,232,51
834,438,182,230,32
835,438,181,230,29
836,438,181,230,29
837,438,181,230,29
838,438,181,230,29
839,438,181,230,29
840,438,181,230,29
841,438,181,230,29
842,438,181,230,29
843,438,181,230,29
844,438,181,230,29
845,438,181,230,29
846,438,181,230,29
847,438,181,230,29
848,438,181,230,29
849,438,181,230,29
850,438,181,230,29
851,438,181,230,29
852,438,181,230,29
853,438,181,230,29
854,438,181,230,29
855,438,182,230,32
856,438,188,232,51
857,438,195,235,72
829,439,195,235,72
830,439,189,233,53
831,439,188,232,51
832,439,182,230,32
833,439,181,230,29
834,439,181,230,29
835,439,181,230,29
836,439,181,230,29
837,439,181,230,29
838,439,181,230,29
839,439,181,230,29
840,439,181,230,29
841,439,181,230,29
842,439,181,230,29
843,439,181,230,29
844,439,181,230,29
845,439,181,230,29
846,439,181,230,29
847,439,181,230,29
848,439,181,230,29
849,439,181,230,29
850,439,181,230,29
851,439,181,230,29
852,439,181,230,29
853,439,181,230,29
854,439,181,230,29
855,439,181,230,29
856,439,181,230,29
857,439,182,230,32
858,439,188,232,51
859,439,189,233,53
860,439,195,235,72
826,440,195,235,72
827,440,189,233,53
828,440,188,232,51
829,440,182,230,32
830,440,181,230,29
831,440,181,230,29
832,440,181,230,29
833,440,181,230,29
834,440,181,230,29
835,440,181,230,29
836,440,181,230,29
837,440,181,230,29
838,440,181,230,29
839,440,181,230,29
840,440,181,230,29
841,440,181,230,29
842,440,181,230,29
843,440,181,230,29
844,440,181,230,29
845,440,181,230,29
846,440,181,230,29
847,440,181,230,29
848,440,181,230,29
849,440,181,230,29
850,440,181,230,29
851,440,181,230,29
852,440,181,230,29
853,440,181,230,29
854,440,181,230,29
855,440,181,230,29
856,440,181,230,29
857,440,181,230,29
858,440,181,230,29
859,440,181,230,29
860,440,182,230,32
861,440,188,232,51
862,440,189,233,53
863,440,195,235,72
824,441,195,235,72
825,441,188,232,51
826,441,182,230,32
827,441,181,230,29
828,441,181,230,29
829,441,181,230,29
830,441,181,230,29
831,441,181,230,29
832,441,181,230,29
833,441,181,230,29
834,441,181,230,29
835,441,181,230,29
836,441,181,230,29
837,441,181,230,29
838,441,181,230,29
839,441,181,230,29
840,441,181,230,29
841,441,181,230,29
842,441,181,230,29
843,441,181,230,29
844,441,181,230,29
845,441,181,230,29
846,441,181,230,29
847,441,181,230,29
848,441,181,230,29
849,441,181,230,29
850,441,181,230,29
851,441,181,230,29
852,441,181,230,29
853,441,181,230,29
854,441,181,230,29
855,441,181,230,29
856,441,181,230,29
857,441,181,230,29
858,441,181,230,29
859,441,181,230,29
860,441,181,230,29
861,441,181,230,29
862,441,181,230,29
863,441,182,230,32
864,441,188,232,51
865,441,195,235,72
821,442,195,235,72
822,442,189,233,53
823,442,188,232,51
824,442,182,230,32
825,442,181,230,29
826,442,181,230,29
827,442,181,230,29
828,442,181,230,29
829,442,181,230,29
830,442,181,230,29
831,442,181,230,29
832,442,181,230,29
833,442,181,230,29
834,442,181,230,29
835,442,181,230,29
836,442,181,230,29
837,442,181,230,29
838,442,181,230,29
839,442,181,230,29
840,442,181,230,29
841,442,181,230,29
842,442,181,230,29
843,442,181,230,29
844,442,181,230,29
845,442,181,230,29
846,442,181,230,29
847,442,181,230,29
848,442,181,230,29
849,442,181,230,29
850,442,181,230,29
851,442,181,230,29
852,442,181,230,29
853,442,181,230,29
854,442,181,230,29
855,442,181,230,29
856,442,181,230,29
857,442,181,230,29
858,442,181,230,29
859,442,181,230,29
860,442,181,230,29
861,442,181,230,29
862,442,181,230,29
863,442,181,230,29
864,442,181,230,29
865,442,182,230,32
866,442,188,232,51
867,442,189,233,53
868,442,195,235,72
820,443,195,235,72
821,443,182,230,32
822,443,181,230,29
823,443,181,230,29
824,443,181,230,29
825,443,181,230,29
826,443,181,230,29
827,443,181,230,29
828,443,181,230,29
829,443,181,230,29
830,443,181,230,29
831,443,181,230,29
832,443,181,230,29
833,443,181,230,29
834,443,181,230,29
835,443,181,230,29
836,443,181,230,29
837,443,181,230,29
838,443,181,230,29
839,443,181,230,29
840,443,181,230,29
841,443,181,230,29
842,443,181,230,29
843,443,181,230,29
844,443,181,230,29
845,443,181,230,29
846,443,181,230,29
847,443,181,230,29
848,443,181,230,29
849,443,181,230,29
850,443,181,230,29
851,443,181,230,29
852,443,181,230,29
853,443,181,230,29
854,443,181,230,29
855,443,181,230,29
856,443,181,230,29
857,443,181,230,29
858,443,181,230,29
859,443,181,230,29
860,443,181,230,29
861,443,181,230,29
862,443,181,230,29
863,443,181,230,29
864,443,181,230,29
865,443,181,230,29
866,443,181,230,29
867,443,181,230,29
868,443,182,230,32
869,443,195,235,72
820,444,189,233,53
821,444,181,230,29
822,444,181,230,29
823,444,181,230,29
824,444,181,230,29
825,444,181,230,29
826,444,181,230,29
827,444,181,230,29
828,444,181,230,29
829,444,181,230,29
830,444,181,230,29
831,444,181,230,29
832,444,181,230,29
833,444,181,230,29
834,444,181,230,29
835,444,181,230,29
836,444,181,230,29
837,444,181,230,29
838,444,181,230,29
839,444,181,230,29
840,444,181,230,29
841,444,181,230,29
842,444,181,230,29
843,444,181,230,29
844,444,181,230,29
845,444,181,230,29
846,444,181,230,29
847,444,181,230,29
848,444,181,230,29
849,444,181,230,29
850,444,181,230,29
851,444,181,230,29
852,444,181,230,29
853,444,181,230,29
854,444,181,230,29
855,444,181,230,29
856,444,181,230,29
857,444,181,230,29
858,444,181,230,29
859,444,181,230,29
860,444,181,230,29
861,444,181,230,29
862,444,181,230,29
863,444,181,230,29
864,444,181,230,29
865,444,181,230,29
866,444,181,230,29
867,444,181,230,29
868,444,181,230,29
869,444,189,233,53
820,445,195,235,72
821,445,182,230,32
822,445,181,230,29
823,445,181,230,29
824,445,181,230,29
825,445,181,230,29
826,445,181,230,29
827,445,181,230,29
828,445,181,230,29
829,445,181,230,29
830,445,181,230,29
831,445,181,230,29
832,445,181,230,29
833,445,181,230,29
834,445,181,230,29
835,445,181,230,29
836,445,181,230,29
837,445,181,230,29
838,445,181,230,29
839,445,181,230,29
840,445,181,230,29
841,445,181,230,29
842,445,181,230,29
843,445,181,230,29
844,445,181,230,29
845,445,181,230,29
846,445,181,230,29
847,445,181,230,29
848,445,181,230,29
849,445,181,230,29
850,445,181,230,29
851,445,181,230,29
852,445,181,230,29
853,445,181,230,29
854,445,181,230,29
855,445,181,230,29
856,445,181,230,29
857,445,181,230,29
858,445,181,230,29
859,445,181,230,29
860,445,181,230,29
861,445,181,230,29
862,445,181,230,29
863,445,181,230,29
864,445,181,230,29
865,445,181,230,29
866,445,181,230,29
867,445,181,230,29
868,445,182,230,32
869,445,195,235,72
821,446,195,235,72
822,446,188,232,51
823,446,182,230,32
824,446,181,230,29
825,446,181,230,29
826,446,181,230,29
827,446,181,230,29
828,446,181,230,29
829,446,181,230,29
830,446,181,230,29
831,446,181,230,29
832,446,181,230,29
833,446,181,230,29
834,446,181,230,29
835,446,181,230,29
836,446,181,230,29
837,446,181,230,29
838,446,181,230,29
839,446,181,230,29
840,446,181,230,29
841,446,181,230,29
842,446,181,230,29
843,446,181,230,29
844,446,181,230,29
845,446,181,230,29
846,446,181,230,29
847,446,181,230,29
848,446,181,230,29
849,446,181,230,29
850,446,181,230,29
851,446,181,230,29
852,446,181,230,29
853,446,181,230,29
854,446,181,230,29
855,446,181,230,29
856,446,181,230,29
857,446,181,230,29
858,446,181,230,29
859,446,181,230,29
860,446,181,230,29
861,446,181,230,29
862,446,181,230,29
863,446,181,230,29
864,446,181,230,29
865,446,181,230,29
866,446,182,230,32
867,446,188,232,51
868,446,195,235,72
823,447,195,235,72
824,447,189,233,53
825,447,188,232,51
826,447,182,230,32
827,447,181,230,29
828,447,181,230,29
829,447,181,230,29
830,447,181,230,29
831,447,181,230,29
832,447,181,230,29
833,447,181,230,29
834,447,181,230,29
835,447,181,230,29
836,447,181,230,29
837,447,181,230,29
838,447,181,230,29
839,447,181,230,29
840,447,181,230,29
841,447,181,230,29
842,447,181,230,29
843,447,181,230,29
844,447,181,230,29
845,447,181,230,29
846,447,181,230,29
847,447,181,230,29
848,447,181,230,29
849,447,181,230,29
850,447,181,230,29
851,447,181,230,29
852,447,181,230,29
853,447,181,230,29
854,447,181,230,29
855,447,181,230,29
856,447,181,230,29
857,447,181,230,29
858,447,181,230,29
859,447,181,230,29
860,447,181,230,29
861,447,181,230,29
862,447,181,230,29
863,447,182,230,32
864,447,188,232,51
865,447,189,233,53
866,447,195,235,72
826,448,195,235,72
827,448,189,233,53
828,448,188,232,51
829,448,182,230,32
830,448,181,230,29
831,448,181,230,29
832,448,181,230,29
833,448,181,230,29
834,448,181,230,29
835,448,181,230,29
836,448,181,230,29
837,448,181,230,29
838,448,181,230,29
839,448,181,230,29
840,448,181,230,29
841,448,181,230,29
842,448,181,230,29
843,448,181,230,29
844,448,181,230,29
845,448,181,230,29
846,448,181,230,29
847,448,181,230,29
848,448,181,230,29
849,448,181,230,29
850,448,181,230,29
851,448,181,230,29
852,448,181,230,29
853,448,181,230,29
854,448,181,230,29
855,448,181,230,29
856,448,181,230,29
857,448,181,230,29
858,448,181,230,29
859,448,181,230,29
860,448,182,230,32
861,448,188,232,51
862,448,189,233,53
863,448,195,235,72
829,449,195,235,72
830,449,189,233,53
831,449,188,232,51
832,449,182,230,32
833,449,181,230,29
834,449,181,230,29
835,449,181,230,29
836,449,181,230,29
837,449,181,230,29
838,449,181,230,29
839,449,181,230,29
840,449,181,230,29
841,449,181,230,29
842,449,181,230,29
843,449,181,230,29
844,449,181,230,29
845,449,181,230,29
846,449,181,230,29
847,449,181,230,29
848,449,181,230,29
849,449,181,230,29
850,449,181,230,29
851,449,181,230,29
852,449,181,230,29
853,449,181,230,29
854,449,181,230,29
855,449,181,230,29
856,449,181,230,29
857,449,182,230,32
858,449,188,232,51
859,449,189,233,53
860,449,195,235,72
832,450,195,235,72
833,450,188,232,51
834,450,182,230,32
835,450,181,230,29
836,450,181,230,29
837,450,181,230,29
838,450,181,230,29
839,450,181,230,29
840,450,181,230,29
841,450,181,230,29
842,450,181,230,29
843,450,181,230,29
844,450,181,230,29
845,450,181,230,29
846,450,181,230,29
847,450,181,230,29
848,450,181,230,29
849,450,181,230,29
850,450,181,230,29
851,450,181,230,29
852,450,181,230,29
853,450,181,230,29
854,450,181,230,29
855,450,182,230,32
856,450,188,232,51
857,450,195,235,72
834,451,195,235,72
835,451,189,233,53
836,451,188,232,51
837,451,182,230,32
838,451,181,230,29
839,451,181,230,29
840,451,181,230,29
841,451,181,230,29
842,451,181,230,29
843,451,181,230,29
844,451,181,230,29
845,451,181,230,29
846,451,181,230,29
847,451,181,230,29
848,451,181,230,29
849,451,181,230,29
850,451,181,230,29
851,451,181,230,29
852,451,182,230,32
853,451,188,232,51
854,451,189,233,53
855,451,195,235,72
837,452,194,234,69
838,452,182,230,32
839,452,181,230,29
840,452,181,230,29
841,452,181,230,29
842,452,181,230,29
843,452,181,230,29
844,452,181,230,29
845,452,181,230,29
846,452,181,230,29
847,452,181,230,29
848,452,181,230,29
849,452,181,230,29
850,452,181,230,29
851,452,182,230,32
852,452,194,234,69
838,453,188,232,51
839,453,181,230,29
840,453,181,230,29
841,453,181,230,29
842,453,181,230,29
843,453,181,230,29
844,453,181,230,29
845,453,181,230,29
846,453,181,230,29
847,453,181,230,29
848,453,181,230,29
849,453,181,230,29
850,453,181,230,29
851,453,188,232,51
838,454,189,233,53
839,454,181,230,29
840,454,181,230,29
841,454,181,230,29
842,454,181,230,29
843,454,181,230,29
844,454,181,230,29
845,454,181,230,29
846,454,181,230,29
847,454,181,230,29
848,454,181,230,29
849,454,181,230,29
850,454,181,230,29
851,454,189,233,53
838,455,195,235,72
839,455,182,230,32
840,455,181,230,29
841,455,181,230,29
842,455,181,230,29
843,455,181,230,29
844,455,181,230,29
845,455,181,230,29
846,455,181,230,29
847,455,181,230,29
848,455,181,230,29
849,455,181,230,29
850,455,182,230,32
851,455,195,235,72
839,456,188,232,51
840,456,181,230,29
841,456,181,230,29
842,456,181,230,29
843,456,181,230,29
844,456,181,230,29
845,456,181,230,29
846,456,181,230,29
847,456,181,230,29
848,456,181,230,29
849,456,181,230,29
850,456,188,232,51
839,457,189,233,53
840,457,181,230,29
841,457,181,230,29
842,457,181,230,29
843,457,181,230,29
844,457,181,230,29
845,457,181,230,29
846,457,181,230,29
847,457,181,230,29
848,457,181,230,29
849,457,181,230,29
850,457,189,233,53
839,458,189,233,53
840,458,181,230,29
841,458,181,230,29
842,458,181,230,29
843,458,181,230,29
844,458,181,230,29
845,458,181,230,29
846,458,181,230,29
847,458,181,230,29
848,458,181,230,29
849,458,181,230,29
850,458,189,233,53
839,459,195,235,72
840,459,182,230,32
841,459,181,230,29
842,459,181,230,29
843,459,181,230,29
844,459,181,230,29
845,459,181,230,29
846,459,181,230,29
847,459,181,230,29
848,459,181,230,29
849,459,182,230,32
850,459,195,235,72
840,460,188,232,51
841,460,181,230,29
842,460,181,230,29
843,460,181,230,29
844,460,181,230,29
845,460,181,230,29
846,460,181,230,29
847,460,181,230,29
848,460,181,230,29
849,460,188,232,51
840,461,189,233,53
841,461,181,230,29
842,461,181,230,29
843,461,181,230,29
844,461,181,230,29
845,461,181,230,29
846,461,181,230,29
847,461,181,230,29
848,461,181,230,29
849,461,189,233,53
840,462,195,235,72
841,462,182,230,32
842,462,181,230,29
843,462,181,230,29
844,462,181,230,29
845,462,181,230,29
846,462,181,230,29
847,462,181,230,29
848,462,181,230,29
849,462,189,233,53
841,463,188,232,51
842,463,181,230,29
843,463,181,230,29
844,463,181,230,29
845,463,181,230,29
846,463,181,230,29
847,463,181,230,29
848,463,182,230,32
849,463,195,235,72
841,464,189,233,53
842,464,181,230,29
843,464,181,230,29
844,464,181,230,29
845,464,181,230,29
846,464,181,230,29
847,464,181,230,29
848,464,188,232,51
841,465,189,233,53
842,465,181,230,29
843,465,181,230,29
844,465,181,230,29
845,465,181,230,29
846,465,181,230,29
847,465,181,230,29
848,465,189,233,53
841,466,195,235,72
842,466,182,230,32
843,466,181,230,29
844,466,181,230,29
845,466,181,230,29
846,466,181,230,29
847,466,182,230,32
848,466,195,235,72
842,467,188,232,51
843,467,181,230,29
844,467,181,230,29
845,467,181,230,29
846,467,181,230,29
847,467,188,232,51
842,468,189,233,53
843,468,181,230,29
844,468,181,230,29
845,468,181,230,29
846,468,181,230,29
847,468,189,233,53
842,469,189,233,53
843,469,181,230,29
844,469,181,230,29
845,469,181,230,29
846,469,181,230,29
847,469,189,233,53
842,470,195,235,72
843,470,182,230,32
844,470,181,230,29
845,470,181,230,29
846,470,182,230,32
847,470,195,235,72
843,471,194,234,69
844,471,182,230,32
845,471,182,230,32
846,471,194,234,69
844,472,195,235,72
845,472,195,235,72
