913,815,195,235,72
914,815,189,233,53
915,815,195,235,72
912,816,195,235,72
913,816,182,230,32
914,816,181,230,29
915,816,182,230,32
916,816,195,235,72
912,817,189,233,53
913,817,181,230,29
914,817,181,230,29
915,817,181,230,29
916,817,189,233,53
912,818,189,233,53
913,818,181,230,29
914,818,181,230,29
915,818,181,230,29
916,818,188,232,51
912,819,188,232,51
913,819,181,230,29
914,819,181,230,29
915,819,181,230,29
916,819,182,230,32
917,819,195,235,72
911,820,195,235,72
912,820,182,230,32
913,820,181,230,29
914,820,181,230,29
915,820,181,230,29
916,820,181,230,29
917,820,189,233,53
911,821,189,233,53
912,821,181,230,29
913,821,181,230,29
914,821,181,230,29
915,821,181,230,29
916,821,181,230,29
917,821,189,233,53
911,822,189,233,53
912,822,181,230,29
913,822,181,230,29
914,822,181,230,29
915,822,181,230,29
916,822,181,230,29
917,822,189,233,53
911,823,188,232,51
912,823,181,230,29
913,823,181,230,29
914,823,181,230,29
915,823,181,230,29
916,823,181,230,29
917,823,188,232,51
910,824,195,235,72
911,824,182,230,32
912,824,181,230,29
913,824,181,230,29
914,824,181,230,29
915,824,181,230,29
916,824,181,230,29
917,824,182,230,32
918,824,195,235,72
910,825,189,233,53
911,825,181,230,29
912,825,181,230,29
913,825,181,230,29
914,825,181,230,29
915,825,181,230,29
916,825,181,230,29
917,825,181,230,29
918,825,189,233,53
910,826,189,233,53
911,826,181,230,29
912,826,181,230,29
913,826,181,230,29
914,826,181,230,29
915,826,181,230,29
916,826,181,230,29
917,826,181,230,29
918,826,189,233,53
910,827,189,233,53
911,827,181,230,29
912,827,181,230,29
913,827,181,230,29
914,827,181,230,29
915,827,181,230,29
916,827,181,230,29
917,827,181,230,29
918,827,189,233,53
910,828,188,232,51
911,828,181,230,29
912,828,181,230,29
913,828,181,230,29
914,828,181,230,29
915,828,181,230,29
916,828,181,230,29
917,828,181,230,29
918,828,188,232,51
909,829,195,235,72
910,829,182,230,32
911,829,181,230,29
912,829,181,230,29
913,829,181,230,29
914,829,181,230,29
915,829,181,230,29
916,829,181,230,29
917,829,181,230,29
918,829,182,230,32
919,829,195,235,72
909,830,189,233,53
910,830,181,230,29
911,830,181,230,29
912,830,181,230,29
913,830,181,230,29
914,830,181,230,29
915,830,181,230,29
916,830,181,230,29
917,830,181,230,29
918,830,181,230,29
919,830,189,233,53
909,831,189,233,53
910,831,181,230,29
911,831,181,230,29
912,831,181,230,29
913,831,181,230,29
914,831,181,230,29
915,831,181,230,29
916,831,181,230,29
917,831,181,230,29
918,831,181,230,29
919,831,189,233,53
909,832,189,233,53
910,832,181,230,29
911,832,181,230,29
912,832,181,230,29
913,832,181,230,29
914,832,181,230,29
915,832,181,230,29
916,832,181,230,29
917,832,181,230,29
918,832,181,230,29
919,832,189,233,53
909,833,188,232,51
910,833,181,230,29
911,833,181,230,29
912,833,181,230,29
913,833,181,230,29
914,833,181,230,29
915,833,181,230,29
916,833,181,230,29
917,833,181,230,29
918,833,181,230,29
919,833,188,232,51
908,834,195,235,72
909,834,182,230,32
910,834,181,230,29
911,834,181,230,29
912,834,181,230,29
913,834,181,230,29
914,834,181,230,29
915,834,181,230,29
916,834,181,230,29
917,834,181,230,29
918,834,181,230,29
919,834,182,230,32
920,834,195,235,72
908,835,189,233,53
909,835,181,230,29
910,835,181,230,29
911,835,181,230,29
912,835,181,230,29
913,835,181,230,29
914,835,181,230,29
915,835,181,230,29
916,835,181,230,29
917,835,181,230,29
918,835,181,230,29
919,835,181,230,29
920,835,189,233,53
908,836,189,233,53
909,836,181,230,29
910,836,181,230,29
911,836,181,230,29
912,836,181,230,29
913,836,181,230,29
914,836,181,230,29
915,836,181,230,29
916,836,181,230,29
917,836,181,230,29
918,836,181,230,29
919,836,181,230,29
920,836,189,233,53
908,837,189,233,53
909,837,181,230,29
910,837,181,230,29
911,837,181,230,29
912,837,181,230,29
913,837,181,230,29
914,837,181,230,29
915,837,181,230,29
916,837,181,230,29
917,837,181,230,29
918,837,181,230,29
919,837,181,230,29
920,837,188,232,51
908,838,188,232,51
909,838,181,230,29
910,838,181,230,29
911,838,181,230,29
912,838,181,230,29
913,838,181,230,29
914,838,181,230,29
915,838,181,230,29
916,838,181,230,29
917,838,181,230,29
918,838,181,230,29
919,838,181,230,29
920,838,182,230,32
921,838,195,235,72
907,839,195,235,72
908,839,182,230,32
909,839,181,230,29
910,839,181,230,29
911,839,181,230,29
912,839,181,230,29
913,839,181,230,29
914,839,181,230,29
915,839,181,230,29
916,839,181,230,29
917,839,181,230,29
918,839,181,230,29
919,839,181,230,29
920,839,181,230,29
921,839,189,233,53
907,840,189,233,53
908,840,181,230,29
909,840,181,230,29
910,840,181,230,29
911,840,181,230,29
912,840,181,230,29
913,840,181,230,29
914,840,181,230,29
915,840,181,230,29
916,840,181,230,29
917,840,181,230,29
918,840,181,230,29
919,840,181,230,29
920,840,181,230,29
921,840,189,233,53
907,841,189,233,53
908,841,181,230,29
909,841,181,230,29
910,841,181,230,29
911,841,181,230,29
912,841,181,230,29
913,841,181,230,29
914,841,181,230,29
915,841,181,230,29
916,841,181,230,29
917,841,181,230,29
918,841,181,230,29
919,841,181,230,29
920,841,181,230,29
921,841,189,233,53
907,842,189,233,53
908,842,181,230,29
909,842,181,230,29
910,842,181,230,29
911,842,181,230,29
912,842,181,230,29
913,842,181,230,29
914,842,181,230,29
915,842,181,230,29
916,842,181,230,29
917,842,181,230,29
918,842,181,230,29
919,842,181,230,29
920,842,181,230,29
921,842,188,232,51
907,843,188,232,51
908,843,181,230,29
909,843,181,230,29
910,843,181,230,29
911,843,181,230,29
912,843,181,230,29
913,843,181,230,29
914,843,181,230,29
915,843,181,230,29
916,843,181,230,29
917,843,181,230,29
918,843,181,230,29
919,843,181,230,29
920,843,181,230,29
921,843,182,230,32
922,843,195,235,72
906,844,195,235,72
907,844,182,230,32
908,844,181,230,29
909,844,181,230,29
910,844,181,230,29
911,844,181,230,29
912,844,181,230,29
913,844,181,230,29
914,844,181,230,29
915,844,181,230,29
916,844,181,230,29
917,844,181,230,29
918,844,181,230,29
919,844,181,230,29
920,844,181,230,29
921,844,181,230,29
922,844,189,233,53
906,845,189,233,53
907,845,181,230,29
908,845,181,230,29
909,845,181,230,29
910,845,181,230,29
911,845,181,230,29
912,845,181,230,29
913,845,181,230,29
914,845,181,230,29
915,845,181,230,29
916,845,181,230,29
917,845,181,230,29
918,845,181,230,29
919,845,181,230,29
920,845,181,230,29
921,845,181,230,29
922,845,189,233,53
906,846,189,233,53
907,846,181,230,29
908,846,181,230,29
909,846,181,230,29
910,846,181,230,29
911,846,181,230,29
912,846,181,230,29
913,846,181,230,29
914,846,181,230,29
915,846,181,230,29
916,846,181,230,29
917,846,181,230,29
918,846,181,230,29
919,846,181,230,29
920,846,181,230,29
921,846,181,230,29
922,846,189,233,53
906,847,188,232,51
907,847,181,230,29
908,847,181,230,29
909,847,181,230,29
910,847,181,230,29
911,847,181,230,29
912,847,181,230,29
913,847,181,230,29
914,847,181,230,29
915,847,181,230,29
916,847,181,230,29
917,847,181,230,29
918,847,181,230,29
919,847,181,230,29
920,847,181,230,29
921,847,181,230,29
922,847,188,232,51
905,848,195,235,72
906,848,182,230,32
907,848,181,230,29
908,848,181,230,29
909,848,181,230,29
910,848,181,230,29
911,848,181,230,29
912,848,181,230,29
913,848,181,230,29
914,848,181,230,29
915,848,181,230,29
916,848,181,230,29
917,848,181,230,29
918,848,181,230,29
919,848,181,230,29
920,848,181,230,29
921,848,181,230,29
922,848,182,230,32
923,848,195,235,72
905,849,189,233,53
906,849,181,230,29
907,849,181,230,29
908,849,181,230,29
909,849,181,230,29
910,849,181,230,29
911,849,181,230,29
912,849,181,230,29
913,849,181,230,29
914,849,181,230,29
915,849,181,230,29
916,849,181,230,29
917,849,181,230,29
918,849,181,230,29
919,849,181,230,29
920,849,181,230,29
921,849,181,230,29
922,849,181,230,29
923,849,189,233,53
905,850,189,233,53
906,850,181,230,29
907,850,181,230,29
908,850,181,230,29
909,850,181,230,29
910,850,181,230,29
911,850,181,230,29
912,850,181,230,29
913,850,181,230,29
914,850,181,230,29
915,850,181,230,29
916,850,181,230,29
917,850,181,230,29
918,850,181,230,29
919,850,181,230,29
920,850,181,230,29
921,850,181,230,29
922,850,181,230,29
923,850,189,233,53
905,851,189,233,53
906,851,181,230,29
907,851,181,230,29
908,851,181,230,29
909,851,181,230,29
910,851,181,230,29
911,851,181,230,29
912,851,181,230,29
913,851,181,230,29
914,851,181,230,29
915,851,181,230,29
916,851,181,230,29
917,851,181,230,29
918,851,181,230,29
919,851,181,230,29
920,851,181,230,29
921,851,181,230,29
922,851,181,230,29
923,851,189,233,53
905,852,188,232,51
906,852,181,230,29
907,852,181,230,29
908,852,181,230,29
909,852,181,230,29
910,852,181,230,29
911,852,181,230,29
912,852,181,230,29
913,852,181,230,29
914,852,181,230,29
915,852,181,230,29
916,852,181,230,29
917,852,181,230,29
918,852,181,230,29
919,852,181,230,29
920,852,181,230,29
921,852,181,230,29
922,852,181,230,29
923,852,188,232,51
904,853,195,235,72
905,853,182,230,32
906,853,181,230,29
907,853,181,230,29
908,853,181,230,29
909,853,181,230,29
910,853,181,230,29
911,853,181,230,29
912,853,181,230,29
913,853,181,230,29
914,853,181,230,29
915,853,181,230,29
916,853,181,230,29
917,853,181,230,29
918,853,181,230,29
919,853,181,230,29
920,853,181,230,29
921,853,181,230,29
922,853,181,230,29
923,853,182,230,32
924,853,195,235,72
904,854,189,233,53
905,854,181,230,29
906,854,181,230,29
907,854,181,230,29
908,854,181,230,29
909,854,181,230,29
910,854,181,230,29
911,854,181,230,29
912,854,181,230,29
913,854,181,230,29
914,854,181,230,29
915,854,181,230,29
916,854,181,230,29
917,854,181,230,29
918,854,181,230,29
919,854,181,230,29
920,854,181,230,29
921,854,181,230,29
922,854,181,230,29
923,854,181,230,29
924,854,189,233,53
904,855,189,233,53
905,855,181,230,29
906,855,181,230,29
907,855,181,230,29
908,855,181,230,29
909,855,181,230,29
910,855,181,230,29
911,855,181,230,29
912,855,181,230,29
913,855,181,230,29
914,855,181,230,29
915,855,181,230,29
916,855,181,230,29
917,855,181,230,29
918,855,181,230,29
919,855,181,230,29
920,855,181,230,29
921,855,181,230,29
922,855,181,230,29
923,855,181,230,29
924,855,189,233,53
904,856,189,233,53
905,856,181,230,29
906,856,181,230,29
907,856,181,230,29
908,856,181,230,29
909,856,181,230,29
910,856,181,230,29
911,856,181,230,29
912,856,181,230,29
913,856,181,230,29
914,856,181,230,29
915,856,181,230,29
916,856,181,230,29
917,856,181,230,29
918,856,181,230,29
919,856,181,230,29
920,856,181,230,29
921,856,181,230,29
922,856,181,230,29
923,856,181,230,29
924,856,189,233,53
904,857,188,232,51
905,857,181,230,29
906,857,181,230,29
907,857,181,230,29
908,857,181,230,29
909,857,181,230,29
910,857,181,230,29
911,857,181,230,29
912,857,181,230,29
913,857,181,230,29
914,857,181,230,29
915,857,181,230,29
916,857,181,230,29
917,857,181,230,29
918,857,181,230,29
919,857,181,230,29
920,857,181,230,29
921,857,181,230,29
922,857,181,230,29
923,857,181,230,29
924,857,188,232,51
903,858,194,234,69
904,858,182,230,32
905,858,181,230,29
906,858,181,230,29
907,858,181,230,29
908,858,181,230,29
909,858,181,230,29
910,858,181,230,29
911,858,181,230,29
912,858,181,230,29
913,858,181,230,29
914,858,181,230,29
915,858,181,230,29
916,858,181,230,29
917,858,181,230,29
918,858,181,230,29
919,858,181,230,29
920,858,181,230,29
921,858,181,230,29
922,858,181,230,29
923,858,181,230,29
924,858,182,230,32
925,858,194,234,69
902,859,194,234,69
903,859,182,230,32
904,859,181,230,29
905,859,181,230,29
906,859,181,230,29
907,859,181,230,29
908,859,181,230,29
909,859,181,230,29
910,859,181,230,29
911,859,181,230,29
912,859,181,230,29
913,859,181,230,29
914,859,181,230,29
915,859,181,230,29
916,859,181,230,29
917,859,181,230,29
918,859,181,230,29
919,859,181,230,29
920,859,181,230,29
921,859,181,230,29
922,859,181,230,29
923,859,181,230,29
924,859,181,230,29
925,859,182,230,32
926,859,194,234,69
899,860,195,235,72
900,860,189,233,53
901,860,188,232,51
902,860,182,230,32
903,860,181,230,29
904,860,181,230,29
905,860,181,230,29
906,860,181,230,29
907,860,181,230,29
908,860,181,230,29
909,860,181,230,29
910,860,181,230,29
911,860,181,230,29
912,860,181,230,29
913,860,181,230,29
914,860,181,230,29
915,860,181,230,29
916,860,181,230,29
917,860,181,230,29
918,860,181,230,29
919,860,181,230,29
920,860,181,230,29
921,860,181,230,29
922,860,181,230,29
923,860,181,230,29
924,860,181,230,29
925,860,181,230,29
926,860,182,230,32
927,860,188,232,51
928,860,189,233,53
929,860,195,235,72
897,861,195,235,72
898,861,188,232,51
899,861,182,230,32
900,861,181,230,29
901,861,181,230,29
902,861,181,230,29
903,861,181,230,29
904,861,181,230,29
905,861,181,230,29
906,861,181,230,29
907,861,181,230,29
908,861,181,230,29
909,861,181,230,29
910,861,181,230,29
911,861,181,230,29
912,861,181,230,29
913,861,181,230,29
914,861,181,230,29
915,861,181,230,29
916,861,181,230,29
917,861,181,230,29
918,861,181,230,29
919,861,181,230,29
920,861,181,230,29
921,861,181,230,29
922,861,181,230,29
923,861,181,230,29
924,861,181,230,29
925,861,181,230,29
926,861,181,230,29
927,861,181,230,29
928,861,181,230,29
929,861,182,230,32
930,861,188,232,51
931,861,195,235,72
895,862,195,235,72
896,862,188,232,51
897,862,182,230,32
898,862,181,230,29
899,862,181,230,29
900,862,181,230,29
901,862,181,230,29
902,862,181,230,29
903,862,181,230,29
904,862,181,230,29
905,862,181,230,29
906,862,181,230,29
907,862,181,230,29
908,862,181,230,29
909,862,181,230,29
910,862,181,230,29
911,862,181,230,29
912,862,181,230,29
913,862,181,230,29
914,862,181,230,29
915,862,181,230,29
916,862,181,230,29
917,862,181,230,29
918,862,181,230,29
919,862,181,230,29
920,862,181,230,29
921,862,181,230,29
922,862,181,230,29
923,862,181,230,29
924,862,181,230,29
925,862,181,230,29
926,862,181,230,29
927,862,181,230,29
928,862,181,230,29
929,862,181,230,29
930,862,181,230,29
931,862,182,230,32
932,862,188,232,51
933,862,195,235,72
893,863,195,235,72
894,863,188,232,51
895,863,182,230,32
896,863,181,230,29
897,863,181,230,29
898,863,181,230,29
899,863,181,230,29
900,863,181,230,29
901,863,181,230,29
902,863,181,230,29
903,863,181,230,29
904,863,181,230,29
905,863,181,230,29
906,863,181,230,29
907,863,181,230,29
908,863,181,230,29
909,863,181,230,29
910,863,181,230,29
911,863,181,230,29
912,863,181,230,29
913,863,181,230,29
914,863,181,230,29
915,863,181,230,29
916,863,181,230,29
917,863,181,230,29
918,863,181,230,29
919,863,181,230,29
920,863,181,230,29
921,863,181,230,29
922,863,181,230,29
923,863,181,230,29
924,863,181,230,29
925,863,181,230,29
926,863,181,230,29
927,863,181,230,29
928,863,181,230,29
929,863,181,230,29
930,863,181,230,29
931,863,181,230,29
932,863,181,230,29
933,863,182,230,32
934,863,188,232,51
935,863,195,235,72
891,864,195,235,72
892,864,188,232,51
893,864,182,230,32
894,864,181,230,29
895,864,181,230,29
896,864,181,230,29
897,864,181,230,29
898,864,181,230,29
899,864,181,230,29
900,864,181,230,29
901,864,181,230,29
902,864,181,230,29
903,864,181,230,29
904,864,181,230,29
905,864,181,230,29
906,864,181,230,29
907,864,181,230,29
908,864,181,230,29
909,864,181,230,29
910,864,181,230,29
911,864,181,230,29
912,864,181,230,29
913,864,181,230,29
914,864,181,230,29
915,864,181,230,29
916,864,181,230,29
917,864,181,230,29
918,864,181,230,29
919,864,181,230,29
920,864,181,230,29
921,864,181,230,29
922,864,181,230,29
923,864,181,230,29
924,864,181,230,29
925,864,181,230,29
926,864,181,230,29
927,864,181,230,29
928,864,181,230,29
929,864,181,230,29
930,864,181,230,29
931,864,181,230,29
932,864,181,230,29
933,864,181,230,29
934,864,181,230,29
935,864,182,230,32
936,864,188,232,51
937,864,189,233,53
938,864,195,235,72
888,865,195,235,72
889,865,189,233,53
890,865,188,232,51
891,865,182,230,32
892,865,181,230,29
893,865,181,230,29
894,865,181,230,29
895,865,181,230,29
896,865,181,230,29
897,865,181,230,29
898,865,181,230,29
899,865,181,230,29
900,865,181,230,29
901,865,181,230,29
902,865,181,230,29
903,865,181,230,29
904,865,181,230,29
905,865,181,230,29
906,865,181,230,29
907,865,181,230,29
908,865,181,230,29
909,865,181,230,29
910,865,181,230,29
911,865,181,230,29
912,865,181,230,29
913,865,181,230,29
914,865,181,230,29
915,865,181,230,29
916,865,181,230,29
917,865,181,230,29
918,865,181,230,29
919,865,181,230,29
920,865,181,230,29
921,865,181,230,29
922,865,181,230,29
923,865,181,230,29
924,865,181,230,29
925,865,181,230,29
926,865,181,230,29
927,865,181,230,29
928,865,181,230,29
929,865,181,230,29
930,865,181,230,29
931,865,181,230,29
932,865,181,230,29
933,865,181,230,29
934,865,181,230,29
935,865,181,230,29
936,865,181,230,29
937,865,181,230,29
938,865,182,230,32
939,865,188,232,51
940,865,195,235,72
886,866,195,235,72
887,866,188,232,51
888,866,182,230,32
889,866,181,230,29
890,866,181,230,29
891,866,181,230,29
892,866,181,230,29
893,866,181,230,29
894,866,181,230,29
895,866,181,230,29
896,866,181,230,29
897,866,181,230,29
898,866,181,230,29
899,866,181,230,29
900,866,181,230,29
901,866,181,230,29
902,866,181,230,29
903,866,181,230,29
904,866,181,230,29
905,866,181,230,29
906,866,181,230,29
907,866,181,230,29
908,866,181,230,29
909,866,181,230,29
910,866,181,230,29
911,866,181,230,29
912,866,181,230,29
913,866,181,230,29
914,866,181,230,29
915,866,181,230,29
916,866,181,230,29
917,866,181,230,29
918,866,181,230,29
919,866,181,230,29
920,866,181,230,29
921,866,181,230,29
922,866,181,230,29
923,866,181,230,29
924,866,181,230,29
925,866,181,230,29
926,866,181,230,29
927,866,181,230,29
928,866,181,230,29
929,866,181,230,29
930,866,181,230,29
931,866,181,230,29
932,866,181,230,29
933,866,181,230,29
934,866,181,230,29
935,866,181,230,29
936,866,181,230,29
937,866,181,230,29
938,866,181,230,29
939,866,181,230,29
940,866,182,230,32
941,866,188,232,51
942,866,195,235,72
884,867,195,235,72
885,867,188,232,51
886,867,182,230,32
887,867,181,230,29
888,867,181,230,29
889,867,181,230,29
890,867,181,230,29
891,867,181,230,29
892,867,181,230,29
893,867,181,230,29
894,867,181,230,29
895,867,181,230,29
896,867,181,230,29
897,867,181,230,29
898,867,181,230,29
899,867,181,230,29
900,867,181,230,29
901,867,181,230,29
902,867,181,230,29
903,867,181,230,29
904,867,181,230,29
905,867,181,230,29
906,867,181,230,29
907,867,181,230,29
908,867,181,230,29
909,867,181,230,29
910,867,181,230,29
911,867,181,230,29
912,867,181,230,29
913,867,181,230,29
914,867,181,230,29
915,867,181,230,29
916,867,181,230,29
917,867,181,230,29
918,867,181,230,29
919,867,181,230,29
920,867,181,230,29
921,867,181,230,29
922,867,181,230,29
923,867,181,230,29
924,867,181,230,29
925,867,181,230,29
926,867,181,230,29
927,867,181,230,29
928,867,181,230,29
929,867,181,230,29
930,867,181,230,29
931,867,181,230,29
932,867,181,230,29
933,867,181,230,29
934,867,181,230,29
935,867,181,230,29
936,867,181,230,29
937,867,181,230,29
938,867,181,230,29
939,867,181,230,29
940,867,181,230,29
941,867,181,230,29
942,867,182,230,32
943,867,188,232,51
944,867,195,235,72
882,868,195,235,72
883,868,188,232,51
884,868,182,230,32
885,868,181,230,29
886,868,181,230,29
887,868,181,230,29
888,868,181,230,29
889,868,181,230,29
890,868,181,230,29
891,868,181,230,29
892,868,181,230,29
893,868,181,230,29
894,868,181,230,29
895,868,181,230,29
896,868,181,230,29
897,868,181,230,29
898,868,181,230,29
899,868,181,230,29
900,868,181,230,29
901,868,181,230,29
902,868,181,230,29
903,868,181,230,29
904,868,181,230,29
905,868,181,230,29
906,868,181,230,29
907,868,181,230,29
908,868,181,230,29
909,868,181,230,29
910,868,181,230,29
911,868,181,230,29
912,868,181,230,29
913,868,181,230,29
914,868,181,230,29
915,868,181,230,29
916,868,181,230,29
917,868,181,230,29
918,868,181,230,29
919,868,181,230,29
920,868,181,230,29
921,868,181,230,29
922,868,181,230,29
923,868,181,230,29
924,868,181,230,29
925,868,181,230,29
926,868,181,230,29
927,868,181,230,29
928,868,181,230,29
929,868,181,230,29
930,868,181,230,29
931,868,181,230,29
932,868,181,230,29
933,868,181,230,29
934,868,181,230,29
935,868,181,230,29
936,868,181,230,29
937,868,181,230,29
938,868,181,230,29
939,868,181,230,29
940,868,181,230,29
941,868,181,230,29
942,868,181,230,29
943,868,181,230,29
944,868,182,230,32
945,868,188,232,51
946,868,195,235,72
879,869,195,235,72
880,869,189,233,53
881,869,188,232,51
882,869,182,230,32
883,869,181,230,29
884,869,181,230,29
885,869,181,230,29
886,869,181,230,29
887,869,181,230,29
888,869,181,230,29
889,869,181,230,29
890,869,181,230,29
891,869,181,230,29
892,869,181,230,29
893,869,181,230,29
894,869,181,230,29
895,869,181,230,29
896,869,181,230,29
897,869,181,230,29
898,869,181,230,29
899,869,181,230,29
900,869,181,230,29
901,869,181,230,29
902,869,181,230,29
903,869,181,230,29
904,869,181,230,29
905,869,181,230,29
906,869,181,230,29
907,869,181,230,29
908,869,181,230,29
909,869,181,230,29
910,869,181,230,29
911,869,181,230,29
912,869,181,230,29
913,869,181,230,29
914,869,181,230,29
915,869,181,230,29
916,869,181,230,29
917,869,181,230,29
918,869,181,230,29
919,869,181,230,29
920,869,181,230,29
921,869,181,230,29
922,869,181,230,29
923,869,181,230,29
924,869,181,230,29
925,869,181,230,29
926,869,181,230,29
927,869,181,230,29
928,869,181,230,29
929,869,181,230,29
930,869,181,230,29
931,869,181,230,29
932,869,181,230,29
933,869,181,230,29
934,869,181,230,29
935,869,181,230,29
936,869,181,230,29
937,869,181,230,29
938,869,181,230,29
939,869,181,230,29
940,869,181,230,29
941,869,181,230,29
942,869,181,230,29
943,869,181,230,29
944,869,181,230,29
945,869,181,230,29
946,869,182,230,32
947,869,188,232,51
948,869,189,233,53
949,869,195,235,72
877,870,195,235,72
878,870,188,232,51
879,870,182,230,32
880,870,181,230,29
881,870,181,230,29
882,870,181,230,29
883,870,181,230,29
884,870,181,230,29
885,870,181,230,29
886,870,181,230,29
887,870,181,230,29
888,870,181,230,29
889,870,181,230,29
890,870,181,230,29
891,870,181,230,29
892,870,181,230,29
893,870,181,230,29
894,870,181,230,29
895,870,181,230,29
896,870,181,230,29
897,870,181,230,29
898,870,181,230,29
899,870,181,230,29
900,870,181,230,29
901,870,181,230,29
902,870,181,230,29
903,870,181,230,29
904,870,181,230,29
905,870,181,230,29
906,870,181,230,29
907,870,181,230,29
908,870,181,230,29
909,870,181,230,29
910,870,181,230,29
911,870,181,230,29
912,870,181,230,29
913,870,181,230,29
914,870,181,230,29
915,870,181,230,29
916,870,181,230,29
917,870,181,230,29
918,870,181,230,29
919,870,181,230,29
920,870,181,230,29
921,870,181,230,29
922,870,181,230,29
923,870,181,230,29
924,870,181,230,29
925,870,181,230,29
926,870,181,230,29
927,870,181,230,29
928,870,181,230,29
929,870,181,230,29
930,870,181,230,29
931,870,181,230,29
932,870,181,230,29
933,870,181,230,29
934,870,181,230,29
935,870,181,230,29
936,870,181,230,29
937,870,181,230,29
938,870,181,230,29
939,870,181,230,29
940,870,181,230,29
941,870,181,230,29
942,870,181,230,29
943,870,181,230,29
944,870,181,230,29
945,870,181,230,29
946,870,181,230,29
947,870,181,230,29
948,870,181,230,29
949,870,182,230,32
950,870,188,232,51
951,870,195,235,72
875,871,195,235,72
876,871,188,232,51
877,871,182,230,32
878,871,181,230,29
879,871,181,230,29
880,871,181,230,29
881,871,181,230,29
882,871,181,230,29
883,871,181,230,29
884,871,181,230,29
885,871,181,230,29
886,871,181,230,29
887,871,181,230,29
888,871,181,230,29
889,871,181,230,29
890,871,181,230,29
891,871,181,230,29
892,871,181,230,29
893,871,181,230,29
894,871,181,230,29
895,871,181,230,29
896,871,181,230,29
897,871,181,230,29
898,871,181,230,29
899,871,181,230,29
900,871,181,230,29
901,871,181,230,29
902,871,181,230,29
903,871,181,230,29
904,871,181,230,29
905,871,181,230,29
906,871,181,230,29
907,871,181,230,29
908,871,181,230,29
909,871,181,230,29
910,871,181,230,29
911,871,181,230,29
912,871,181,230,29
913,871,181,230,29
914,871,181,230,29
915,871,181,230,29
916,871,181,230,29
917,871,181,230,29
918,871,181,230,29
919,871,181,230,29
920,871,181,230,29
921,871,181,230,29
922,871,181,230,29
923,871,181,230,29
924,871,181,230,29
925,871,181,230,29
926,871,181,230,29
927,871,181,230,29
928,871,181,230,29
929,871,181,230,29
930,871,181,230,29
931,871,181,230,29
932,871,181,230,29
933,871,181,230,29
934,871,181,230,29
935,871,181,230,29
936,871,181,230,29
937,871,181,230,29
938,871,181,230,29
939,871,181,230,29
940,871,181,230,29
941,871,181,230,29
942,871,181,230,29
943,871,181,230,29
944,871,181,230,29
945,871,181,230,29
946,871,181,230,29
947,871,181,230,29
948,871,181,230,29
949,871,181,230,29
950,871,181,230,29
951,871,182,230,32
952,871,188,232,51
953,871,195,235,72
874,872,195,235,72
875,872,182,230,32
876,872,181,230,29
877,872,181,230,29
878,872,181,230,29
879,872,181,230,29
880,872,181,230,29
881,872,181,230,29
882,872,181,230,29
883,872,181,230,29
884,872,181,230,29
885,872,181,230,29
886,872,181,230,29
887,872,181,230,29
888,872,181,230,29
889,872,181,230,29
890,872,181,230,29
891,872,181,230,29
892,872,181,230,29
893,872,181,230,29
894,872,181,230,29
895,872,181,230,29
896,872,181,230,29
897,872,181,230,29
898,872,181,230,29
899,872,181,230,29
900,872,181,230,29
901,872,181,230,29
902,872,181,230,29
903,872,181,230,29
904,872,181,230,29
905,872,181,230,29
906,872,181,230,29
907,872,181,230,29
908,872,181,230,29
909,872,181,230,29
910,872,181,230,29
911,872,181,230,29
912,872,181,230,29
913,872,181,230,29
914,872,181,230,29
915,872,181,230,29
916,872,181,230,29
917,872,181,230,29
918,872,181,230,29
919,872,181,230,29
920,872,181,230,29
921,872,181,230,29
922,872,181,230,29
923,872,181,230,29
924,872,181,230,29
925,872,181,230,29
926,872,181,230,29
927,872,181,230,29
928,872,181,230,29
929,872,181,230,29
930,872,181,230,29
931,872,181,230,29
932,872,181,230,29
933,872,181,230,29
934,872,181,230,29
935,872,181,230,29
936,872,181,230,29
937,872,181,230,29
938,872,181,230,29
939,872,181,230,29
940,872,181,230,29
941,872,181,230,29
942,872,181,230,29
943,872,181,230,29
944,872,181,230,29
945,872,181,230,29
946,872,181,230,29
947,872,181,230,29
948,872,181,230,29
949,872,181,230,29
950,872,181,230,29
951,872,181,230,29
952,872,181,230,29
953,872,182,230,32
954,872,195,235,72
874,873,189,233,53
875,873,181,230,29
876,873,181,230,29
877,873,181,230,29
878,873,181,230,29
879,873,181,230,29
880,873,181,230,29
881,873,181,230,29
882,873,181,230,29
883,873,181,230,29
884,873,181,230,29
885,873,181,230,29
886,873,181,230,29
887,873,181,230,29
888,873,181,230,29
889,873,181,230,29
890,873,181,230,29
891,873,181,230,29
892,873,181,230,29
893,873,181,230,29
894,873,181,230,29
895,873,181,230,29
896,873,181,230,29
897,873,181,230,29
898,873,181,230,29
899,873,181,230,29
900,873,181,230,29
901,873,181,230,29
902,873,181,230,29
903,873,181,230,29
904,873,181,230,29
905,873,181,230,29
906,873,181,230,29
907,873,181,230,29
908,873,181,230,29
909,873,181,230,29
910,873,181,230,29
911,873,181,230,29
912,873,181,230,29
913,873,181,230,29
914,873,181,230,29
915,873,181,230,29
916,873,181,230,29
917,873,181,230,29
918,873,181,230,29
919,873,181,230,29
920,873,181,230,29
921,873,181,230,29
922,873,181,230,29
923,873,181,230,29
924,873,181,230,29
925,873,181,230,29
926,873,181,230,29
927,873,181,230,29
928,873,181,230,29
929,873,181,230,29
930,873,181,230,29
931,873,181,230,29
932,873,181,230,29
933,873,181,230,29
934,873,181,230,29
935,873,181,230,29
936,873,181,230,29
937,873,181,230,29
938,873,181,230,29
939,873,181,230,29
940,873,181,230,29
941,873,181,230,29
942,873,181,230,29
943,873,181,230,29
944,873,181,230,29
945,873,181,230,29
946,873,181,230,29
947,873,181,230,29
948,873,181,230,29
949,873,181,230,29
950,873,181,230,29
951,873,181,230,29
952,873,181,230,29
953,873,181,230,29
954,873,189,233,53
874,874,195,235,72
875,874,182,230,32
876,874,181,230,29
877,874,181,230,29
878,874,181,230,29
879,874,181,230,29
880,874,181,230,29
881,874,181,230,29
882,874,181,230,29
883,874,181,230,29
884,874,181,230,29
885,874,181,230,29
886,874,181,230,29
887,874,181,230,29
888,874,181,230,29
889,874,181,230,29
890,874,181,230,29
891,874,181,230,29
892,874,181,230,29
893,874,181,230,29
894,874,181,230,29
895,874,181,230,29
896,874,181,230,29
897,874,181,230,29
898,874,181,230,29
899,874,181,230,29
900,874,181,230,29
901,874,181,230,29
902,874,181,230,29
903,874,181,230,29
904,874,181,230,29
905,874,181,230,29
906,874,181,230,29
907,874,181,230,29
908,874,181,230,29
909,874,181,230,29
910,874,181,230,29
911,874,181,230,29
912,874,181,230,29
913,874,181,230,29
914,874,181,230,29
915,874,181,230,29
916,874,181,230,29
917,874,181,230,29
918,874,181,230,29
919,874,181,230,29
920,874,181,230,29
921,874,181,230,29
922,874,181,230,29
923,874,181,230,29
924,874,181,230,29
925,874,181,230,29
926,874,181,230,29
927,874,181,230,29
928,874,181,230,29
929,874,181,230,29
930,874,181,230,29
931,874,181,230,29
932,874,181,230,29
933,874,181,230,29
934,874,181,230,29
935,874,181,230,29
936,874,181,230,29
937,874,181,230,29
938,874,181,230,29
939,874,181,230,29
940,874,181,230,29
941,874,181,230,29
942,874,181,230,29
943,874,181,230,29
944,874,181,230,29
945,874,181,230,29
946,874,181,230,29
947,874,181,230,29
948,874,181,230,29
949,874,181,230,29
950,874,181,230,29
951,874,181,230,29
952,874,181,230,29
953,874,182,230,32
954,874,195,235,72
875,875,195,235,72
876,875,188,232,51
877,875,182,230,32
878,875,181,230,29
879,875,181,230,29
880,875,181,230,29
881,875,181,230,29
882,875,181,230,29
883,875,181,230,29
884,875,181,230,29
885,875,181,230,29
886,875,181,230,29
887,875,181,230,29
888,875,181,230,29
889,875,181,230,29
890,875,181,230,29
891,875,181,230,29
892,875,181,230,29
893,875,181,230,29
894,875,181,230,29
895,875,181,230,29
896,875,181,230,29
897,875,181,230,29
898,875,181,230,29
899,875,181,230,29
900,875,181,230,29
901,875,181,230,29
902,875,181,230,29
903,875,181,230,29
904,875,181,230,29
905,875,181,230,29
906,875,181,230,29
907,875,181,230,29
908,875,181,230,29
909,875,181,230,29
910,875,181,230,29
911,875,181,230,29
912,875,181,230,29
913,875,181,230,29
914,875,181,230,29
915,875,181,230,29
916,875,181,230,29
917,875,181,230,29
918,875,181,230,29
919,875,181,230,29
920,875,181,230,29
921,875,181,230,29
922,875,181,230,29
923,875,181,230,29
924,875,181,230,29
925,875,181,230,29
926,875,181,230,29
927,875,181,230,29
928,875,181,230,29
929,875,181,230,29
930,875,181,230,29
931,875,181,230,29
932,875,181,230,29
933,875,181,230,29
934,875,181,230,29
935,875,181,230,29
936,875,181,230,29
937,875,181,230,29
938,875,181,230,29
939,875,181,230,29
940,875,181,230,29
941,875,181,230,29
942,875,181,230,29
943,875,181,230,29
944,875,181,230,29
945,875,181,230,29
946,875,181,230,29
947,875,181,230,29
948,875,181,230,29
949,875,181,230,29
950,875,181,230,29
951,875,182,230,32
952,875,188,232,51
953,875,195,235,72
877,876,195,235,72
878,876,188,232,51
879,876,182,230,32
880,876,181,230,29
881,876,181,230,29
882,876,181,230,29
883,876,181,230,29
884,876,181,230,29
885,876,181,230,29
886,876,181,230,29
887,876,181,230,29
888,876,181,230,29
889,876,181,230,29
890,876,181,230,29
891,876,181,230,29
892,876,181,230,29
893,876,181,230,29
894,876,181,230,29
895,876,181,230,29
896,876,181,230,29
897,876,181,230,29
898,876,181,230,29
899,876,181,230,29
900,876,181,230,29
901,876,181,230,29
902,876,181,230,29
903,876,181,230,29
904,876,181,230,29
905,876,181,230,29
906,876,181,230,29
907,876,181,230,29
908,876,181,230,29
909,876,181,230,29
910,876,181,230,29
911,876,181,230,29
912,876,181,230,29
913,876,181,230,29
914,876,181,230,29
915,876,181,230,29
916,876,181,230,29
917,876,181,230,29
918,876,181,230,29
919,876,181,230,29
920,876,181,230,29
921,876,181,230,29
922,876,181,230,29
923,876,181,230,29
924,876,181,230,29
925,876,181,230,29
926,876,181,230,29
927,876,181,230,29
928,876,181,230,29
929,876,181,230,29
930,876,181,230,29
931,876,181,230,29
932,876,181,230,29
933,876,181,230,29
934,876,181,230,29
935,876,181,230,29
936,876,181,230,29
937,876,181,230,29
938,876,181,230,29
939,876,181,230,29
940,876,181,230,29
941,876,181,230,29
942,876,181,230,29
943,876,181,230,29
944,876,181,230,29
945,876,181,230,29
946,876,181,230,29
947,876,181,230,29
948,876,181,230,29
949,876,182,230,32
950,876,188,232,51
951,876,195,235,72
879,877,195,235,72
880,877,188,232,51
881,877,182,230,32
882,877,181,230,29
883,877,181,230,29
884,877,181,230,29
885,877,181,230,29
886,877,181,230,29
887,877,181,230,29
888,877,181,230,29
889,877,181,230,29
890,877,181,230,29
891,877,181,230,29
892,877,181,230,29
893,877,181,230,29
894,877,181,230,29
895,877,181,230,29
896,877,181,230,29
897,877,181,230,29
898,877,181,230,29
899,877,181,230,29
900,877,181,230,29
901,877,181,230,29
902,877,181,230,29
903,877,181,230,29
904,877,181,230,29
905,877,181,230,29
906,877,181,230,29
907,877,181,230,29
908,877,181,230,29
909,877,181,230,29
910,877,181,230,29
911,877,181,230,29
912,877,181,230,29
913,877,181,230,29
914,877,181,230,29
915,877,181,230,29
916,877,181,230,29
917,877,181,230,29
918,877,181,230,29
919,877,181,230,29
920,877,181,230,29
921,877,181,230,29
922,877,181,230,29
923,877,181,230,29
924,877,181,230,29
925,877,181,230,29
926,877,181,230,29
927,877,181,230,29
928,877,181,230,29
929,877,181,230,29
930,877,181,230,29
931,877,181,230,29
932,877,181,230,29
933,877,181,230,29
934,877,181,230,29
935,877,181,230,29
936,877,181,230,29
937,877,181,230,29
938,877,181,230,29
939,877,181,230,29
940,877,181,230,29
941,877,181,230,29
942,877,181,230,29
943,877,181,230,29
944,877,181,230,29
945,877,181,230,29
946,877,181,230,29
947,877,182,230,32
948,877,188,232,51
949,877,195,235,72
881,878,195,235,72
882,878,189,233,53
883,878,188,232,51
884,878,182,230,32
885,878,181,230,29
886,878,181,230,29
887,878,181,230,29
888,878,181,230,29
889,878,181,230,29
890,878,181,230,29
891,878,181,230,29
892,878,181,230,29
893,878,181,230,29
894,878,181,230,29
895,878,181,230,29
896,878,181,230,29
897,878,181,230,29
898,878,181,230,29
899,878,181,230,29
900,878,181,230,29
901,878,181,230,29
902,878,181,230,29
903,878,181,230,29
904,878,181,230,29
905,878,181,230,29
906,878,181,230,29
907,878,181,230,29
908,878,181,230,29
909,878,181,230,29
910,878,181,230,29
911,878,181,230,29
912,878,181,230,29
913,878,181,230,29
914,878,181,230,29
915,878,181,230,29
916,878,181,230,29
917,878,181,230,29
918,878,181,230,29
919,878,181,230,29
920,878,181,230,29
921,878,181,230,29
922,878,181,230,29
923,878,181,230,29
924,878,181,230,29
925,878,181,230,29
926,878,181,230,29
927,878,181,230,29
928,878,181,230,29
929,878,181,230,29
930,878,181,230,29
931,878,181,230,29
932,878,181,230,29
933,878,181,230,29
934,878,181,230,29
935,878,181,230,29
936,878,181,230,29
937,878,181,230,29
938,878,181,230,29
939,878,181,230,29
940,878,181,230,29
941,878,181,230,29
942,878,181,230,29
943,878,181,230,29
944,878,182,230,32
945,878,188,232,51
946,878,189,233,53
947,878,195,235,72
884,879,195,235,72
885,879,188,232,51
886,879,182,230,32
887,879,181,230,29
888,879,181,230,29
889,879,181,230,29
890,879,181,230,29
891,879,181,230,29
892,879,181,230,29
893,879,181,230,29
894,879,181,230,29
895,879,181,230,29
896,879,181,230,29
897,879,181,230,29
898,879,181,230,29
899,879,181,230,29
900,879,181,230,29
901,879,181,230,29
902,879,181,230,29
903,879,181,230,29
904,879,181,230,29
905,879,181,230,29
906,879,181,230,29
907,879,181,230,29
908,879,181,230,29
909,879,181,230,29
910,879,181,230,29
911,879,181,230,29
912,879,181,230,29
913,879,181,230,29
914,879,181,230,29
915,879,181,230,29
916,879,181,230,29
917,879,181,230,29
918,879,181,230,29
919,879,181,230,29
920,879,181,230,29
921,879,181,230,29
922,879,181,230,29
923,879,181,230,29
924,879,181,230,29
925,879,181,230,29
926,879,181,230,29
927,879,181,230,29
928,879,181,230,29
929,879,181,230,29
930,879,181,230,29
931,879,181,230,29
932,879,181,230,29
933,879,181,230,29
934,879,181,230,29
935,879,181,230,29
936,879,181,230,29
937,879,181,230,29
938,879,181,230,29
939,879,181,230,29
940,879,181,230,29
941,879,181,230,29
942,879,182,230,32
943,879,188,232,51
944,879,195,235,72
886,880,195,235,72
887,880,188,232,51
888,880,182,230,32
889,880,181,230,29
890,880,181,230,29
891,880,181,230,29
892,880,181,230,29
893,880,181,230,29
894,880,181,230,29
895,880,181,230,29
896,880,181,230,29
897,880,181,230,29
898,880,181,230,29
899,880,181,230,29
900,880,181,230,29
901,880,181,230,29
902,880,181,230,29
903,880,181,230,29
904,880,181,230,29
905,880,181,230,29
906,880,181,230,29
907,880,181,230,29
908,880,181,230,29
909,880,181,230,29
910,880,181,230,29
911,880,181,230,29
912,880,181,230,29
913,880,181,230,29
914,880,181,230,29
915,880,181,230,29
916,880,181,230,29
917,880,181,230,29
918,880,181,230,29
919,880,181,230,29
920,880,181,230,29
921,880,181,230,29
922,880,181,230,29
923,880,181,230,29
924,880,181,230,29
925,880,181,230,29
926,880,181,230,29
927,880,181,230,29
928,880,181,230,29
929,880,181,230,29
930,880,181,230,29
931,880,181,230,29
932,880,181,230,29
933,880,181,230,29
934,880,181,230,29
935,880,181,230,29
936,880,181,230,29
937,880,181,230,29
938,880,181,230,29
939,880,181,230,29
940,880,182,230,32
941,880,188,232,51
942,880,195,235,72
888,881,195,235,72
889,881,188,232,51
890,881,182,230,32
891,881,181,230,29
892,881,181,230,29
893,881,181,230,29
894,881,181,230,29
895,881,181,230,29
896,881,181,230,29
897,881,181,230,29
898,881,181,230,29
899,881,181,230,29
900,881,181,230,29
901,881,181,230,29
902,881,181,230,29
903,881,181,230,29
904,881,181,230,29
905,881,181,230,29
906,881,181,230,29
907,881,181,230,29
908,881,181,230,29
909,881,181,230,29
910,881,181,230,29
911,881,181,230,29
912,881,181,230,29
913,881,181,230,29
914,881,181,230,29
915,881,181,230,29
916,881,181,230,29
917,881,181,230,29
918,881,181,230,29
919,881,181,230,29
920,881,181,230,29
921,881,181,230,29
922,881,181,230,29
923,881,181,230,29
924,881,181,230,29
925,881,181,230,29
926,881,181,230,29
927,881,181,230,29
928,881,181,230,29
929,881,181,230,29
930,881,181,230,29
931,881,181,230,29
932,881,181,230,29
933,881,181,230,29
934,881,181,230,29
935,881,181,230,29
936,881,181,230,29
937,881,181,230,29
938,881,182,230,32
939,881,188,232,51
940,881,195,235,72
890,882,195,235,72
891,882,189,233,53
892,882,188,232,51
893,882,182,230,32
894,882,181,230,29
895,882,181,230,29
896,882,181,230,29
897,882,181,230,29
898,882,181,230,29
899,882,181,230,29
900,882,181,230,29
901,882,181,230,29
902,882,181,230,29
903,882,181,230,29
904,882,181,230,29
905,882,181,230,29
906,882,181,230,29
907,882,181,230,29
908,882,181,230,29
909,882,181,230,29
910,882,181,230,29
911,882,181,230,29
912,882,181,230,29
913,882,181,230,29
914,882,181,230,29
915,882,181,230,29
916,882,181,230,29
917,882,181,230,29
918,882,181,230,29
919,882,181,230,29
920,882,181,230,29
921,882,181,230,29
922,882,181,230,29
923,882,181,230,29
924,882,181,230,29
925,882,181,230,29
926,882,181,230,29
927,882,181,230,29
928,882,181,230,29
929,882,181,230,29
930,882,181,230,29
931,882,181,230,29
932,882,181,230,29
933,882,181,230,29
934,882,181,230,29
935,882,182,230,32
936,882,188,232,51
937,882,189,233,53
938,882,195,235,72
893,883,195,235,72
894,883,188,232,51
895,883,182,230,32
896,883,181,230,29
897,883,181,230,29
898,883,181,230,29
899,883,181,230,29
900,883,181,230,29
901,883,181,230,29
902,883,181,230,29
903,883,181,230,29
904,883,181,230,29
905,883,181,230,29
906,883,181,230,29
907,883,181,230,29
908,883,181,230,29
909,883,181,230,29
910,883,181,230,29
911,883,181,230,29
912,883,181,230,29
913,883,181,230,29
914,883,181,230,29
915,883,181,230,29
916,883,181,230,29
917,883,181,230,29
918,883,181,230,29
919,883,181,230,29
920,883,181,230,29
921,883,181,230,29
922,883,181,230,29
923,883,181,230,29
924,883,181,230,29
925,883,181,230,29
926,883,181,230,29
927,883,181,230,29
928,883,181,230,29
929,883,181,230,29
930,883,181,230,29
931,883,181,230,29
932,883,181,230,29
933,883,182,230,32
934,883,188,232,51
935,883,195,235,72
895,884,195,235,72
896,884,188,232,51
897,884,182,230,32
898,884,181,230,29
899,884,181,230,29
900,884,181,230,29
901,884,181,230,29
902,884,181,230,29
903,884,181,230,29
904,884,181,230,29
905,884,181,230,29
906,884,181,230,29
907,884,181,230,29
908,884,181,230,29
909,884,181,230,29
910,884,181,230,29
911,884,181,230,29
912,884,181,230,29
913,884,181,230,29
914,884,181,230,29
915,884,181,230,29
916,884,181,230,29
917,884,181,230,29
918,884,181,230,29
919,884,181,230,29
920,884,181,230,29
921,884,181,230,29
922,884,181,230,29
923,884,181,230,29
924,884,181,230,29
925,884,181,230,29
926,884,181,230,29
927,884,181,230,29
928,884,181,230,29
929,884,181,230,29
930,884,181,230,29
931,884,182,230,32
932,884,188,232,51
933,884,195,235,72
897,885,195,235,72
898,885,188,232,51
899,885,182,230,32
900,885,181,230,29
901,885,181,230,29
902,885,181,230,29
903,885,181,230,29
904,885,181,230,29
905,885,181,230,29
906,885,181,230,29
907,885,181,230,29
908,885,181,230,29
909,885,181,230,29
910,885,181,230,29
911,885,181,230,29
912,885,181,230,29
913,885,181,230,29
914,885,181,230,29
915,885,181,230,29
916,885,181,230,29
917,885,181,230,29
918,885,181,230,29
919,885,181,230,29
920,885,181,230,29
921,885,181,230,29
922,885,181,230,29
923,885,181,230,29
924,885,181,230,29
925,885,181,230,29
926,885,181,230,29
927,885,181,230,29
928,885,181,230,29
929,885,182,230,32
930,885,188,232,51
931,885,195,235,72
899,886,195,235,72
900,886,189,233,53
901,886,188,232,51
902,886,182,230,32
903,886,181,230,29
904,886,181,230,29
905,886,181,230,29
906,886,181,230,29
907,886,181,230,29
908,886,181,230,29
909,886,181,230,29
910,886,181,230,29
911,886,181,230,29
912,886,181,230,29
913,886,181,230,29
914,886,181,230,29
915,886,181,230,29
916,886,181,230,29
917,886,181,230,29
918,886,181,230,29
919,886,181,230,29
920,886,181,230,29
921,886,181,230,29
922,886,181,230,29
923,886,181,230,29
924,886,181,230,29
925,886,181,230,29
926,886,182,230,32
927,886,188,232,51
928,886,189,233,53
929,886,195,235,72
902,887,194,234,69
903,887,182,230,32
904,887,181,230,29
905,887,181,230,29
906,887,181,230,29
907,887,181,230,29
908,887,181,230,29
909,887,181,230,29
910,887,181,230,29
911,887,181,230,29
912,887,181,230,29
913,887,181,230,29
914,887,181,230,29
915,887,181,230,29
916,887,181,230,29
917,887,181,230,29
918,887,181,230,29
919,887,181,230,29
920,887,181,230,29
921,887,181,230,29
922,887,181,230,29
923,887,181,230,29
924,887,181,230,29
925,887,182,230,32
926,887,194,234,69
903,888,194,234,69
904,888,182,230,32
905,888,181,230,29
906,888,181,230,29
907,888,181,230,29
908,888,181,230,29
909,888,181,230,29
910,888,181,230,29
911,888,181,230,29
912,888,181,230,29
913,888,181,230,29
914,888,181,230,29
915,888,181,230,29
916,888,181,230,29
917,888,181,230,29
918,888,181,230,29
919,888,181,230,29
920,888,181,230,29
921,888,181,230,29
922,888,181,230,29
923,888,181,230,29
924,888,182,230,32
925,888,194,234,69
904,889,188,232,51
905,889,181,230,29
906,889,181,230,29
907,889,181,230,29
908,889,181,230,29
909,889,181,230,29
910,889,181,230,29
911,889,181,230,29
912,889,181,230,29
913,889,181,230,29
914,889,181,230,29
915,889,181,230,29
916,889,181,230,29
917,889,181,230,29
918,889,181,230,29
919,889,181,230,29
920,889,181,230,29
921,889,181,230,29
922,889,181,230,29
923,889,181,230,29
924,889,188,232,51
904,890,189,233,53
905,890,181,230,29
906,890,181,230,29
907,890,181,230,29
908,890,181,230,29
909,890,181,230,29
910,890,181,230,29
911,890,181,230,29
912,890,181,230,29
913,890,181,230,29
914,890,181,230,29
915,890,181,230,29
916,890,181,230,29
917,890,181,230,29
918,890,181,230,29
919,890,181,230,29
920,890,181,230,29
921,890,181,230,29
922,890,181,230,29
923,890,181,230,29
924,890,189,233,53
904,891,189,233,53
905,891,181,230,29
906,891,181,230,29
907,891,181,230,29
908,891,181,230,29
909,891,181,230,29
910,891,181,230,29
911,891,181,230,29
912,891,181,230,29
913,891,181,230,29
914,891,181,230,29
915,891,181,230,29
916,891,181,230,29
917,891,181,230,29
918,891,181,230,29
919,891,181,230,29
920,891,181,230,29
921,891,181,230,29
922,891,181,230,29
923,891,181,230,29
924,891,189,233,53
904,892,189,233,53
905,892,181,230,29
906,892,181,230,29
907,892,181,230,29
908,892,181,230,29
909,892,181,230,29
910,892,181,230,29
911,892,181,230,29
912,892,181,230,29
913,892,181,230,29
914,892,181,230,29
915,892,181,230,29
916,892,181,230,29
917,892,181,230,29
918,892,181,230,29
919,892,181,230,29
920,892,181,230,29
921,892,181,230,29
922,892,181,230,29
923,892,181,230,29
924,892,189,233,53
904,893,195,235,72
905,893,182,230,32
906,893,181,230,29
907,893,181,230,29
908,893,181,230,29
909,893,181,230,29
910,893,181,230,29
911,893,181,230,29
912,893,181,230,29
913,893,181,230,29
914,893,181,230,29
915,893,181,230,29
916,893,181,230,29
917,893,181,230,29
918,893,181,230,29
919,893,181,230,29
920,893,181,230,29
921,893,181,230,29
922,893,181,230,29
923,893,182,230,32
924,893,195,235,72
905,894,188,232,51
906,894,181,230,29
907,894,181,230,29
908,894,181,230,29
909,894,181,230,29
910,894,181,230,29
911,894,181,230,29
912,894,181,230,29
913,894,181,230,29
914,894,181,230,29
915,894,181,230,29
916,894,181,230,29
917,894,181,230,29
918,894,181,230,29
919,894,181,230,29
920,894,181,230,29
921,894,181,230,29
922,894,181,230,29
923,894,188,232,51
905,895,189,233,53
906,895,181,230,29
907,895,181,230,29
908,895,181,230,29
909,895,181,230,29
910,895,181,230,29
911,895,181,230,29
912,895,181,230,29
913,895,181,230,29
914,895,181,230,29
915,895,181,230,29
916,895,181,230,29
917,895,181,230,29
918,895,181,230,29
919,895,181,230,29
920,895,181,230,29
921,895,181,230,29
922,895,181,230,29
923,895,189,233,53
905,896,189,233,53
906,896,181,230,29
907,896,181,230,29
908,896,181,230,29
909,896,181,230,29
910,896,181,230,29
911,896,181,230,29
912,896,181,230,29
913,896,181,230,29
914,896,181,230,29
915,896,181,230,29
916,896,181,230,29
917,896,181,230,29
918,896,181,230,29
919,896,181,230,29
920,896,181,230,29
921,896,181,230,29
922,896,181,230,29
923,896,189,233,53
905,897,189,233,53
906,897,181,230,29
907,897,181,230,29
908,897,181,230,29
909,897,181,230,29
910,897,181,230,29
911,897,181,230,29
912,897,181,230,29
913,897,181,230,29
914,897,181,230,29
915,897,181,230,29
916,897,181,230,29
917,897,181,230,29
918,897,181,230,29
919,897,181,230,29
920,897,181,230,29
921,897,181,230,29
922,897,181,230,29
923,897,189,233,53
905,898,195,235,72
906,898,182,230,32
907,898,181,230,29
908,898,181,230,29
909,898,181,230,29
910,898,181,230,29
911,898,181,230,29
912,898,181,230,29
913,898,181,230,29
914,898,181,230,29
915,898,181,230,29
916,898,181,230,29
917,898,181,230,29
918,898,181,230,29
919,898,181,230,29
920,898,181,230,29
921,898,181,230,29
922,898,182,230,32
923,898,195,235,72
906,899,188,232,51
907,899,181,230,29
908,899,181,230,29
909,899,181,230,29
910,899,181,230,29
911,899,181,230,29
912,899,181,230,29
913,899,181,230,29
914,899,181,230,29
915,899,181,230,29
916,899,181,230,29
917,899,181,230,29
918,899,181,230,29
919,899,181,230,29
920,899,181,230,29
921,899,181,230,29
922,899,188,232,51
906,900,189,233,53
907,900,181,230,29
908,900,181,230,29
909,900,181,230,29
910,900,181,230,29
911,900,181,230,29
912,900,181,230,29
913,900,181,230,29
914,900,181,230,29
915,900,181,230,29
916,900,181,230,29
917,900,181,230,29
918,900,181,230,29
919,900,181,230,29
920,900,181,230,29
921,900,181,230,29
922,900,189,233,53
906,901,189,233,53
907,901,181,230,29
908,901,181,230,29
909,901,181,230,29
910,901,181,230,29
911,901,181,230,29
912,901,181,230,29
913,901,181,230,29
914,901,181,230,29
915,901,181,230,29
916,901,181,230,29
917,901,181,230,29
918,901,181,230,29
919,901,181,230,29
920,901,181,230,29
921,901,181,230,29
922,901,189,233,53
906,902,195,235,72
907,902,182,230,32
908,902,181,230,29
909,902,181,230,29
910,902,181,230,29
911,902,181,230,29
912,902,181,230,29
913,902,181,230,29
914,902,181,230,29
915,902,181,230,29
916,902,181,230,29
917,902,181,230,29
918,902,181,230,29
919,902,181,230,29
920,902,181,230,29
921,902,181,230,29
922,902,189,233,53
907,903,188,232,51
908,903,181,230,29
909,903,181,230,29
910,903,181,230,29
911,903,181,230,29
912,903,181,230,29
913,903,181,230,29
914,903,181,230,29
915,903,181,230,29
916,903,181,230,29
917,903,181,230,29
918,903,181,230,29
919,903,181,230,29
920,903,181,230,29
921,903,182,230,32
922,903,195,235,72
907,904,189,233,53
908,904,181,230,29
909,904,181,230,29
910,904,181,230,29
911,904,181,230,29
912,904,181,230,29
913,904,181,230,29
914,904,181,230,29
915,904,181,230,29
916,904,181,230,29
917,904,181,230,29
918,904,181,230,29
919,904,181,230,29
920,904,181,230,29
921,904,188,232,51
907,905,189,233,53
908,905,181,230,29
909,905,181,230,29
910,905,181,230,29
911,905,181,230,29
912,905,181,230,29
913,905,181,230,29
914,905,181,230,29
915,905,181,230,29
916,905,181,230,29
917,905,181,230,29
918,905,181,230,29
919,905,181,230,29
920,905,181,230,29
921,905,189,233,53
907,906,189,233,53
908,906,181,230,29
909,906,181,230,29
910,906,181,230,29
911,906,181,230,29
912,906,181,230,29
913,906,181,230,29
914,906,181,230,29
915,906,181,230,29
916,906,181,230,29
917,906,181,230,29
918,906,181,230,29
919,906,181,230,29
920,906,181,230,29
921,906,189,233,53
907,907,195,235,72
908,907,182,230,32
909,907,181,230,29
910,907,181,230,29
911,907,181,230,29
912,907,181,230,29
913,907,181,230,29
914,907,181,230,29
915,907,181,230,29
916,907,181,230,29
917,907,181,230,29
918,907,181,230,29
919,907,181,230,29
920,907,181,230,29
921,907,189,233,53
908,908,188,232,51
909,908,181,230,29
910,908,181,230,29
911,908,181,230,29
912,908,181,230,29
913,908,181,230,29
914,908,181,230,29
915,908,181,230,29
916,908,181,230,29
917,908,181,230,29
918,908,181,230,29
919,908,181,230,29
920,908,182,230,32
921,908,195,235,72
908,909,189,233,53
909,909,181,230,29
910,909,181,230,29
911,909,181,230,29
912,909,181,230,29
913,909,181,230,29
914,909,181,230,29
915,909,181,230,29
916,909,181,230,29
917,909,181,230,29
918,909,181,230,29
919,909,181,230,29
920,909,188,232,51
908,910,189,233,53
909,910,181,230,29
910,910,181,230,29
911,910,181,230,29
912,910,181,230,29
913,910,181,230,29
914,910,181,230,29
915,910,181,230,29
916,910,181,230,29
917,910,181,230,29
918,910,181,230,29
919,910,181,230,29
920,910,189,233,53
908,911,189,233,53
909,911,181,230,29
910,911,181,230,29
911,911,181,230,29
912,911,181,230,29
913,911,181,230,29
914,911,181,230,29
915,911,181,230,29
916,911,181,230,29
917,911,181,230,29
918,911,181,230,29
919,911,181,230,29
920,911,189,233,53
908,912,195,235,72
909,912,182,230,32
910,912,181,230,29
911,912,181,230,29
912,912,181,230,29
913,912,181,230,29
914,912,181,230,29
915,912,181,230,29
916,912,181,230,29
917,912,181,230,29
918,912,181,230,29
919,912,182,230,32
920,912,195,235,72
909,913,188,232,51
910,913,181,230,29
911,913,181,230,29
912,913,181,230,29
913,913,181,230,29
914,913,181,230,29
915,913,181,230,29
916,913,181,230,29
917,913,181,230,29
918,913,181,230,29
919,913,188,232,51
909,914,189,233,53
910,914,181,230,29
911,914,181,230,29
912,914,181,230,29
913,914,181,230,29
914,914,181,230,29
915,914,181,230,29
916,914,181,230,29
917,914,181,230,29
918,914,181,230,29
919,914,189,233,53
909,915,189,233,53
910,915,181,230,29
911,915,181,230,29
912,915,181,230,29
913,915,181,230,29
914,915,181,230,29
915,915,181,230,29
916,915,181,230,29
917,915,181,230,29
918,915,181,230,29
919,915,189,233,53
909,916,189,233,53
910,916,181,230,29
911,916,181,230,29
912,916,181,230,29
913,916,181,230,29
914,916,181,230,29
915,916,181,230,29
916,916,181,230,29
917,916,181,230,29
918,916,181,230,29
919,916,189,233,53
909,917,195,235,72
910,917,182,230,32
911,917,181,230,29
912,917,181,230,29
913,917,181,230,29
914,917,181,230,29
915,917,181,230,29
916,917,181,230,29
917,917,181,230,29
918,917,182,230,32
919,917,195,235,72
910,918,188,232,51
911,918,181,230,29
912,918,181,230,29
913,918,181,230,29
914,918,181,230,29
915,918,181,230,29
916,918,181,230,29
917,918,181,230,29
918,918,188,232,51
910,919,189,233,53
911,919,181,230,29
912,919,181,230,29
913,919,181,230,29
914,919,181,230,29
915,919,181,230,29
916,919,181,230,29
917,919,181,230,29
918,919,189,233,53
910,920,189,233,53
911,920,181,230,29
912,920,181,230,29
913,920,181,230,29
914,920,181,230,29
915,920,181,230,29
916,920,181,230,29
917,920,181,230,29
918,920,189,233,53
910,921,189,233,53
911,921,181,230,29
912,921,181,230,29
913,921,181,230,29
914,921,181,230,29
915,921,181,230,29
916,921,181,230,29
917,921,181,230,29
918,921,189,233,53
910,922,195,235,72
911,922,182,230,32
912,922,181,230,29
913,922,181,230,29
914,922,181,230,29
915,922,181,230,29
916,922,181,230,29
917,922,182,230,32
918,922,195,235,72
911,923,188,232,51
912,923,181,230,29
913,923,181,230,29
914,923,181,230,29
915,923,181,230,29
916,923,181,230,29
917,923,188,232,51
911,924,189,233,53
912,924,181,230,29
913,924,181,230,29
914,924,181,230,29
915,924,181,230,29
916,924,181,230,29
917,924,189,233,53
911,925,189,233,53
912,925,181,230,29
913,925,181,230,29
914,925,181,230,29
915,925,181,230,29
916,925,181,230,29
917,925,189,233,53
911,926,195,235,72
912,926,182,230,32
913,926,181,230,29
914,926,181,230,29
915,926,181,230,29
916,926,181,230,29
917,926,189,233,53
912,927,188,232,51
913,927,181,230,29
914,927,181,230,29
915,927,181,230,29
916,927,182,230,32
917,927,195,235,72
912,928,189,233,53
913,928,181,230,29
914,928,181,230,29
915,928,181,230,29
916,928,188,232,51
912,929,189,233,53
913,929,181,230,29
914,929,181,230,29
915,929,181,230,29
916,929,189,233,53
912,930,195,235,72
913,930,182,230,32
914,930,181,230,29
915,930,182,230,32
916,930,195,235,72
913,931,195,235,72
914,931,189,233,53
915,931,195,235,72
