582,548,195,235,72
583,548,189,233,53
584,548,189,233,53
585,548,189,233,53
586,548,189,233,53
587,548,189,233,53
588,548,189,233,53
589,548,189,233,53
590,548,189,233,53
591,548,189,233,53
592,548,189,233,53
593,548,189,233,53
594,548,189,233,53
595,548,189,233,53
596,548,189,233,53
597,548,189,233,53
598,548,189,233,53
599,548,189,233,53
600,548,189,233,53
601,548,189,233,53
602,548,189,233,53
603,548,189,233,53
604,548,189,233,53
605,548,189,233,53
606,548,189,233,53
607,548,189,233,53
608,548,189,233,53
609,548,189,233,53
610,548,189,233,53
611,548,189,233,53
612,548,189,233,53
613,548,189,233,53
614,548,189,233,53
615,548,189,233,53
616,548,189,233,53
617,548,189,233,53
618,548,189,233,53
619,548,189,233,53
620,548,189,233,53
621,548,189,233,53
622,548,189,233,53
623,548,189,233,53
624,548,189,233,53
625,548,189,233,53
626,548,195,235,72
581,549,195,235,72
582,549,182,230,32
583,549,181,230,29
584,549,181,230,29
585,549,181,230,29
586,549,181,230,29
587,549,181,230,29
588,549,181,230,29
589,549,181,230,29
590,549,181,230,29
591,549,181,230,29
592,549,181,230,29
593,549,181,230,29
594,549,181,230,29
595,549,181,230,29
596,549,181,230,29
597,549,181,230,29
598,549,181,230,29
599,549,181,230,29
600,549,181,230,29
601,549,181,230,29
602,549,181,230,29
603,549,181,230,29
604,549,181,230,29
605,549,181,230,29
606,549,181,230,29
607,549,181,230,29
608,549,181,230,29
609,549,181,230,29
610,549,181,230,29
611,549,181,230,29
612,549,181,230,29
613,549,181,230,29
614,549,181,230,29
615,549,181,230,29
616,549,181,230,29
617,549,181,230,29
618,549,181,230,29
619,549,181,230,29
620,549,181,230,29
621,549,181,230,29
622,549,181,230,29
623,549,181,230,29
624,549,181,230,29
625,549,181,230,29
626,549,182,230,32
627,549,195,235,72
581,550,189,233,53
582,550,181,230,29
583,550,181,230,29
584,550,181,230,29
585,550,181,230,29
586,550,181,230,29
587,550,181,230,29
588,550,181,230,29
589,550,181,230,29
590,550,181,230,29
591,550,181,230,29
592,550,181,230,29
593,550,181,230,29
594,550,181,230,29
595,550,181,230,29
596,550,181,230,29
597,550,181,230,29
598,550,181,230,29
599,550,181,230,29
600,550,181,230,29
601,550,181,230,29
602,550,181,230,29
603,550,181,230,29
604,550,181,230,29
605,550,181,230,29
606,550,181,230,29
607,550,181,230,29
608,550,181,230,29
609,550,181,230,29
610,550,181,230,29
611,550,181,230,29
612,550,181,230,29
613,550,181,230,29
614,550,181,230,29
615,550,181,230,29
616,550,181,230,29
617,550,181,230,29
618,550,181,230,29
619,550,181,230,29
620,550,181,230,29
621,550,181,230,29
622,550,181,230,29
623,550,181,230,29
624,550,181,230,29
625,550,181,230,29
626,550,181,230,29
627,550,189,233,53
581,551,195,235,72
582,551,182,230,32
583,551,181,230,29
584,551,181,230,29
585,551,181,230,29
586,551,181,230,29
587,551,181,230,29
588,551,181,230,29
589,551,181,230,29
590,551,181,230,29
591,551,181,230,29
592,551,181,230,29
593,551,181,230,29
594,551,181,230,29
595,551,181,230,29
596,551,181,230,29
597,551,181,230,29
598,551,181,230,29
599,551,181,230,29
600,551,181,230,29
601,551,181,230,29
602,551,181,230,29
603,551,181,230,29
604,551,181,230,29
605,551,181,230,29
606,551,181,230,29
607,551,181,230,29
608,551,181,230,29
609,551,181,230,29
610,551,181,230,29
611,551,181,230,29
612,551,181,230,29
613,551,181,230,29
614,551,181,230,29
615,551,181,230,29
616,551,181,230,29
617,551,181,230,29
618,551,181,230,29
619,551,181,230,29
620,551,181,230,29
621,551,181,230,29
622,551,181,230,29
623,551,181,230,29
624,551,181,230,29
625,551,181,230,29
626,551,181,230,29
627,551,189,233,53
582,552,194,234,69
583,552,182,230,32
584,552,181,230,29
585,552,181,230,29
586,552,181,230,29
587,552,181,230,29
588,552,181,230,29
589,552,181,230,29
590,552,181,230,29
591,552,181,230,29
592,552,181,230,29
593,552,181,230,29
594,552,181,230,29
595,552,181,230,29
596,552,181,230,29
597,552,181,230,29
598,552,181,230,29
599,552,181,230,29
600,552,181,230,29
601,552,181,230,29
602,552,181,230,29
603,552,181,230,29
604,552,181,230,29
605,552,181,230,29
606,552,181,230,29
607,552,181,230,29
608,552,181,230,29
609,552,181,230,29
610,552,181,230,29
611,552,181,230,29
612,552,181,230,29
613,552,181,230,29
614,552,181,230,29
615,552,181,230,29
616,552,181,230,29
617,552,181,230,29
618,552,181,230,29
619,552,181,230,29
620,552,181,230,29
621,552,181,230,29
622,552,181,230,29
623,552,181,230,29
624,552,181,230,29
625,552,181,230,29
626,552,181,230,29
627,552,189,233,53
583,553,188,232,51
584,553,181,230,29
585,553,181,230,29
586,553,181,230,29
587,553,181,230,29
588,553,181,230,29
589,553,181,230,29
590,553,181,230,29
591,553,181,230,29
592,553,181,230,29
593,553,181,230,29
594,553,181,230,29
595,553,181,230,29
596,553,181,230,29
597,553,181,230,29
598,553,181,230,29
599,553,181,230,29
600,553,181,230,29
601,553,181,230,29
602,553,181,230,29
603,553,181,230,29
604,553,181,230,29
605,553,181,230,29
606,553,181,230,29
607,553,181,230,29
608,553,181,230,29
609,553,181,230,29
610,553,181,230,29
611,553,181,230,29
612,553,181,230,29
613,553,181,230,29
614,553,181,230,29
615,553,181,230,29
616,553,181,230,29
617,553,181,230,29
618,553,181,230,29
619,553,181,230,29
620,553,181,230,29
621,553,181,230,29
622,553,181,230,29
623,553,181,230,29
624,553,181,230,29
625,553,181,230,29
626,553,181,230,29
627,553,189,233,53
583,554,195,235,72
584,554,182,230,32
585,554,181,230,29
586,554,181,230,29
587,554,181,230,29
588,554,181,230,29
589,554,181,230,29
590,554,181,230,29
591,554,181,230,29
592,554,181,230,29
593,554,181,230,29
594,554,181,230,29
595,554,181,230,29
596,554,181,230,29
597,554,181,230,29
598,554,181,230,29
599,554,181,230,29
600,554,181,230,29
601,554,181,230,29
602,554,181,230,29
603,554,181,230,29
604,554,181,230,29
605,554,181,230,29
606,554,181,230,29
607,554,181,230,29
608,554,181,230,29
609,554,181,230,29
610,554,181,230,29
611,554,181,230,29
612,554,181,230,29
613,554,181,230,29
614,554,181,230,29
615,554,181,230,29
616,554,181,230,29
617,554,181,230,29
618,554,181,230,29
619,554,181,230,29
620,554,181,230,29
621,554,181,230,29
622,554,181,230,29
623,554,181,230,29
624,554,181,230,29
625,554,181,230,29
626,554,181,230,29
627,554,189,233,53
584,555,194,234,69
585,555,182,230,32
586,555,181,230,29
587,555,181,230,29
588,555,181,230,29
589,555,181,230,29
590,555,181,230,29
591,555,181,230,29
592,555,181,230,29
593,555,181,230,29
594,555,181,230,29
595,555,181,230,29
596,555,181,230,29
597,555,181,230,29
598,555,181,230,29
599,555,181,230,29
600,555,181,230,29
601,555,181,230,29
602,555,181,230,29
603,555,181,230,29
604,555,181,230,29
605,555,181,230,29
606,555,181,230,29
607,555,181,230,29
608,555,181,230,29
609,555,181,230,29
610,555,181,230,29
611,555,181,230,29
612,555,181,230,29
613,555,181,230,29
614,555,181,230,29
615,555,181,230,29
616,555,181,230,29
617,555,181,230,29
618,555,181,230,29
619,555,181,230,29
620,555,181,230,29
621,555,181,230,29
622,555,181,230,29
623,555,181,230,29
624,555,181,230,29
625,555,181,230,29
626,555,181,230,29
627,555,189,233,53
585,556,194,234,69
586,556,182,230,32
587,556,181,230,29
588,556,181,230,29
589,556,181,230,29
590,556,181,230,29
591,556,181,230,29
592,556,181,230,29
593,556,181,230,29
594,556,181,230,29
595,556,181,230,29
596,556,181,230,29
597,556,181,230,29
598,556,181,230,29
599,556,181,230,29
600,556,181,230,29
601,556,181,230,29
602,556,181,230,29
603,556,181,230,29
604,556,181,230,29
605,556,181,230,29
606,556,181,230,29
607,556,181,230,29
608,556,181,230,29
609,556,181,230,29
610,556,181,230,29
611,556,181,230,29
612,556,181,230,29
613,556,181,230,29
614,556,181,230,29
615,556,181,230,29
616,556,181,230,29
617,556,181,230,29
618,556,181,230,29
619,556,181,230,29
620,556,181,230,29
621,556,181,230,29
622,556,181,230,29
623,556,181,230,29
624,556,181,230,29
625,556,181,230,29
626,556,181,230,29
627,556,189,233,53
586,557,194,234,69
587,557,182,230,32
588,557,181,230,29
589,557,181,230,29
590,557,181,230,29
591,557,181,230,29
592,557,181,230,29
593,557,181,230,29
594,557,181,230,29
595,557,181,230,29
596,557,181,230,29
597,557,181,230,29
598,557,181,230,29
599,557,181,230,29
600,557,181,230,29
601,557,181,230,29
602,557,181,230,29
603,557,181,230,29
604,557,181,230,29
605,557,181,230,29
606,557,181,230,29
607,557,181,230,29
608,557,181,230,29
609,557,181,230,29
610,557,181,230,29
611,557,181,230,29
612,557,181,230,29
613,557,181,230,29
614,557,181,230,29
615,557,181,230,29
616,557,181,230,29
617,557,181,230,29
618,557,181,230,29
619,557,181,230,29
620,557,181,230,29
621,557,181,230,29
622,557,181,230,29
623,557,181,230,29
624,557,181,230,29
625,557,181,230,29
626,557,181,230,29
627,557,189,233,53
587,558,188,232,51
588,558,181,230,29
589,558,181,230,29
590,558,181,230,29
591,558,181,230,29
592,558,181,230,29
593,558,181,230,29
594,558,181,230,29
595,558,181,230,29
596,558,181,230,29
597,558,181,230,29
598,558,181,230,29
599,558,181,230,29
600,558,181,230,29
601,558,181,230,29
602,558,181,230,29
603,558,181,230,29
604,558,181,230,29
605,558,181,230,29
606,558,181,230,29
607,558,181,230,29
608,558,181,230,29
609,558,181,230,29
610,558,181,230,29
611,558,181,230,29
612,558,181,230,29
613,558,181,230,29
614,558,181,230,29
615,558,181,230,29
616,558,181,230,29
617,558,181,230,29
618,558,181,230,29
619,558,181,230,29
620,558,181,230,29
621,558,181,230,29
622,558,181,230,29
623,558,181,230,29
624,558,181,230,29
625,558,181,230,29
626,558,181,230,29
627,558,189,233,53
587,559,195,235,72
588,559,182,230,32
589,559,181,230,29
590,559,181,230,29
591,559,181,230,29
592,559,181,230,29
593,559,181,230,29
594,559,181,230,29
595,559,181,230,29
596,559,181,230,29
597,559,181,230,29
598,559,181,230,29
599,559,181,230,29
600,559,181,230,29
601,559,181,230,29
602,559,181,230,29
603,559,181,230,29
604,559,181,230,29
605,559,181,230,29
606,559,181,230,29
607,559,181,230,29
608,559,181,230,29
609,559,181,230,29
610,559,181,230,29
611,559,181,230,29
612,559,181,230,29
613,559,181,230,29
614,559,181,230,29
615,559,181,230,29
616,559,181,230,29
617,559,181,230,29
618,559,181,230,29
619,559,181,230,29
620,559,181,230,29
621,559,181,230,29
622,559,181,230,29
623,559,181,230,29
624,559,181,230,29
625,559,181,230,29
626,559,181,230,29
627,559,189,233,53
588,560,194,234,69
589,560,182,230,32
590,560,181,230,29
591,560,181,230,29
592,560,181,230,29
593,560,181,230,29
594,560,181,230,29
595,560,181,230,29
596,560,181,230,29
597,560,181,230,29
598,560,181,230,29
599,560,181,230,29
600,560,181,230,29
601,560,181,230,29
602,560,181,230,29
603,560,181,230,29
604,560,181,230,29
605,560,181,230,29
606,560,181,230,29
607,560,181,230,29
608,560,181,230,29
609,560,181,230,29
610,560,181,230,29
611,560,181,230,29
612,560,181,230,29
613,560,181,230,29
614,560,181,230,29
615,560,181,230,29
616,560,181,230,29
617,560,181,230,29
618,560,181,230,29
619,560,181,230,29
620,560,181,230,29
621,560,181,230,29
622,560,181,230,29
623,560,181,230,29
624,560,181,230,29
625,560,181,230,29
626,560,181,230,29
627,560,189,233,53
589,561,194,234,69
590,561,182,230,32
591,561,181,230,29
592,561,181,230,29
593,561,181,230,29
594,561,181,230,29
595,561,181,230,29
596,561,181,230,29
597,561,181,230,29
598,561,181,230,29
599,561,181,230,29
600,561,181,230,29
601,561,181,230,29
602,561,181,230,29
603,561,181,230,29
604,561,181,230,29
605,561,181,230,29
606,561,181,230,29
607,561,181,230,29
608,561,181,230,29
609,561,181,230,29
610,561,181,230,29
611,561,181,230,29
612,561,181,230,29
613,561,181,230,29
614,561,181,230,29
615,561,181,230,29
616,561,181,230,29
617,561,181,230,29
618,561,181,230,29
619,561,181,230,29
620,561,181,230,29
621,561,181,230,29
622,561,181,230,29
623,561,181,230,29
624,561,181,230,29
625,561,181,230,29
626,561,181,230,29
627,561,189,233,53
590,562,188,232,51
591,562,181,230,29
592,562,181,230,29
593,562,181,230,29
594,562,181,230,29
595,562,181,230,29
596,562,181,230,29
597,562,181,230,29
598,562,181,230,29
599,562,181,230,29
600,562,181,230,29
601,562,181,230,29
602,562,181,230,29
603,562,181,230,29
604,562,181,230,29
605,562,181,230,29
606,562,181,230,29
607,562,181,230,29
608,562,181,230,29
609,562,181,230,29
610,562,181,230,29
611,562,181,230,29
612,562,181,230,29
613,562,181,230,29
614,562,181,230,29
615,562,181,230,29
616,562,181,230,29
617,562,181,230,29
618,562,181,230,29
619,562,181,230,29
620,562,181,230,29
621,562,181,230,29
622,562,181,230,29
623,562,181,230,29
624,562,181,230,29
625,562,181,230,29
626,562,181,230,29
627,562,189,233,53
590,563,195,235,72
591,563,182,230,32
592,563,181,230,29
593,563,181,230,29
594,563,181,230,29
595,563,181,230,29
596,563,181,230,29
597,563,181,230,29
598,563,181,230,29
599,563,181,230,29
600,563,181,230,29
601,563,181,230,29
602,563,181,230,29
603,563,181,230,29
604,563,181,230,29
605,563,181,230,29
606,563,181,230,29
607,563,181,230,29
608,563,181,230,29
609,563,181,230,29
610,563,181,230,29
611,563,181,230,29
612,563,181,230,29
613,563,181,230,29
614,563,181,230,29
615,563,181,230,29
616,563,181,230,29
617,563,181,230,29
618,563,181,230,29
619,563,181,230,29
620,563,181,230,29
621,563,181,230,29
622,563,181,230,29
623,563,181,230,29
624,563,181,230,29
625,563,181,230,29
626,563,181,230,29
627,563,189,233,53
591,564,194,234,69
592,564,182,230,32
593,564,181,230,29
594,564,181,230,29
595,564,181,230,29
596,564,181,230,29
597,564,181,230,29
598,564,181,230,29
599,564,181,230,29
600,564,181,230,29
601,564,181,230,29
602,564,181,230,29
603,564,181,230,29
604,564,181,230,29
605,564,181,230,29
606,564,181,230,29
607,564,181,230,29
608,564,181,230,29
609,564,181,230,29
610,564,181,230,29
611,564,181,230,29
612,564,181,230,29
613,564,181,230,29
614,564,181,230,29
615,564,181,230,29
616,564,181,230,29
617,564,181,230,29
618,564,181,230,29
619,564,181,230,29
620,564,181,230,29
621,564,181,230,29
622,564,181,230,29
623,564,181,230,29
624,564,181,230,29
625,564,181,230,29
626,564,181,230,29
627,564,189,233,53
592,565,194,234,69
593,565,182,230,32
594,565,181,230,29
595,565,181,230,29
596,565,181,230,29
597,565,181,230,29
598,565,181,230,29
599,565,181,230,29
600,565,181,230,29
601,565,181,230,29
602,565,181,230,29
603,565,181,230,29
604,565,181,230,29
605,565,181,230,29
606,565,181,230,29
607,565,181,230,29
608,565,181,230,29
609,565,181,230,29
610,565,181,230,29
611,565,181,230,29
612,565,181,230,29
613,565,181,230,29
614,565,181,230,29
615,565,181,230,29
616,565,181,230,29
617,565,181,230,29
618,565,181,230,29
619,565,181,230,29
620,565,181,230,29
621,565,181,230,29
622,565,181,230,29
623,565,181,230,29
624,565,181,230,29
625,565,181,230,29
626,565,181,230,29
627,565,189,233,53
593,566,194,234,69
594,566,182,230,32
595,566,181,230,29
596,566,181,230,29
597,566,181,230,29
598,566,181,230,29
599,566,181,230,29
600,566,181,230,29
601,566,181,230,29
602,566,181,230,29
603,566,181,230,29
604,566,181,230,29
605,566,181,230,29
606,566,181,230,29
607,566,181,230,29
608,566,181,230,29
609,566,181,230,29
610,566,181,230,29
611,566,181,230,29
612,566,181,230,29
613,566,181,230,29
614,566,181,230,29
615,566,181,230,29
616,566,181,230,29
617,566,181,230,29
618,566,181,230,29
619,566,181,230,29
620,566,181,230,29
621,566,181,230,29
622,566,181,230,29
623,566,181,230,29
624,566,181,230,29
625,566,181,230,29
626,566,181,230,29
627,566,189,233,53
594,567,188,232,51
595,567,181,230,29
596,567,181,230,29
597,567,181,230,29
598,567,181,230,29
599,567,181,230,29
600,567,181,230,29
601,567,181,230,29
602,567,181,230,29
603,567,181,230,29
604,567,181,230,29
605,567,181,230,29
606,567,181,230,29
607,567,181,230,29
608,567,181,230,29
609,567,181,230,29
610,567,181,230,29
611,567,181,230,29
612,567,181,230,29
613,567,181,230,29
614,567,181,230,29
615,567,181,230,29
616,567,181,230,29
617,567,181,230,29
618,567,181,230,29
619,567,181,230,29
620,567,181,230,29
621,567,181,230,29
622,567,181,230,29
623,567,181,230,29
624,567,181,230,29
625,567,181,230,29
626,567,181,230,29
627,567,189,233,53
594,568,195,235,72
595,568,182,230,32
596,568,181,230,29
597,568,181,230,29
598,568,181,230,29
599,568,181,230,29
600,568,181,230,29
601,568,181,230,29
602,568,181,230,29
603,568,181,230,29
604,568,181,230,29
605,568,181,230,29
606,568,181,230,29
607,568,181,230,29
608,568,181,230,29
609,568,181,230,29
610,568,181,230,29
611,568,181,230,29
612,568,181,230,29
613,568,181,230,29
614,568,181,230,29
615,568,181,230,29
616,568,181,230,29
617,568,181,230,29
618,568,181,230,29
619,568,181,230,29
620,568,181,230,29
621,568,181,230,29
622,568,181,230,29
623,568,181,230,29
624,568,181,230,29
625,568,181,230,29
626,568,181,230,29
627,568,189,233,53
595,569,194,234,69
596,569,182,230,32
597,569,181,230,29
598,569,181,230,29
599,569,181,230,29
600,569,181,230,29
601,569,181,230,29
602,569,181,230,29
603,569,181,230,29
604,569,181,230,29
605,569,181,230,29
606,569,181,230,29
607,569,181,230,29
608,569,181,230,29
609,569,181,230,29
610,569,181,230,29
611,569,181,230,29
612,569,181,230,29
613,569,181,230,29
614,569,181,230,29
615,569,181,230,29
616,569,181,230,29
617,569,181,230,29
618,569,181,230,29
619,569,181,230,29
620,569,181,230,29
621,569,181,230,29
622,569,181,230,29
623,569,181,230,29
624,569,181,230,29
625,569,181,230,29
626,569,181,230,29
627,569,189,233,53
596,570,194,234,69
597,570,182,230,32
598,570,181,230,29
599,570,181,230,29
600,570,181,230,29
601,570,181,230,29
602,570,181,230,29
603,570,181,230,29
604,570,181,230,29
605,570,181,230,29
606,570,181,230,29
607,570,181,230,29
608,570,181,230,29
609,570,181,230,29
610,570,181,230,29
611,570,181,230,29
612,570,181,230,29
613,570,181,230,29
614,570,181,230,29
615,570,181,230,29
616,570,181,230,29
617,570,181,230,29
618,570,181,230,29
619,570,181,230,29
620,570,181,230,29
621,570,181,230,29
622,570,181,230,29
623,570,181,230,29
624,570,181,230,29
625,570,181,230,29
626,570,181,230,29
627,570,189,233,53
597,571,188,232,51
598,571,181,230,29
599,571,181,230,29
600,571,181,230,29
601,571,181,230,29
602,571,181,230,29
603,571,181,230,29
604,571,181,230,29
605,571,181,230,29
606,571,181,230,29
607,571,181,230,29
608,571,181,230,29
609,571,181,230,29
610,571,181,230,29
611,571,181,230,29
612,571,181,230,29
613,571,181,230,29
614,571,181,230,29
615,571,181,230,29
616,571,181,230,29
617,571,181,230,29
618,571,181,230,29
619,571,181,230,29
620,571,181,230,29
621,571,181,230,29
622,571,181,230,29
623,571,181,230,29
624,571,181,230,29
625,571,181,230,29
626,571,181,230,29
627,571,189,233,53
597,572,195,235,72
598,572,182,230,32
599,572,181,230,29
600,572,181,230,29
601,572,181,230,29
602,572,181,230,29
603,572,181,230,29
604,572,181,230,29
605,572,181,230,29
606,572,181,230,29
607,572,181,230,29
608,572,181,230,29
609,572,181,230,29
610,572,181,230,29
611,572,181,230,29
612,572,181,230,29
613,572,181,230,29
614,572,181,230,29
615,572,181,230,29
616,572,181,230,29
617,572,181,230,29
618,572,181,230,29
619,572,181,230,29
620,572,181,230,29
621,572,181,230,29
622,572,181,230,29
623,572,181,230,29
624,572,181,230,29
625,572,181,230,29
626,572,181,230,29
627,572,189,233,53
598,573,194,234,69
599,573,182,230,32
600,573,181,230,29
601,573,181,230,29
602,573,181,230,29
603,573,181,230,29
604,573,181,230,29
605,573,181,230,29
606,573,181,230,29
607,573,181,230,29
608,573,181,230,29
609,573,181,230,29
610,573,181,230,29
611,573,181,230,29
612,573,181,230,29
613,573,181,230,29
614,573,181,230,29
615,573,181,230,29
616,573,181,230,29
617,573,181,230,29
618,573,181,230,29
619,573,181,230,29
620,573,181,230,29
621,573,181,230,29
622,573,181,230,29
623,573,181,230,29
624,573,181,230,29
625,573,181,230,29
626,573,181,230,29
627,573,189,233,53
599,574,194,234,69
600,574,182,230,32
601,574,181,230,29
602,574,181,230,29
603,574,181,230,29
604,574,181,230,29
605,574,181,230,29
606,574,181,230,29
607,574,181,230,29
608,574,181,230,29
609,574,181,230,29
610,574,181,230,29
611,574,181,230,29
612,574,181,230,29
613,574,181,230,29
614,574,181,230,29
615,574,181,230,29
616,574,181,230,29
617,574,181,230,29
618,574,181,230,29
619,574,181,230,29
620,574,181,230,29
621,574,181,230,29
622,574,181,230,29
623,574,181,230,29
624,574,181,230,29
625,574,181,230,29
626,574,181,230,29
627,574,189,233,53
600,575,194,234,69
601,575,182,230,32
602,575,181,230,29
603,575,181,230,29
604,575,181,230,29
605,575,181,230,29
606,575,181,230,29
607,575,181,230,29
608,575,181,230,29
609,575,181,230,29
610,575,181,230,29
611,575,181,230,29
612,575,181,230,29
613,575,181,230,29
614,575,181,230,29
615,575,181,230,29
616,575,181,230,29
617,575,181,230,29
618,575,181,230,29
619,575,181,230,29
620,575,181,230,29
621,575,181,230,29
622,575,181,230,29
623,575,181,230,29
624,575,181,230,29
625,575,181,230,29
626,575,181,230,29
627,575,189,233,53
601,576,188,232,51
602,576,181,230,29
603,576,181,230,29
604,576,181,230,29
605,576,181,230,29
606,576,181,230,29
607,576,181,230,29
608,576,181,230,29
609,576,181,230,29
610,576,181,230,29
611,576,181,230,29
612,576,181,230,29
613,576,181,230,29
614,576,181,230,29
615,576,181,230,29
616,576,181,230,29
617,576,181,230,29
618,576,181,230,29
619,576,181,230,29
620,576,181,230,29
621,576,181,230,29
622,576,181,230,29
623,576,181,230,29
624,576,181,230,29
625,576,181,230,29
626,576,181,230,29
627,576,189,233,53
601,577,195,235,72
602,577,182,230,32
603,577,181,230,29
604,577,181,230,29
605,577,181,230,29
606,577,181,230,29
607,577,181,230,29
608,577,181,230,29
609,577,181,230,29
610,577,181,230,29
611,577,181,230,29
612,577,181,230,29
613,577,181,230,29
614,577,181,230,29
615,577,181,230,29
616,577,181,230,29
617,577,181,230,29
618,577,181,230,29
619,577,181,230,29
620,577,181,230,29
621,577,181,230,29
622,577,181,230,29
623,577,181,230,29
624,577,181,230,29
625,577,181,230,29
626,577,181,230,29
627,577,189,233,53
602,578,194,234,69
603,578,182,230,32
604,578,181,230,29
605,578,181,230,29
606,578,181,230,29
607,578,181,230,29
608,578,181,230,29
609,578,181,230,29
610,578,181,230,29
611,578,181,230,29
612,578,181,230,29
613,578,181,230,29
614,578,181,230,29
615,578,181,230,29
616,578,181,230,29
617,578,181,230,29
618,578,181,230,29
619,578,181,230,29
620,578,181,230,29
621,578,181,230,29
622,578,181,230,29
623,578,181,230,29
624,578,181,230,29
625,578,181,230,29
626,578,181,230,29
627,578,189,233,53
603,579,194,234,69
604,579,182,230,32
605,579,181,230,29
606,579,181,230,29
607,579,181,230,29
608,579,181,230,29
609,579,181,230,29
610,579,181,230,29
611,579,181,230,29
612,579,181,230,29
613,579,181,230,29
614,579,181,230,29
615,579,181,230,29
616,579,181,230,29
617,579,181,230,29
618,579,181,230,29
619,579,181,230,29
620,579,181,230,29
621,579,181,230,29
622,579,181,230,29
623,579,181,230,29
624,579,181,230,29
625,579,181,230,29
626,579,181,230,29
627,579,189,233,53
604,580,188,232,51
605,580,181,230,29
606,580,181,230,29
607,580,181,230,29
608,580,181,230,29
609,580,181,230,29
610,580,181,230,29
611,580,181,230,29
612,580,181,230,29
613,580,181,230,29
614,580,181,230,29
615,580,181,230,29
616,580,181,230,29
617,580,181,230,29
618,580,181,230,29
619,580,181,230,29
620,580,181,230,29
621,580,181,230,29
622,580,181,230,29
623,580,181,230,29
624,580,181,230,29
625,580,181,230,29
626,580,181,230,29
627,580,189,233,53
604,581,195,235,72
605,581,182,230,32
606,581,181,230,29
607,581,181,230,29
608,581,181,230,29
609,581,181,230,29
610,581,181,230,29
611,581,181,230,29
612,581,181,230,29
613,581,181,230,29
614,581,181,230,29
615,581,181,230,29
616,581,181,230,29
617,581,181,230,29
618,581,181,230,29
619,581,181,230,29
620,581,181,230,29
621,581,181,230,29
622,581,181,230,29
623,581,181,230,29
624,581,181,230,29
625,581,181,230,29
626,581,181,230,29
627,581,189,233,53
605,582,194,234,69
606,582,182,230,32
607,582,181,230,29
608,582,181,230,29
609,582,181,230,29
610,582,181,230,29
611,582,181,230,29
612,582,181,230,29
613,582,181,230,29
614,582,181,230,29
615,582,181,230,29
616,582,181,230,29
617,582,181,230,29
618,582,181,230,29
619,582,181,230,29
620,582,181,230,29
621,582,181,230,29
622,582,181,230,29
623,582,181,230,29
624,582,181,230,29
625,582,181,230,29
626,582,181,230,29
627,582,189,233,53
606,583,194,234,69
607,583,182,230,32
608,583,181,230,29
609,583,181,230,29
610,583,181,230,29
611,583,181,230,29
612,583,181,230,29
613,583,181,230,29
614,583,181,230,29
615,583,181,230,29
616,583,181,230,29
617,583,181,230,29
618,583,181,230,29
619,583,181,230,29
620,583,181,230,29
621,583,181,230,29
622,583,181,230,29
623,583,181,230,29
624,583,181,230,29
625,583,181,230,29
626,583,181,230,29
627,583,189,233,53
607,584,194,234,69
608,584,182,230,32
609,584,181,230,29
610,584,181,230,29
611,584,181,230,29
612,584,181,230,29
613,584,181,230,29
614,584,181,230,29
615,584,181,230,29
616,584,181,230,29
617,584,181,230,29
618,584,181,230,29
619,584,181,230,29
620,584,181,230,29
621,584,181,230,29
622,584,181,230,29
623,584,181,230,29
624,584,181,230,29
625,584,181,230,29
626,584,181,230,29
627,584,189,233,53
608,585,188,232,51
609,585,181,230,29
610,585,181,230,29
611,585,181,230,29
612,585,181,230,29
613,585,181,230,29
614,585,181,230,29
615,585,181,230,29
616,585,181,230,29
617,585,181,230,29
618,585,181,230,29
619,585,181,230,29
620,585,181,230,29
621,585,181,230,29
622,585,181,230,29
623,585,181,230,29
624,585,181,230,29
625,585,181,230,29
626,585,181,230,29
627,585,189,233,53
608,586,195,235,72
609,586,182,230,32
610,586,181,230,29
611,586,181,230,29
612,586,181,230,29
613,586,181,230,29
614,586,181,230,29
615,586,181,230,29
616,586,181,230,29
617,586,181,230,29
618,586,181,230,29
619,586,181,230,29
620,586,181,230,29
621,586,181,230,29
622,586,181,230,29
623,586,181,230,29
624,586,181,230,29
625,586,181,230,29
626,586,181,230,29
627,586,189,233,53
609,587,194,234,69
610,587,182,230,32
611,587,181,230,29
612,587,181,230,29
613,587,181,230,29
614,587,181,230,29
615,587,181,230,29
616,587,181,230,29
617,587,181,230,29
618,587,181,230,29
619,587,181,230,29
620,587,181,230,29
621,587,181,230,29
622,587,181,230,29
623,587,181,230,29
624,587,181,230,29
625,587,181,230,29
626,587,181,230,29
627,587,189,233,53
610,588,194,234,69
611,588,182,230,32
612,588,181,230,29
613,588,181,230,29
614,588,181,230,29
615,588,181,230,29
616,588,181,230,29
617,588,181,230,29
618,588,181,230,29
619,588,181,230,29
620,588,181,230,29
621,588,181,230,29
622,588,181,230,29
623,588,181,230,29
624,588,181,230,29
625,588,181,230,29
626,588,181,230,29
627,588,189,233,53
611,589,188,232,51
612,589,181,230,29
613,589,181,230,29
614,589,181,230,29
615,589,181,230,29
616,589,181,230,29
617,589,181,230,29
618,589,181,230,29
619,589,181,230,29
620,589,181,230,29
621,589,181,230,29
622,589,181,230,29
623,589,181,230,29
624,589,181,230,29
625,589,181,230,29
626,589,181,230,29
627,589,189,233,53
611,590,195,235,72
612,590,182,230,32
613,590,181,230,29
614,590,181,230,29
615,590,181,230,29
616,590,181,230,29
617,590,181,230,29
618,590,181,230,29
619,590,181,230,29
620,590,181,230,29
621,590,181,230,29
622,590,181,230,29
623,590,181,230,29
624,590,181,230,29
625,590,181,230,29
626,590,181,230,29
627,590,189,233,53
612,591,194,234,69
613,591,182,230,32
614,591,181,230,29
615,591,181,230,29
616,591,181,230,29
617,591,181,230,29
618,591,181,230,29
619,591,181,230,29
620,591,181,230,29
621,591,181,230,29
622,591,181,230,29
623,591,181,230,29
624,591,181,230,29
625,591,181,230,29
626,591,181,230,29
627,591,189,233,53
613,592,194,234,69
614,592,182,230,32
615,592,181,230,29
616,592,181,230,29
617,592,181,230,29
618,592,181,230,29
619,592,181,230,29
620,592,181,230,29
621,592,181,230,29
622,592,181,230,29
623,592,181,230,29
624,592,181,230,29
625,592,181,230,29
626,592,181,230,29
627,592,189,233,53
614,593,194,234,69
615,593,182,230,32
616,593,181,230,29
617,593,181,230,29
618,593,181,230,29
619,593,181,230,29
620,593,181,230,29
621,593,181,230,29
622,593,181,230,29
623,593,181,230,29
624,593,181,230,29
625,593,181,230,29
626,593,181,230,29
627,593,189,233,53
615,594,188,232,51
616,594,181,230,29
617,594,181,230,29
618,594,181,230,29
619,594,181,230,29
620,594,181,230,29
621,594,181,230,29
622,594,181,230,29
623,594,181,230,29
624,594,181,230,29
625,594,181,230,29
626,594,181,230,29
627,594,189,233,53
615,595,195,235,72
616,595,182,230,32
617,595,181,230,29
618,595,181,230,29
619,595,181,230,29
620,595,181,230,29
621,595,181,230,29
622,595,181,230,29
623,595,181,230,29
624,595,181,230,29
625,595,181,230,29
626,595,181,230,29
627,595,189,233,53
616,596,194,234,69
617,596,182,230,32
618,596,181,230,29
619,596,181,230,29
620,596,181,230,29
621,596,181,230,29
622,596,181,230,29
623,596,181,230,29
624,596,181,230,29
625,596,181,230,29
626,596,181,230,29
627,596,189,233,53
617,597,194,234,69
618,597,182,230,32
619,597,181,230,29
620,597,181,230,29
621,597,181,230,29
622,597,181,230,29
623,597,181,230,29
624,597,181,230,29
625,597,181,230,29
626,597,181,230,29
627,597,189,233,53
618,598,188,232,51
619,598,181,230,29
620,598,181,230,29
621,598,181,230,29
622,598,181,230,29
623,598,181,230,29
624,598,181,230,29
625,598,181,230,29
626,598,181,230,29
627,598,189,233,53
618,599,195,235,72
619,599,182,230,32
620,599,181,230,29
621,599,181,230,29
622,599,181,230,29
623,599,181,230,29
624,599,181,230,29
625,599,181,230,29
626,599,181,230,29
627,599,189,233,53
619,600,194,234,69
620,600,182,230,32
621,600,181,230,29
622,600,181,230,29
623,600,181,230,29
624,600,181,230,29
625,600,181,230,29
626,600,181,230,29
627,600,189,233,53
620,601,194,234,69
621,601,182,230,32
622,601,181,230,29
623,601,181,230,29
624,601,181,230,29
625,601,181,230,29
626,601,181,230,29
627,601,189,233,53
621,602,194,234,69
622,602,182,230,32
623,602,181,230,29
624,602,181,230,29
625,602,181,230,29
626,602,181,230,29
627,602,189,233,53
622,603,188,232,51
623,603,181,230,29
624,603,181,230,29
625,603,181,230,29
626,603,181,230,29
627,603,189,233,53
622,604,195,235,72
623,604,182,230,32
624,604,181,230,29
625,604,181,230,29
626,604,181,230,29
627,604,189,233,53
623,605,194,234,69
624,605,182,230,32
625,605,181,230,29
626,605,182,230,32
627,605,195,235,72
624,606,195,235,72
625,606,189,233,53
626,606,195,235,72
