666,893,195,235,72
667,893,189,233,53
668,893,189,233,53
669,893,189,233,53
670,893,189,233,53
671,893,189,233,53
672,893,195,235,72
662,894,195,235,72
663,894,189,233,53
664,894,189,233,53
665,894,188,232,51
666,894,182,230,32
667,894,181,230,29
668,894,181,230,29
669,894,181,230,29
670,894,181,230,29
671,894,181,230,29
672,894,182,230,32
673,894,188,232,51
674,894,189,233,53
675,894,189,233,53
676,894,189,233,53
677,894,195,235,72
660,895,195,235,72
661,895,188,232,51
662,895,182,230,32
663,895,181,230,29
664,895,181,230,29
665,895,181,230,29
666,895,181,230,29
667,895,181,230,29
668,895,181,230,29
669,895,181,230,29
670,895,181,230,29
671,895,181,230,29
672,895,181,230,29
673,895,181,230,29
674,895,181,230,29
675,895,181,230,29
676,895,181,230,29
677,895,182,230,32
678,895,188,232,51
679,895,195,235,72
659,896,194,234,69
660,896,182,230,32
661,896,181,230,29
662,896,181,230,29
663,896,181,230,29
664,896,181,230,29
665,896,181,230,29
666,896,181,230,29
667,896,181,230,29
668,896,181,230,29
669,896,181,230,29
670,896,181,230,29
671,896,181,230,29
672,896,181,230,29
673,896,181,230,29
674,896,181,230,29
675,896,181,230,29
676,896,181,230,29
677,896,181,230,29
678,896,181,230,29
679,896,182,230,32
680,896,188,232,51
681,896,189,233,53
682,896,195,235,72
657,897,195,235,72
658,897,188,232,51
659,897,182,230,32
660,897,181,230,29
661,897,181,230,29
662,897,181,230,29
663,897,181,230,29
664,897,181,230,29
665,897,181,230,29
666,897,181,230,29
667,897,181,230,29
668,897,181,230,29
669,897,181,230,29
670,897,181,230,29
671,897,181,230,29
672,897,181,230,29
673,897,181,230,29
674,897,181,230,29
675,897,181,230,29
676,897,181,230,29
677,897,181,230,29
678,897,181,230,29
679,897,181,230,29
680,897,181,230,29
681,897,181,230,29
682,897,182,230,32
683,897,188,232,51
684,897,195,235,72
656,898,194,234,69
657,898,182,230,32
658,898,181,230,29
659,898,181,230,29
660,898,181,230,29
661,898,181,230,29
662,898,181,230,29
663,898,181,230,29
664,898,181,230,29
665,898,181,230,29
666,898,181,230,29
667,898,181,230,29
668,898,181,230,29
669,898,181,230,29
670,898,181,230,29
671,898,181,230,29
672,898,181,230,29
673,898,181,230,29
674,898,181,230,29
675,898,181,230,29
676,898,181,230,29
677,898,181,230,29
678,898,181,230,29
679,898,181,230,29
680,898,181,230,29
681,898,181,230,29
682,898,181,230,29
683,898,181,230,29
684,898,182,230,32
685,898,194,234,69
655,899,194,234,69
656,899,182,230,32
657,899,181,230,29
658,899,181,230,29
659,899,181,230,29
660,899,181,230,29
661,899,181,230,29
662,899,181,230,29
663,899,181,230,29
664,899,181,230,29
665,899,181,230,29
666,899,181,230,29
667,899,181,230,29
668,899,181,230,29
669,899,181,230,29
670,899,181,230,29
671,899,181,230,29
672,899,181,230,29
673,899,181,230,29
674,899,181,230,29
675,899,181,230,29
676,899,181,230,29
677,899,181,230,29
678,899,181,230,29
679,899,181,230,29
680,899,181,230,29
681,899,181,230,29
682,899,181,230,29
683,899,181,230,29
684,899,181,230,29
685,899,182,230,32
686,899,188,232,51
687,899,195,235,72
654,900,194,234,69
655,900,182,230,32
656,900,181,230,29
657,900,181,230,29
658,900,181,230,29
659,900,181,230,29
660,900,181,230,29
661,900,181,230,29
662,900,181,230,29
663,900,181,230,29
664,900,181,230,29
665,900,181,230,29
666,900,181,230,29
667,900,181,230,29
668,900,181,230,29
669,900,181,230,29
670,900,181,230,29
671,900,181,230,29
672,900,181,230,29
673,900,181,230,29
674,900,181,230,29
675,900,181,230,29
676,900,181,230,29
677,900,181,230,29
678,900,181,230,29
679,900,181,230,29
680,900,181,230,29
681,900,181,230,29
682,900,181,230,29
683,900,181,230,29
684,900,181,230,29
685,900,181,230,29
686,900,181,230,29
687,900,182,230,32
688,900,194,234,69
653,901,195,235,72
654,901,182,230,32
655,901,181,230,29
656,901,181,230,29
657,901,181,230,29
658,901,181,230,29
659,901,181,230,29
660,901,181,230,29
661,901,181,230,29
662,901,181,230,29
663,901,181,230,29
664,901,181,230,29
665,901,181,230,29
666,901,181,230,29
667,901,181,230,29
668,901,181,230,29
669,901,181,230,29
670,901,181,230,29
671,901,181,230,29
672,901,181,230,29
673,901,181,230,29
674,901,181,230,29
675,901,181,230,29
676,901,181,230,29
677,901,181,230,29
678,901,181,230,29
679,901,181,230,29
680,901,181,230,29
681,901,181,230,29
682,901,181,230,29
683,901,181,230,29
684,901,181,230,29
685,901,181,230,29
686,901,181,230,29
687,901,181,230,29
688,901,182,230,32
689,901,188,232,51
690,901,195,235,72
653,902,188,232,51
654,902,181,230,29
655,902,181,230,29
656,902,181,230,29
657,902,181,230,29
658,902,181,230,29
659,902,181,230,29
660,902,181,230,29
661,902,181,230,29
662,902,181,230,29
663,902,181,230,29
664,902,181,230,29
665,902,181,230,29
666,902,181,230,29
667,902,181,230,29
668,902,181,230,29
669,902,181,230,29
670,902,181,230,29
671,902,181,230,29
672,902,181,230,29
673,902,181,230,29
674,902,181,230,29
675,902,181,230,29
676,902,181,230,29
677,902,181,230,29
678,902,181,230,29
679,902,181,230,29
680,902,181,230,29
681,902,181,230,29
682,902,181,230,29
683,902,181,230,29
684,902,181,230,29
685,902,181,230,29
686,902,181,230,29
687,902,181,230,29
688,902,181,230,29
689,902,181,230,29
690,902,182,230,32
691,902,194,234,69
652,903,195,235,72
653,903,182,230,32
654,903,181,230,29
655,903,181,230,29
656,903,181,230,29
657,903,181,230,29
658,903,181,230,29
659,903,181,230,29
660,903,181,230,29
661,903,181,230,29
662,903,181,230,29
663,903,181,230,29
664,903,181,230,29
665,903,181,230,29
666,903,181,230,29
667,903,181,230,29
668,903,181,230,29
669,903,181,230,29
670,903,181,230,29
671,903,181,230,29
672,903,181,230,29
673,903,181,230,29
674,903,181,230,29
675,903,181,230,29
676,903,181,230,29
677,903,181,230,29
678,903,181,230,29
679,903,181,230,29
680,903,181,230,29
681,903,181,230,29
682,903,181,230,29
683,903,181,230,29
684,903,181,230,29
685,903,181,230,29
686,903,181,230,29
687,903,181,230,29
688,903,181,230,29
689,903,181,230,29
690,903,181,230,29
691,903,182,230,32
692,903,194,234,69
652,904,189,233,53
653,904,181,230,29
654,904,181,230,29
655,904,181,230,29
656,904,181,230,29
657,904,181,230,29
658,904,181,230,29
659,904,181,230,29
660,904,181,230,29
661,904,181,230,29
662,904,181,230,29
663,904,181,230,29
664,904,181,230,29
665,904,181,230,29
666,904,181,230,29
667,904,181,230,29
668,904,181,230,29
669,904,181,230,29
670,904,181,230,29
671,904,181,230,29
672,904,181,230,29
673,904,181,230,29
674,904,181,230,29
675,904,181,230,29
676,904,181,230,29
677,904,181,230,29
678,904,181,230,29
679,904,181,230,29
680,904,181,230,29
681,904,181,230,29
682,904,181,230,29
683,904,181,230,29
684,904,181,230,29
685,904,181,230,29
686,904,181,230,29
687,904,181,230,29
688,904,181,230,29
689,904,181,230,29
690,904,181,230,29
691,904,181,230,29
692,904,182,230,32
693,904,194,234,69
652,905,188,232,51
653,905,181,230,29
654,905,181,230,29
655,905,181,230,29
656,905,181,230,29
657,905,181,230,29
658,905,181,230,29
659,905,181,230,29
660,905,181,230,29
661,905,181,230,29
662,905,181,230,29
663,905,181,230,29
664,905,181,230,29
665,905,181,230,29
666,905,181,230,29
667,905,181,230,29
668,905,181,230,29
669,905,181,230,29
670,905,181,230,29
671,905,181,230,29
672,905,181,230,29
673,905,181,230,29
674,905,181,230,29
675,905,181,230,29
676,905,181,230,29
677,905,181,230,29
678,905,181,230,29
679,905,181,230,29
680,905,181,230,29
681,905,181,230,29
682,905,181,230,29
683,905,181,230,29
684,905,181,230,29
685,905,181,230,29
686,905,181,230,29
687,905,181,230,29
688,905,181,230,29
689,905,181,230,29
690,905,181,230,29
691,905,181,230,29
692,905,181,230,29
693,905,182,230,32
694,905,194,234,69
651,906,195,235,72
652,906,182,230,32
653,906,181,230,29
654,906,181,230,29
655,906,181,230,29
656,906,181,230,29
657,906,181,230,29
658,906,181,230,29
659,906,181,230,29
660,906,181,230,29
661,906,181,230,29
662,906,181,230,29
663,906,181,230,29
664,906,181,230,29
665,906,181,230,29
666,906,181,230,29
667,906,181,230,29
668,906,181,230,29
669,906,181,230,29
670,906,181,230,29
671,906,181,230,29
672,906,181,230,29
673,906,181,230,29
674,906,181,230,29
675,906,181,230,29
676,906,181,230,29
677,906,181,230,29
678,906,181,230,29
679,906,181,230,29
680,906,181,230,29
681,906,181,230,29
682,906,181,230,29
683,906,181,230,29
684,906,181,230,29
685,906,181,230,29
686,906,181,230,29
687,906,181,230,29
688,906,181,230,29
689,906,181,230,29
690,906,181,230,29
691,906,181,230,29
692,906,181,230,29
693,906,181,230,29
694,906,182,230,32
695,906,194,234,69
651,907,189,233,53
652,907,181,230,29
653,907,181,230,29
654,907,181,230,29
655,907,181,230,29
656,907,181,230,29
657,907,181,230,29
658,907,181,230,29
659,907,181,230,29
660,907,181,230,29
661,907,181,230,29
662,907,181,230,29
663,907,181,230,29
664,907,181,230,29
665,907,181,230,29
666,907,181,230,29
667,907,181,230,29
668,907,181,230,29
669,907,181,230,29
670,907,181,230,29
671,907,181,230,29
672,907,181,230,29
673,907,181,230,29
674,907,181,230,29
675,907,181,230,29
676,907,181,230,29
677,907,181,230,29
678,907,181,230,29
679,907,181,230,29
680,907,181,230,29
681,907,181,230,29
682,907,181,230,29
683,907,181,230,29
684,907,181,230,29
685,907,181,230,29
686,907,181,230,29
687,907,181,230,29
688,907,181,230,29
689,907,181,230,29
690,907,181,230,29
691,907,181,230,29
692,907,181,230,29
693,907,181,230,29
694,907,181,230,29
695,907,182,230,32
696,907,194,234,69
651,908,189,233,53
652,908,181,230,29
653,908,181,230,29
654,908,181,230,29
655,908,181,230,29
656,908,181,230,29
657,908,181,230,29
658,908,181,230,29
659,908,181,230,29
660,908,181,230,29
661,908,181,230,29
662,908,181,230,29
663,908,181,230,29
664,908,181,230,29
665,908,181,230,29
666,908,181,230,29
667,908,181,230,29
668,908,181,230,29
669,908,181,230,29
670,908,181,230,29
671,908,181,230,29
672,908,181,230,29
673,908,181,230,29
674,908,181,230,29
675,908,181,230,29
676,908,181,230,29
677,908,181,230,29
678,908,181,230,29
679,908,181,230,29
680,908,181,230,29
681,908,181,230,29
682,908,181,230,29
683,908,181,230,29
684,908,181,230,29
685,908,181,230,29
686,908,181,230,29
687,908,181,230,29
688,908,181,230,29
689,908,181,230,29
690,908,181,230,29
691,908,181,230,29
692,908,181,230,29
693,908,181,230,29
694,908,181,230,29
695,908,181,230,29
696,908,182,230,32
697,908,194,234,69
651,909,188,232,51
652,909,181,230,29
653,909,181,230,29
654,909,181,230,29
655,909,181,230,29
656,909,181,230,29
657,909,181,230,29
658,909,181,230,29
659,909,181,230,29
660,909,181,230,29
661,909,181,230,29
662,909,181,230,29
663,909,181,230,29
664,909,181,230,29
665,909,181,230,29
666,909,181,230,29
667,909,181,230,29
668,909,181,230,29
669,909,181,230,29
670,909,181,230,29
671,909,181,230,29
672,909,181,230,29
673,909,181,230,29
674,909,181,230,29
675,909,181,230,29
676,909,181,230,29
677,909,181,230,29
678,909,181,230,29
679,909,181,230,29
680,909,181,230,29
681,909,181,230,29
682,909,181,230,29
683,909,181,230,29
684,909,181,230,29
685,909,181,230,29
686,909,181,230,29
687,909,181,230,29
688,909,181,230,29
689,909,181,230,29
690,909,181,230,29
691,909,181,230,29
692,909,181,230,29
693,909,181,230,29
694,909,181,230,29
695,909,181,230,29
696,909,181,230,29
697,909,182,230,32
698,909,194,234,69
650,910,195,235,72
651,910,182,230,32
652,910,181,230,29
653,910,181,230,29
654,910,181,230,29
655,910,181,230,29
656,910,181,230,29
657,910,181,230,29
658,910,181,230,29
659,910,181,230,29
660,910,181,230,29
661,910,181,230,29
662,910,181,230,29
663,910,181,230,29
664,910,181,230,29
665,910,181,230,29
666,910,181,230,29
667,910,181,230,29
668,910,181,230,29
669,910,181,230,29
670,910,181,230,29
671,910,181,230,29
672,910,181,230,29
673,910,181,230,29
674,910,181,230,29
675,910,181,230,29
676,910,181,230,29
677,910,181,230,29
678,910,181,230,29
679,910,181,230,29
680,910,181,230,29
681,910,181,230,29
682,910,181,230,29
683,910,181,230,29
684,910,181,230,29
685,910,181,230,29
686,910,181,230,29
687,910,181,230,29
688,910,181,230,29
689,910,181,230,29
690,910,181,230,29
691,910,181,230,29
692,910,181,230,29
693,910,181,230,29
694,910,181,230,29
695,910,181,230,29
696,910,181,230,29
697,910,181,230,29
698,910,182,230,32
699,910,194,234,69
650,911,189,233,53
651,911,181,230,29
652,911,181,230,29
653,911,181,230,29
654,911,181,230,29
655,911,181,230,29
656,911,181,230,29
657,911,181,230,29
658,911,181,230,29
659,911,181,230,29
660,911,181,230,29
661,911,181,230,29
662,911,181,230,29
663,911,181,230,29
664,911,181,230,29
665,911,181,230,29
666,911,181,230,29
667,911,181,230,29
668,911,181,230,29
669,911,181,230,29
670,911,181,230,29
671,911,181,230,29
672,911,181,230,29
673,911,181,230,29
674,911,181,230,29
675,911,181,230,29
676,911,181,230,29
677,911,181,230,29
678,911,181,230,29
679,911,181,230,29
680,911,181,230,29
681,911,181,230,29
682,911,181,230,29
683,911,181,230,29
684,911,181,230,29
685,911,181,230,29
686,911,181,230,29
687,911,181,230,29
688,911,181,230,29
689,911,181,230,29
690,911,181,230,29
691,911,181,230,29
692,911,181,230,29
693,911,181,230,29
694,911,181,230,29
695,911,181,230,29
696,911,181,230,29
697,911,181,230,29
698,911,181,230,29
699,911,182,230,32
700,911,194,234,69
650,912,189,233,53
651,912,181,230,29
652,912,181,230,29
653,912,181,230,29
654,912,181,230,29
655,912,181,230,29
656,912,181,230,29
657,912,181,230,29
658,912,181,230,29
659,912,181,230,29
660,912,181,230,29
661,912,181,230,29
662,912,181,230,29
663,912,181,230,29
664,912,181,230,29
665,912,181,230,29
666,912,181,230,29
667,912,181,230,29
668,912,181,230,29
669,912,181,230,29
670,912,181,230,29
671,912,181,230,29
672,912,181,230,29
673,912,181,230,29
674,912,181,230,29
675,912,181,230,29
676,912,181,230,29
677,912,181,230,29
678,912,181,230,29
679,912,181,230,29
680,912,181,230,29
681,912,181,230,29
682,912,181,230,29
683,912,181,230,29
684,912,181,230,29
685,912,181,230,29
686,912,181,230,29
687,912,181,230,29
688,912,181,230,29
689,912,181,230,29
690,912,181,230,29
691,912,181,230,29
692,912,181,230,29
693,912,181,230,29
694,912,181,230,29
695,912,181,230,29
696,912,181,230,29
697,912,181,230,29
698,912,181,230,29
699,912,181,230,29
700,912,182,230,32
701,912,195,235,72
650,913,189,233,53
651,913,181,230,29
652,913,181,230,29
653,913,181,230,29
654,913,181,230,29
655,913,181,230,29
656,913,181,230,29
657,913,181,230,29
658,913,181,230,29
659,913,181,230,29
660,913,181,230,29
661,913,181,230,29
662,913,181,230,29
663,913,181,230,29
664,913,181,230,29
665,913,181,230,29
666,913,181,230,29
667,913,181,230,29
668,913,181,230,29
669,913,181,230,29
670,913,181,230,29
671,913,181,230,29
672,913,181,230,29
673,913,181,230,29
674,913,181,230,29
675,913,181,230,29
676,913,181,230,29
677,913,181,230,29
678,913,181,230,29
679,913,181,230,29
680,913,181,230,29
681,913,181,230,29
682,913,181,230,29
683,913,181,230,29
684,913,181,230,29
685,913,181,230,29
686,913,181,230,29
687,913,181,230,29
688,913,181,230,29
689,913,181,230,29
690,913,181,230,29
691,913,181,230,29
692,913,181,230,29
693,913,181,230,29
694,913,181,230,29
695,913,181,230,29
696,913,181,230,29
697,913,181,230,29
698,913,181,230,29
699,913,181,230,29
700,913,181,230,29
701,913,188,232,51
650,914,195,235,72
651,914,182,230,32
652,914,181,230,29
653,914,181,230,29
654,914,181,230,29
655,914,181,230,29
656,914,181,230,29
657,914,181,230,29
658,914,181,230,29
659,914,181,230,29
660,914,181,230,29
661,914,181,230,29
662,914,181,230,29
663,914,181,230,29
664,914,181,230,29
665,914,181,230,29
666,914,181,230,29
667,914,181,230,29
668,914,181,230,29
669,914,181,230,29
670,914,181,230,29
671,914,181,230,29
672,914,181,230,29
673,914,181,230,29
674,914,181,230,29
675,914,181,230,29
676,914,181,230,29
677,914,181,230,29
678,914,181,230,29
679,914,181,230,29
680,914,181,230,29
681,914,181,230,29
682,914,181,230,29
683,914,181,230,29
684,914,181,230,29
685,914,181,230,29
686,914,181,230,29
687,914,181,230,29
688,914,181,230,29
689,914,181,230,29
690,914,181,230,29
691,914,181,230,29
692,914,181,230,29
693,914,181,230,29
694,914,181,230,29
695,914,181,230,29
696,914,181,230,29
697,914,181,230,29
698,914,181,230,29
699,914,181,230,29
700,914,181,230,29
701,914,182,230,32
702,914,194,234,69
651,915,188,232,51
652,915,181,230,29
653,915,181,230,29
654,915,181,230,29
655,915,181,230,29
656,915,181,230,29
657,915,181,230,29
658,915,181,230,29
659,915,181,230,29
660,915,181,230,29
661,915,181,230,29
662,915,181,230,29
663,915,181,230,29
664,915,181,230,29
665,915,181,230,29
666,915,181,230,29
667,915,181,230,29
668,915,181,230,29
669,915,181,230,29
670,915,181,230,29
671,915,181,230,29
672,915,181,230,29
673,915,181,230,29
674,915,181,230,29
675,915,181,230,29
676,915,181,230,29
677,915,181,230,29
678,915,181,230,29
679,915,181,230,29
680,915,181,230,29
681,915,181,230,29
682,915,181,230,29
683,915,181,230,29
684,915,181,230,29
685,915,181,230,29
686,915,181,230,29
687,915,181,230,29
688,915,181,230,29
689,915,181,230,29
690,915,181,230,29
691,915,181,230,29
692,915,181,230,29
693,915,181,230,29
694,915,181,230,29
695,915,181,230,29
696,915,181,230,29
697,915,181,230,29
698,915,181,230,29
699,915,181,230,29
700,915,181,230,29
701,915,181,230,29
702,915,182,230,32
703,915,194,234,69
651,916,189,233,53
652,916,181,230,29
653,916,181,230,29
654,916,181,230,29
655,916,181,230,29
656,916,181,230,29
657,916,181,230,29
658,916,181,230,29
659,916,181,230,29
660,916,181,230,29
661,916,181,230,29
662,916,181,230,29
663,916,181,230,29
664,916,181,230,29
665,916,181,230,29
666,916,181,230,29
667,916,181,230,29
668,916,181,230,29
669,916,181,230,29
670,916,181,230,29
671,916,181,230,29
672,916,181,230,29
673,916,181,230,29
674,916,181,230,29
675,916,181,230,29
676,916,181,230,29
677,916,181,230,29
678,916,181,230,29
679,916,181,230,29
680,916,181,230,29
681,916,181,230,29
682,916,181,230,29
683,916,181,230,29
684,916,181,230,29
685,916,181,230,29
686,916,181,230,29
687,916,181,230,29
688,916,181,230,29
689,916,181,230,29
690,916,181,230,29
691,916,181,230,29
692,916,181,230,29
693,916,181,230,29
694,916,181,230,29
695,916,181,230,29
696,916,181,230,29
697,916,181,230,29
698,916,181,230,29
699,916,181,230,29
700,916,181,230,29
701,916,181,230,29
702,916,181,230,29
703,916,182,230,32
704,916,195,235,72
651,917,189,233,53
652,917,181,230,29
653,917,181,230,29
654,917,181,230,29
655,917,181,230,29
656,917,181,230,29
657,917,181,230,29
658,917,181,230,29
659,917,181,230,29
660,917,181,230,29
661,917,181,230,29
662,917,181,230,29
663,917,181,230,29
664,917,181,230,29
665,917,181,230,29
666,917,181,230,29
667,917,181,230,29
668,917,181,230,29
669,917,181,230,29
670,917,181,230,29
671,917,181,230,29
672,917,181,230,29
673,917,181,230,29
674,917,181,230,29
675,917,181,230,29
676,917,181,230,29
677,917,181,230,29
678,917,181,230,29
679,917,181,230,29
680,917,181,230,29
681,917,181,230,29
682,917,181,230,29
683,917,181,230,29
684,917,181,230,29
685,917,181,230,29
686,917,181,230,29
687,917,181,230,29
688,917,181,230,29
689,917,181,230,29
690,917,181,230,29
691,917,181,230,29
692,917,181,230,29
693,917,181,230,29
694,917,181,230,29
695,917,181,230,29
696,917,181,230,29
697,917,181,230,29
698,917,181,230,29
699,917,181,230,29
700,917,181,230,29
701,917,181,230,29
702,917,181,230,29
703,917,181,230,29
704,917,188,232,51
651,918,195,235,72
652,918,182,230,32
653,918,181,230,29
654,918,181,230,29
655,918,181,230,29
656,918,181,230,29
657,918,181,230,29
658,918,181,230,29
659,918,181,230,29
660,918,181,230,29
661,918,181,230,29
662,918,181,230,29
663,918,181,230,29
664,918,181,230,29
665,918,181,230,29
666,918,181,230,29
667,918,181,230,29
668,918,181,230,29
669,918,181,230,29
670,918,181,230,29
671,918,181,230,29
672,918,181,230,29
673,918,181,230,29
674,918,181,230,29
675,918,181,230,29
676,918,181,230,29
677,918,181,230,29
678,918,181,230,29
679,918,181,230,29
680,918,181,230,29
681,918,181,230,29
682,918,181,230,29
683,918,181,230,29
684,918,181,230,29
685,918,181,230,29
686,918,181,230,29
687,918,181,230,29
688,918,181,230,29
689,918,181,230,29
690,918,181,230,29
691,918,181,230,29
692,918,181,230,29
693,918,181,230,29
694,918,181,230,29
695,918,181,230,29
696,918,181,230,29
697,918,181,230,29
698,918,181,230,29
699,918,181,230,29
700,918,181,230,29
701,918,181,230,29
702,918,181,230,29
703,918,181,230,29
704,918,182,230,32
705,918,195,235,72
652,919,188,232,51
653,919,181,230,29
654,919,181,230,29
655,919,181,230,29
656,919,181,230,29
657,919,181,230,29
658,919,181,230,29
659,919,181,230,29
660,919,181,230,29
661,919,181,230,29
662,919,181,230,29
663,919,181,230,29
664,919,181,230,29
665,919,181,230,29
666,919,181,230,29
667,919,181,230,29
668,919,181,230,29
669,919,181,230,29
670,919,181,230,29
671,919,181,230,29
672,919,181,230,29
673,919,181,230,29
674,919,181,230,29
675,919,181,230,29
676,919,181,230,29
677,919,181,230,29
678,919,181,230,29
679,919,181,230,29
680,919,181,230,29
681,919,181,230,29
682,919,181,230,29
683,919,181,230,29
684,919,181,230,29
685,919,181,230,29
686,919,181,230,29
687,919,181,230,29
688,919,181,230,29
689,919,181,230,29
690,919,181,230,29
691,919,181,230,29
692,919,181,230,29
693,919,181,230,29
694,919,181,230,29
695,919,181,230,29
696,919,181,230,29
697,919,181,230,29
698,919,181,230,29
699,919,181,230,29
700,919,181,230,29
701,919,181,230,29
702,919,181,230,29
703,919,181,230,29
704,919,181,230,29
705,919,188,232,51
652,920,189,233,53
653,920,181,230,29
654,920,181,230,29
655,920,181,230,29
656,920,181,230,29
657,920,181,230,29
658,920,181,230,29
659,920,181,230,29
660,920,181,230,29
661,920,181,230,29
662,920,181,230,29
663,920,181,230,29
664,920,181,230,29
665,920,181,230,29
666,920,181,230,29
667,920,181,230,29
668,920,181,230,29
669,920,181,230,29
670,920,181,230,29
671,920,181,230,29
672,920,181,230,29
673,920,181,230,29
674,920,181,230,29
675,920,181,230,29
676,920,181,230,29
677,920,181,230,29
678,920,181,230,29
679,920,181,230,29
680,920,181,230,29
681,920,181,230,29
682,920,181,230,29
683,920,181,230,29
684,920,181,230,29
685,920,181,230,29
686,920,181,230,29
687,920,181,230,29
688,920,181,230,29
689,920,181,230,29
690,920,181,230,29
691,920,181,230,29
692,920,181,230,29
693,920,181,230,29
694,920,181,230,29
695,920,181,230,29
696,920,181,230,29
697,920,181,230,29
698,920,181,230,29
699,920,181,230,29
700,920,181,230,29
701,920,181,230,29
702,920,181,230,29
703,920,181,230,29
704,920,181,230,29
705,920,182,230,32
706,920,194,234,69
652,921,195,235,72
653,921,182,230,32
654,921,181,230,29
655,921,181,230,29
656,921,181,230,29
657,921,181,230,29
658,921,181,230,29
659,921,181,230,29
660,921,181,230,29
661,921,181,230,29
662,921,181,230,29
663,921,181,230,29
664,921,181,230,29
665,921,181,230,29
666,921,181,230,29
667,921,181,230,29
668,921,181,230,29
669,921,181,230,29
670,921,181,230,29
671,921,181,230,29
672,921,181,230,29
673,921,181,230,29
674,921,181,230,29
675,921,181,230,29
676,921,181,230,29
677,921,181,230,29
678,921,181,230,29
679,921,181,230,29
680,921,181,230,29
681,921,181,230,29
682,921,181,230,29
683,921,181,230,29
684,921,181,230,29
685,921,181,230,29
686,921,181,230,29
687,921,181,230,29
688,921,181,230,29
689,921,181,230,29
690,921,181,230,29
691,921,181,230,29
692,921,181,230,29
693,921,181,230,29
694,921,181,230,29
695,921,181,230,29
696,921,181,230,29
697,921,181,230,29
698,921,181,230,29
699,921,181,230,29
700,921,181,230,29
701,921,181,230,29
702,921,181,230,29
703,921,181,230,29
704,921,181,230,29
705,921,181,230,29
706,921,182,230,32
707,921,195,235,72
653,922,188,232,51
654,922,181,230,29
655,922,181,230,29
656,922,181,230,29
657,922,181,230,29
658,922,181,230,29
659,922,181,230,29
660,922,181,230,29
661,922,181,230,29
662,922,181,230,29
663,922,181,230,29
664,922,181,230,29
665,922,181,230,29
666,922,181,230,29
667,922,181,230,29
668,922,181,230,29
669,922,181,230,29
670,922,181,230,29
671,922,181,230,29
672,922,181,230,29
673,922,181,230,29
674,922,181,230,29
675,922,181,230,29
676,922,181,230,29
677,922,181,230,29
678,922,181,230,29
679,922,181,230,29
680,922,181,230,29
681,922,181,230,29
682,922,181,230,29
683,922,181,230,29
684,922,181,230,29
685,922,181,230,29
686,922,181,230,29
687,922,181,230,29
688,922,181,230,29
689,922,181,230,29
690,922,181,230,29
691,922,181,230,29
692,922,181,230,29
693,922,181,230,29
694,922,181,230,29
695,922,181,230,29
696,922,181,230,29
697,922,181,230,29
698,922,181,230,29
699,922,181,230,29
700,922,181,230,29
701,922,181,230,29
702,922,181,230,29
703,922,181,230,29
704,922,181,230,29
705,922,181,230,29
706,922,181,230,29
707,922,188,232,51
653,923,195,235,72
654,923,182,230,32
655,923,181,230,29
656,923,181,230,29
657,923,181,230,29
658,923,181,230,29
659,923,181,230,29
660,923,181,230,29
661,923,181,230,29
662,923,181,230,29
663,923,181,230,29
664,923,181,230,29
665,923,181,230,29
666,923,181,230,29
667,923,181,230,29
668,923,181,230,29
669,923,181,230,29
670,923,181,230,29
671,923,181,230,29
672,923,181,230,29
673,923,181,230,29
674,923,181,230,29
675,923,181,230,29
676,923,181,230,29
677,923,181,230,29
678,923,181,230,29
679,923,181,230,29
680,923,181,230,29
681,923,181,230,29
682,923,181,230,29
683,923,181,230,29
684,923,181,230,29
685,923,181,230,29
686,923,181,230,29
687,923,181,230,29
688,923,181,230,29
689,923,181,230,29
690,923,181,230,29
691,923,181,230,29
692,923,181,230,29
693,923,181,230,29
694,923,181,230,29
695,923,181,230,29
696,923,181,230,29
697,923,181,230,29
698,923,181,230,29
699,923,181,230,29
700,923,181,230,29
701,923,181,230,29
702,923,181,230,29
703,923,181,230,29
704,923,181,230,29
705,923,181,230,29
706,923,181,230,29
707,923,182,230,32
708,923,195,235,72
654,924,194,234,69
655,924,182,230,32
656,924,181,230,29
657,924,181,230,29
658,924,181,230,29
659,924,181,230,29
660,924,181,230,29
661,924,181,230,29
662,924,181,230,29
663,924,181,230,29
664,924,181,230,29
665,924,181,230,29
666,924,181,230,29
667,924,181,230,29
668,924,181,230,29
669,924,181,230,29
670,924,181,230,29
671,924,181,230,29
672,924,181,230,29
673,924,181,230,29
674,924,181,230,29
675,924,181,230,29
676,924,181,230,29
677,924,181,230,29
678,924,181,230,29
679,924,181,230,29
680,924,181,230,29
681,924,181,230,29
682,924,181,230,29
683,924,181,230,29
684,924,181,230,29
685,924,181,230,29
686,924,181,230,29
687,924,181,230,29
688,924,181,230,29
689,924,181,230,29
690,924,181,230,29
691,924,181,230,29
692,924,181,230,29
693,924,181,230,29
694,924,181,230,29
695,924,181,230,29
696,924,181,230,29
697,924,181,230,29
698,924,181,230,29
699,924,181,230,29
700,924,181,230,29
701,924,181,230,29
702,924,181,230,29
703,924,181,230,29
704,924,181,230,29
705,924,181,230,29
706,924,181,230,29
707,924,181,230,29
708,924,188,232,51
655,925,188,232,51
656,925,181,230,29
657,925,181,230,29
658,925,181,230,29
659,925,181,230,29
660,925,181,230,29
661,925,181,230,29
662,925,181,230,29
663,925,181,230,29
664,925,181,230,29
665,925,181,230,29
666,925,181,230,29
667,925,181,230,29
668,925,181,230,29
669,925,181,230,29
670,925,181,230,29
671,925,181,230,29
672,925,181,230,29
673,925,181,230,29
674,925,181,230,29
675,925,181,230,29
676,925,181,230,29
677,925,181,230,29
678,925,181,230,29
679,925,181,230,29
680,925,181,230,29
681,925,181,230,29
682,925,181,230,29
683,925,181,230,29
684,925,181,230,29
685,925,181,230,29
686,925,181,230,29
687,925,181,230,29
688,925,181,230,29
689,925,181,230,29
690,925,181,230,29
691,925,181,230,29
692,925,181,230,29
693,925,181,230,29
694,925,181,230,29
695,925,181,230,29
696,925,181,230,29
697,925,181,230,29
698,925,181,230,29
699,925,181,230,29
700,925,181,230,29
701,925,181,230,29
702,925,181,230,29
703,925,181,230,29
704,925,181,230,29
705,925,181,230,29
706,925,181,230,29
707,925,181,230,29
708,925,182,230,32
709,925,195,235,72
655,926,195,235,72
656,926,182,230,32
657,926,181,230,29
658,926,181,230,29
659,926,181,230,29
660,926,181,230,29
661,926,181,230,29
662,926,181,230,29
663,926,181,230,29
664,926,181,230,29
665,926,181,230,29
666,926,181,230,29
667,926,181,230,29
668,926,181,230,29
669,926,181,230,29
670,926,181,230,29
671,926,181,230,29
672,926,181,230,29
673,926,181,230,29
674,926,181,230,29
675,926,181,230,29
676,926,181,230,29
677,926,181,230,29
678,926,181,230,29
679,926,181,230,29
680,926,181,230,29
681,926,181,230,29
682,926,181,230,29
683,926,181,230,29
684,926,181,230,29
685,926,181,230,29
686,926,181,230,29
687,926,181,230,29
688,926,181,230,29
689,926,181,230,29
690,926,181,230,29
691,926,181,230,29
692,926,181,230,29
693,926,181,230,29
694,926,181,230,29
695,926,181,230,29
696,926,181,230,29
697,926,181,230,29
698,926,181,230,29
699,926,181,230,29
700,926,181,230,29
701,926,181,230,29
702,926,181,230,29
703,926,181,230,29
704,926,181,230,29
705,926,181,230,29
706,926,181,230,29
707,926,181,230,29
708,926,181,230,29
709,926,188,232,51
656,927,194,234,69
657,927,182,230,32
658,927,181,230,29
659,927,181,230,29
660,927,181,230,29
661,927,181,230,29
662,927,181,230,29
663,927,181,230,29
664,927,181,230,29
665,927,181,230,29
666,927,181,230,29
667,927,181,230,29
668,927,181,230,29
669,927,181,230,29
670,927,181,230,29
671,927,181,230,29
672,927,181,230,29
673,927,181,230,29
674,927,181,230,29
675,927,181,230,29
676,927,181,230,29
677,927,181,230,29
678,927,181,230,29
679,927,181,230,29
680,927,181,230,29
681,927,181,230,29
682,927,181,230,29
683,927,181,230,29
684,927,181,230,29
685,927,181,230,29
686,927,181,230,29
687,927,181,230,29
688,927,181,230,29
689,927,181,230,29
690,927,181,230,29
691,927,181,230,29
692,927,181,230,29
693,927,181,230,29
694,927,181,230,29
695,927,181,230,29
696,927,181,230,29
697,927,181,230,29
698,927,181,230,29
699,927,181,230,29
700,927,181,230,29
701,927,181,230,29
702,927,181,230,29
703,927,181,230,29
704,927,181,230,29
705,927,181,230,29
706,927,181,230,29
707,927,181,230,29
708,927,181,230,29
709,927,182,230,32
710,927,195,235,72
657,928,194,234,69
658,928,182,230,32
659,928,181,230,29
660,928,181,230,29
661,928,181,230,29
662,928,181,230,29
663,928,181,230,29
664,928,181,230,29
665,928,181,230,29
666,928,181,230,29
667,928,181,230,29
668,928,181,230,29
669,928,181,230,29
670,928,181,230,29
671,928,181,230,29
672,928,181,230,29
673,928,181,230,29
674,928,181,230,29
675,928,181,230,29
676,928,181,230,29
677,928,181,230,29
678,928,181,230,29
679,928,181,230,29
680,928,181,230,29
681,928,181,230,29
682,928,181,230,29
683,928,181,230,29
684,928,181,230,29
685,928,181,230,29
686,928,181,230,29
687,928,181,230,29
688,928,181,230,29
689,928,181,230,29
690,928,181,230,29
691,928,181,230,29
692,928,181,230,29
693,928,181,230,29
694,928,181,230,29
695,928,181,230,29
696,928,181,230,29
697,928,181,230,29
698,928,181,230,29
699,928,181,230,29
700,928,181,230,29
701,928,181,230,29
702,928,181,230,29
703,928,181,230,29
704,928,181,230,29
705,928,181,230,29
706,928,181,230,29
707,928,181,230,29
708,928,181,230,29
709,928,181,230,29
710,928,188,232,51
658,929,194,234,69
659,929,182,230,32
660,929,181,230,29
661,929,181,230,29
662,929,181,230,29
663,929,181,230,29
664,929,181,230,29
665,929,181,230,29
666,929,181,230,29
667,929,181,230,29
668,929,181,230,29
669,929,181,230,29
670,929,181,230,29
671,929,181,230,29
672,929,181,230,29
673,929,181,230,29
674,929,181,230,29
675,929,181,230,29
676,929,181,230,29
677,929,181,230,29
678,929,181,230,29
679,929,181,230,29
680,929,181,230,29
681,929,181,230,29
682,929,181,230,29
683,929,181,230,29
684,929,181,230,29
685,929,181,230,29
686,929,181,230,29
687,929,181,230,29
688,929,181,230,29
689,929,181,230,29
690,929,181,230,29
691,929,181,230,29
692,929,181,230,29
693,929,181,230,29
694,929,181,230,29
695,929,181,230,29
696,929,181,230,29
697,929,181,230,29
698,929,181,230,29
699,929,181,230,29
700,929,181,230,29
701,929,181,230,29
702,929,181,230,29
703,929,181,230,29
704,929,181,230,29
705,929,181,230,29
706,929,181,230,29
707,929,181,230,29
708,929,181,230,29
709,929,181,230,29
710,929,182,230,32
711,929,195,235,72
659,930,194,234,69
660,930,182,230,32
661,930,181,230,29
662,930,181,230,29
663,930,181,230,29
664,930,181,230,29
665,930,181,230,29
666,930,181,230,29
667,930,181,230,29
668,930,181,230,29
669,930,181,230,29
670,930,181,230,29
671,930,181,230,29
672,930,181,230,29
673,930,181,230,29
674,930,181,230,29
675,930,181,230,29
676,930,181,230,29
677,930,181,230,29
678,930,181,230,29
679,930,181,230,29
680,930,181,230,29
681,930,181,230,29
682,930,181,230,29
683,930,181,230,29
684,930,181,230,29
685,930,181,230,29
686,930,181,230,29
687,930,181,230,29
688,930,181,230,29
689,930,181,230,29
690,930,181,230,29
691,930,181,230,29
692,930,181,230,29
693,930,181,230,29
694,930,181,230,29
695,930,181,230,29
696,930,181,230,29
697,930,181,230,29
698,930,181,230,29
699,930,181,230,29
700,930,181,230,29
701,930,181,230,29
702,930,181,230,29
703,930,181,230,29
704,930,181,230,29
705,930,181,230,29
706,930,181,230,29
707,930,181,230,29
708,930,181,230,29
709,930,181,230,29
710,930,181,230,29
711,930,188,232,51
660,931,195,235,72
661,931,188,232,51
662,931,182,230,32
663,931,181,230,29
664,931,181,230,29
665,931,181,230,29
666,931,181,230,29
667,931,181,230,29
668,931,181,230,29
669,931,181,230,29
670,931,181,230,29
671,931,181,230,29
672,931,181,230,29
673,931,181,230,29
674,931,181,230,29
675,931,181,230,29
676,931,181,230,29
677,931,181,230,29
678,931,181,230,29
679,931,181,230,29
680,931,181,230,29
681,931,181,230,29
682,931,181,230,29
683,931,181,230,29
684,931,181,230,29
685,931,181,230,29
686,931,181,230,29
687,931,181,230,29
688,931,181,230,29
689,931,181,230,29
690,931,181,230,29
691,931,181,230,29
692,931,181,230,29
693,931,181,230,29
694,931,181,230,29
695,931,181,230,29
696,931,181,230,29
697,931,181,230,29
698,931,181,230,29
699,931,181,230,29
700,931,181,230,29
701,931,181,230,29
702,931,181,230,29
703,931,181,230,29
704,931,181,230,29
705,931,181,230,29
706,931,181,230,29
707,931,181,230,29
708,931,181,230,29
709,931,181,230,29
710,931,181,230,29
711,931,182,230,32
712,931,195,235,72
662,932,188,232,51
663,932,181,230,29
664,932,181,230,29
665,932,181,230,29
666,932,181,230,29
667,932,181,230,29
668,932,181,230,29
669,932,181,230,29
670,932,181,230,29
671,932,181,230,29
672,932,181,230,29
673,932,181,230,29
674,932,181,230,29
675,932,181,230,29
676,932,181,230,29
677,932,181,230,29
678,932,181,230,29
679,932,181,230,29
680,932,181,230,29
681,932,181,230,29
682,932,181,230,29
683,932,181,230,29
684,932,181,230,29
685,932,181,230,29
686,932,181,230,29
687,932,181,230,29
688,932,181,230,29
689,932,181,230,29
690,932,181,230,29
691,932,181,230,29
692,932,181,230,29
693,932,181,230,29
694,932,181,230,29
695,932,181,230,29
696,932,181,230,29
697,932,181,230,29
698,932,181,230,29
699,932,181,230,29
700,932,181,230,29
701,932,181,230,29
702,932,181,230,29
703,932,181,230,29
704,932,181,230,29
705,932,181,230,29
706,932,181,230,29
707,932,181,230,29
708,932,181,230,29
709,932,181,230,29
710,932,181,230,29
711,932,181,230,29
712,932,189,233,53
662,933,188,232,51
663,933,181,230,29
664,933,181,230,29
665,933,181,230,29
666,933,181,230,29
667,933,181,230,29
668,933,181,230,29
669,933,181,230,29
670,933,181,230,29
671,933,181,230,29
672,933,181,230,29
673,933,181,230,29
674,933,181,230,29
675,933,181,230,29
676,933,181,230,29
677,933,181,230,29
678,933,181,230,29
679,933,181,230,29
680,933,181,230,29
681,933,181,230,29
682,933,181,230,29
683,933,181,230,29
684,933,181,230,29
685,933,181,230,29
686,933,181,230,29
687,933,181,230,29
688,933,181,230,29
689,933,181,230,29
690,933,181,230,29
691,933,181,230,29
692,933,181,230,29
693,933,181,230,29
694,933,181,230,29
695,933,181,230,29
696,933,181,230,29
697,933,181,230,29
698,933,181,230,29
699,933,181,230,29
700,933,181,230,29
701,933,181,230,29
702,933,181,230,29
703,933,181,230,29
704,933,181,230,29
705,933,181,230,29
706,933,181,230,29
707,933,181,230,29
708,933,181,230,29
709,933,181,230,29
710,933,181,230,29
711,933,181,230,29
712,933,189,233,53
661,934,194,234,69
662,934,182,230,32
663,934,181,230,29
664,934,181,230,29
665,934,181,230,29
666,934,181,230,29
667,934,181,230,29
668,934,181,230,29
669,934,181,230,29
670,934,181,230,29
671,934,181,230,29
672,934,181,230,29
673,934,181,230,29
674,934,181,230,29
675,934,181,230,29
676,934,181,230,29
677,934,181,230,29
678,934,181,230,29
679,934,181,230,29
680,934,181,230,29
681,934,181,230,29
682,934,181,230,29
683,934,181,230,29
684,934,181,230,29
685,934,181,230,29
686,934,181,230,29
687,934,181,230,29
688,934,181,230,29
689,934,181,230,29
690,934,181,230,29
691,934,181,230,29
692,934,181,230,29
693,934,181,230,29
694,934,181,230,29
695,934,181,230,29
696,934,181,230,29
697,934,181,230,29
698,934,181,230,29
699,934,181,230,29
700,934,181,230,29
701,934,181,230,29
702,934,181,230,29
703,934,181,230,29
704,934,181,230,29
705,934,181,230,29
706,934,181,230,29
707,934,181,230,29
708,934,181,230,29
709,934,181,230,29
710,934,181,230,29
711,934,182,230,32
712,934,195,235,72
659,935,195,235,72
660,935,188,232,51
661,935,182,230,32
662,935,181,230,29
663,935,181,230,29
664,935,181,230,29
665,935,181,230,29
666,935,181,230,29
667,935,181,230,29
668,935,181,230,29
669,935,181,230,29
670,935,181,230,29
671,935,181,230,29
672,935,181,230,29
673,935,181,230,29
674,935,181,230,29
675,935,181,230,29
676,935,181,230,29
677,935,181,230,29
678,935,181,230,29
679,935,181,230,29
680,935,181,230,29
681,935,181,230,29
682,935,181,230,29
683,935,181,230,29
684,935,181,230,29
685,935,181,230,29
686,935,181,230,29
687,935,181,230,29
688,935,181,230,29
689,935,181,230,29
690,935,181,230,29
691,935,181,230,29
692,935,181,230,29
693,935,181,230,29
694,935,181,230,29
695,935,181,230,29
696,935,181,230,29
697,935,181,230,29
698,935,181,230,29
699,935,181,230,29
700,935,181,230,29
701,935,181,230,29
702,935,181,230,29
703,935,181,230,29
704,935,181,230,29
705,935,181,230,29
706,935,181,230,29
707,935,181,230,29
708,935,181,230,29
709,935,181,230,29
710,935,181,230,29
711,935,188,232,51
658,936,194,234,69
659,936,182,230,32
660,936,181,230,29
661,936,181,230,29
662,936,181,230,29
663,936,181,230,29
664,936,181,230,29
665,936,181,230,29
666,936,181,230,29
667,936,181,230,29
668,936,181,230,29
669,936,181,230,29
670,936,181,230,29
671,936,181,230,29
672,936,181,230,29
673,936,181,230,29
674,936,181,230,29
675,936,181,230,29
676,936,181,230,29
677,936,181,230,29
678,936,181,230,29
679,936,181,230,29
680,936,181,230,29
681,936,181,230,29
682,936,181,230,29
683,936,181,230,29
684,936,181,230,29
685,936,181,230,29
686,936,181,230,29
687,936,181,230,29
688,936,181,230,29
689,936,181,230,29
690,936,181,230,29
691,936,181,230,29
692,936,181,230,29
693,936,181,230,29
694,936,181,230,29
695,936,181,230,29
696,936,181,230,29
697,936,181,230,29
698,936,181,230,29
699,936,181,230,29
700,936,181,230,29
701,936,181,230,29
702,936,181,230,29
703,936,181,230,29
704,936,181,230,29
705,936,181,230,29
706,936,181,230,29
707,936,181,230,29
708,936,181,230,29
709,936,181,230,29
710,936,182,230,32
711,936,195,235,72
657,937,194,234,69
658,937,182,230,32
659,937,181,230,29
660,937,181,230,29
661,937,181,230,29
662,937,181,230,29
663,937,181,230,29
664,937,181,230,29
665,937,181,230,29
666,937,181,230,29
667,937,181,230,29
668,937,181,230,29
669,937,181,230,29
670,937,181,230,29
671,937,181,230,29
672,937,181,230,29
673,937,181,230,29
674,937,181,230,29
675,937,181,230,29
676,937,181,230,29
677,937,181,230,29
678,937,181,230,29
679,937,181,230,29
680,937,181,230,29
681,937,181,230,29
682,937,181,230,29
683,937,181,230,29
684,937,181,230,29
685,937,181,230,29
686,937,181,230,29
687,937,181,230,29
688,937,181,230,29
689,937,181,230,29
690,937,181,230,29
691,937,181,230,29
692,937,181,230,29
693,937,181,230,29
694,937,181,230,29
695,937,181,230,29
696,937,181,230,29
697,937,181,230,29
698,937,181,230,29
699,937,181,230,29
700,937,181,230,29
701,937,181,230,29
702,937,181,230,29
703,937,181,230,29
704,937,181,230,29
705,937,181,230,29
706,937,181,230,29
707,937,181,230,29
708,937,181,230,29
709,937,181,230,29
710,937,188,232,51
656,938,194,234,69
657,938,182,230,32
658,938,181,230,29
659,938,181,230,29
660,938,181,230,29
661,938,181,230,29
662,938,181,230,29
663,938,181,230,29
664,938,181,230,29
665,938,181,230,29
666,938,181,230,29
667,938,181,230,29
668,938,181,230,29
669,938,181,230,29
670,938,181,230,29
671,938,181,230,29
672,938,181,230,29
673,938,181,230,29
674,938,181,230,29
675,938,181,230,29
676,938,181,230,29
677,938,181,230,29
678,938,181,230,29
679,938,181,230,29
680,938,181,230,29
681,938,181,230,29
682,938,181,230,29
683,938,181,230,29
684,938,181,230,29
685,938,181,230,29
686,938,181,230,29
687,938,181,230,29
688,938,181,230,29
689,938,181,230,29
690,938,181,230,29
691,938,181,230,29
692,938,181,230,29
693,938,181,230,29
694,938,181,230,29
695,938,181,230,29
696,938,181,230,29
697,938,181,230,29
698,938,181,230,29
699,938,181,230,29
700,938,181,230,29
701,938,181,230,29
702,938,181,230,29
703,938,181,230,29
704,938,181,230,29
705,938,181,230,29
706,938,181,230,29
707,938,181,230,29
708,938,181,230,29
709,938,182,230,32
710,938,195,235,72
655,939,195,235,72
656,939,182,230,32
657,939,181,230,29
658,939,181,230,29
659,939,181,230,29
660,939,181,230,29
661,939,181,230,29
662,939,181,230,29
663,939,181,230,29
664,939,181,230,29
665,939,181,230,29
666,939,181,230,29
667,939,181,230,29
668,939,181,230,29
669,939,181,230,29
670,939,181,230,29
671,939,181,230,29
672,939,181,230,29
673,939,181,230,29
674,939,181,230,29
675,939,181,230,29
676,939,181,230,29
677,939,181,230,29
678,939,181,230,29
679,939,181,230,29
680,939,181,230,29
681,939,181,230,29
682,939,181,230,29
683,939,181,230,29
684,939,181,230,29
685,939,181,230,29
686,939,181,230,29
687,939,181,230,29
688,939,181,230,29
689,939,181,230,29
690,939,181,230,29
691,939,181,230,29
692,939,181,230,29
693,939,181,230,29
694,939,181,230,29
695,939,181,230,29
696,939,181,230,29
697,939,181,230,29
698,939,181,230,29
699,939,181,230,29
700,939,181,230,29
701,939,181,230,29
702,939,181,230,29
703,939,181,230,29
704,939,181,230,29
705,939,181,230,29
706,939,181,230,29
707,939,181,230,29
708,939,181,230,29
709,939,188,232,51
655,940,188,232,51
656,940,181,230,29
657,940,181,230,29
658,940,181,230,29
659,940,181,230,29
660,940,181,230,29
661,940,181,230,29
662,940,181,230,29
663,940,181,230,29
664,940,181,230,29
665,940,181,230,29
666,940,181,230,29
667,940,181,230,29
668,940,181,230,29
669,940,181,230,29
670,940,181,230,29
671,940,181,230,29
672,940,181,230,29
673,940,181,230,29
674,940,181,230,29
675,940,181,230,29
676,940,181,230,29
677,940,181,230,29
678,940,181,230,29
679,940,181,230,29
680,940,181,230,29
681,940,181,230,29
682,940,181,230,29
683,940,181,230,29
684,940,181,230,29
685,940,181,230,29
686,940,181,230,29
687,940,181,230,29
688,940,181,230,29
689,940,181,230,29
690,940,181,230,29
691,940,181,230,29
692,940,181,230,29
693,940,181,230,29
694,940,181,230,29
695,940,181,230,29
696,940,181,230,29
697,940,181,230,29
698,940,181,230,29
699,940,181,230,29
700,940,181,230,29
701,940,181,230,29
702,940,181,230,29
703,940,181,230,29
704,940,181,230,29
705,940,181,230,29
706,940,181,230,29
707,940,181,230,29
708,940,182,230,32
709,940,195,235,72
654,941,194,234,69
655,941,182,230,32
656,941,181,230,29
657,941,181,230,29
658,941,181,230,29
659,941,181,230,29
660,941,181,230,29
661,941,181,230,29
662,941,181,230,29
663,941,181,230,29
664,941,181,230,29
665,941,181,230,29
666,941,181,230,29
667,941,181,230,29
668,941,181,230,29
669,941,181,230,29
670,941,181,230,29
671,941,181,230,29
672,941,181,230,29
673,941,181,230,29
674,941,181,230,29
675,941,181,230,29
676,941,181,230,29
677,941,181,230,29
678,941,181,230,29
679,941,181,230,29
680,941,181,230,29
681,941,181,230,29
682,941,181,230,29
683,941,181,230,29
684,941,181,230,29
685,941,181,230,29
686,941,181,230,29
687,941,181,230,29
688,941,181,230,29
689,941,181,230,29
690,941,181,230,29
691,941,181,230,29
692,941,181,230,29
693,941,181,230,29
694,941,181,230,29
695,941,181,230,29
696,941,181,230,29
697,941,181,230,29
698,941,181,230,29
699,941,181,230,29
700,941,181,230,29
701,941,181,230,29
702,941,181,230,29
703,941,181,230,29
704,941,181,230,29
705,941,181,230,29
706,941,181,230,29
707,941,181,230,29
708,941,188,232,51
653,942,195,235,72
654,942,182,230,32
655,942,181,230,29
656,942,181,230,29
657,942,181,230,29
658,942,181,230,29
659,942,181,230,29
660,942,181,230,29
661,942,181,230,29
662,942,181,230,29
663,942,181,230,29
664,942,181,230,29
665,942,181,230,29
666,942,181,230,29
667,942,181,230,29
668,942,181,230,29
669,942,181,230,29
670,942,181,230,29
671,942,181,230,29
672,942,181,230,29
673,942,181,230,29
674,942,181,230,29
675,942,181,230,29
676,942,181,230,29
677,942,181,230,29
678,942,181,230,29
679,942,181,230,29
680,942,181,230,29
681,942,181,230,29
682,942,181,230,29
683,942,181,230,29
684,942,181,230,29
685,942,181,230,29
686,942,181,230,29
687,942,181,230,29
688,942,181,230,29
689,942,181,230,29
690,942,181,230,29
691,942,181,230,29
692,942,181,230,29
693,942,181,230,29
694,942,181,230,29
695,942,181,230,29
696,942,181,230,29
697,942,181,230,29
698,942,181,230,29
699,942,181,230,29
700,942,181,230,29
701,942,181,230,29
702,942,181,230,29
703,942,181,230,29
704,942,181,230,29
705,942,181,230,29
706,942,181,230,29
707,942,182,230,32
708,942,195,235,72
653,943,188,232,51
654,943,181,230,29
655,943,181,230,29
656,943,181,230,29
657,943,181,230,29
658,943,181,230,29
659,943,181,230,29
660,943,181,230,29
661,943,181,230,29
662,943,181,230,29
663,943,181,230,29
664,943,181,230,29
665,943,181,230,29
666,943,181,230,29
667,943,181,230,29
668,943,181,230,29
669,943,181,230,29
670,943,181,230,29
671,943,181,230,29
672,943,181,230,29
673,943,181,230,29
674,943,181,230,29
675,943,181,230,29
676,943,181,230,29
677,943,181,230,29
678,943,181,230,29
679,943,181,230,29
680,943,181,230,29
681,943,181,230,29
682,943,181,230,29
683,943,181,230,29
684,943,181,230,29
685,943,181,230,29
686,943,181,230,29
687,943,181,230,29
688,943,181,230,29
689,943,181,230,29
690,943,181,230,29
691,943,181,230,29
692,943,181,230,29
693,943,181,230,29
694,943,181,230,29
695,943,181,230,29
696,943,181,230,29
697,943,181,230,29
698,943,181,230,29
699,943,181,230,29
700,943,181,230,29
701,943,181,230,29
702,943,181,230,29
703,943,181,230,29
704,943,181,230,29
705,943,181,230,29
706,943,181,230,29
707,943,188,232,51
652,944,195,235,72
653,944,182,230,32
654,944,181,230,29
655,944,181,230,29
656,944,181,230,29
657,944,181,230,29
658,944,181,230,29
659,944,181,230,29
660,944,181,230,29
661,944,181,230,29
662,944,181,230,29
663,944,181,230,29
664,944,181,230,29
665,944,181,230,29
666,944,181,230,29
667,944,181,230,29
668,944,181,230,29
669,944,181,230,29
670,944,181,230,29
671,944,181,230,29
672,944,181,230,29
673,944,181,230,29
674,944,181,230,29
675,944,181,230,29
676,944,181,230,29
677,944,181,230,29
678,944,181,230,29
679,944,181,230,29
680,944,181,230,29
681,944,181,230,29
682,944,181,230,29
683,944,181,230,29
684,944,181,230,29
685,944,181,230,29
686,944,181,230,29
687,944,181,230,29
688,944,181,230,29
689,944,181,230,29
690,944,181,230,29
691,944,181,230,29
692,944,181,230,29
693,944,181,230,29
694,944,181,230,29
695,944,181,230,29
696,944,181,230,29
697,944,181,230,29
698,944,181,230,29
699,944,181,230,29
700,944,181,230,29
701,944,181,230,29
702,944,181,230,29
703,944,181,230,29
704,944,181,230,29
705,944,181,230,29
706,944,182,230,32
707,944,195,235,72
652,945,189,233,53
653,945,181,230,29
654,945,181,230,29
655,945,181,230,29
656,945,181,230,29
657,945,181,230,29
658,945,181,230,29
659,945,181,230,29
660,945,181,230,29
661,945,181,230,29
662,945,181,230,29
663,945,181,230,29
664,945,181,230,29
665,945,181,230,29
666,945,181,230,29
667,945,181,230,29
668,945,181,230,29
669,945,181,230,29
670,945,181,230,29
671,945,181,230,29
672,945,181,230,29
673,945,181,230,29
674,945,181,230,29
675,945,181,230,29
676,945,181,230,29
677,945,181,230,29
678,945,181,230,29
679,945,181,230,29
680,945,181,230,29
681,945,181,230,29
682,945,181,230,29
683,945,181,230,29
684,945,181,230,29
685,945,181,230,29
686,945,181,230,29
687,945,181,230,29
688,945,181,230,29
689,945,181,230,29
690,945,181,230,29
691,945,181,230,29
692,945,181,230,29
693,945,181,230,29
694,945,181,230,29
695,945,181,230,29
696,945,181,230,29
697,945,181,230,29
698,945,181,230,29
699,945,181,230,29
700,945,181,230,29
701,945,181,230,29
702,945,181,230,29
703,945,181,230,29
704,945,181,230,29
705,945,181,230,29
706,945,188,232,51
652,946,188,232,51
653,946,181,230,29
654,946,181,230,29
655,946,181,230,29
656,946,181,230,29
657,946,181,230,29
658,946,181,230,29
659,946,181,230,29
660,946,181,230,29
661,946,181,230,29
662,946,181,230,29
663,946,181,230,29
664,946,181,230,29
665,946,181,230,29
666,946,181,230,29
667,946,181,230,29
668,946,181,230,29
669,946,181,230,29
670,946,181,230,29
671,946,181,230,29
672,946,181,230,29
673,946,181,230,29
674,946,181,230,29
675,946,181,230,29
676,946,181,230,29
677,946,181,230,29
678,946,181,230,29
679,946,181,230,29
680,946,181,230,29
681,946,181,230,29
682,946,181,230,29
683,946,181,230,29
684,946,181,230,29
685,946,181,230,29
686,946,181,230,29
687,946,181,230,29
688,946,181,230,29
689,946,181,230,29
690,946,181,230,29
691,946,181,230,29
692,946,181,230,29
693,946,181,230,29
694,946,181,230,29
695,946,181,230,29
696,946,181,230,29
697,946,181,230,29
698,946,181,230,29
699,946,181,230,29
700,946,181,230,29
701,946,181,230,29
702,946,181,230,29
703,946,181,230,29
704,946,181,230,29
705,946,182,230,32
706,946,195,235,72
651,947,195,235,72
652,947,182,230,32
653,947,181,230,29
654,947,181,230,29
655,947,181,230,29
656,947,181,230,29
657,947,181,230,29
658,947,181,230,29
659,947,181,230,29
660,947,181,230,29
661,947,181,230,29
662,947,181,230,29
663,947,181,230,29
664,947,181,230,29
665,947,181,230,29
666,947,181,230,29
667,947,181,230,29
668,947,181,230,29
669,947,181,230,29
670,947,181,230,29
671,947,181,230,29
672,947,181,230,29
673,947,181,230,29
674,947,181,230,29
675,947,181,230,29
676,947,181,230,29
677,947,181,230,29
678,947,181,230,29
679,947,181,230,29
680,947,181,230,29
681,947,181,230,29
682,947,181,230,29
683,947,181,230,29
684,947,181,230,29
685,947,181,230,29
686,947,181,230,29
687,947,181,230,29
688,947,181,230,29
689,947,181,230,29
690,947,181,230,29
691,947,181,230,29
692,947,181,230,29
693,947,181,230,29
694,947,181,230,29
695,947,181,230,29
696,947,181,230,29
697,947,181,230,29
698,947,181,230,29
699,947,181,230,29
700,947,181,230,29
701,947,181,230,29
702,947,181,230,29
703,947,181,230,29
704,947,182,230,32
705,947,194,234,69
651,948,189,233,53
652,948,181,230,29
653,948,181,230,29
654,948,181,230,29
655,948,181,230,29
656,948,181,230,29
657,948,181,230,29
658,948,181,230,29
659,948,181,230,29
660,948,181,230,29
661,948,181,230,29
662,948,181,230,29
663,948,181,230,29
664,948,181,230,29
665,948,181,230,29
666,948,181,230,29
667,948,181,230,29
668,948,181,230,29
669,948,181,230,29
670,948,181,230,29
671,948,181,230,29
672,948,181,230,29
673,948,181,230,29
674,948,181,230,29
675,948,181,230,29
676,948,181,230,29
677,948,181,230,29
678,948,181,230,29
679,948,181,230,29
680,948,181,230,29
681,948,181,230,29
682,948,181,230,29
683,948,181,230,29
684,948,181,230,29
685,948,181,230,29
686,948,181,230,29
687,948,181,230,29
688,948,181,230,29
689,948,181,230,29
690,948,181,230,29
691,948,181,230,29
692,948,181,230,29
693,948,181,230,29
694,948,181,230,29
695,948,181,230,29
696,948,181,230,29
697,948,181,230,29
698,948,181,230,29
699,948,181,230,29
700,948,181,230,29
701,948,181,230,29
702,948,181,230,29
703,948,181,230,29
704,948,188,232,51
651,949,189,233,53
652,949,181,230,29
653,949,181,230,29
654,949,181,230,29
655,949,181,230,29
656,949,181,230,29
657,949,181,230,29
658,949,181,230,29
659,949,181,230,29
660,949,181,230,29
661,949,181,230,29
662,949,181,230,29
663,949,181,230,29
664,949,181,230,29
665,949,181,230,29
666,949,181,230,29
667,949,181,230,29
668,949,181,230,29
669,949,181,230,29
670,949,181,230,29
671,949,181,230,29
672,949,181,230,29
673,949,181,230,29
674,949,181,230,29
675,949,181,230,29
676,949,181,230,29
677,949,181,230,29
678,949,181,230,29
679,949,181,230,29
680,949,181,230,29
681,949,181,230,29
682,949,181,230,29
683,949,181,230,29
684,949,181,230,29
685,949,181,230,29
686,949,181,230,29
687,949,181,230,29
688,949,181,230,29
689,949,181,230,29
690,949,181,230,29
691,949,181,230,29
692,949,181,230,29
693,949,181,230,29
694,949,181,230,29
695,949,181,230,29
696,949,181,230,29
697,949,181,230,29
698,949,181,230,29
699,949,181,230,29
700,949,181,230,29
701,949,181,230,29
702,949,181,230,29
703,949,182,230,32
704,949,195,235,72
651,950,188,232,51
652,950,181,230,29
653,950,181,230,29
654,950,181,230,29
655,950,181,230,29
656,950,181,230,29
657,950,181,230,29
658,950,181,230,29
659,950,181,230,29
660,950,181,230,29
661,950,181,230,29
662,950,181,230,29
663,950,181,230,29
664,950,181,230,29
665,950,181,230,29
666,950,181,230,29
667,950,181,230,29
668,950,181,230,29
669,950,181,230,29
670,950,181,230,29
671,950,181,230,29
672,950,181,230,29
673,950,181,230,29
674,950,181,230,29
675,950,181,230,29
676,950,181,230,29
677,950,181,230,29
678,950,181,230,29
679,950,181,230,29
680,950,181,230,29
681,950,181,230,29
682,950,181,230,29
683,950,181,230,29
684,950,181,230,29
685,950,181,230,29
686,950,181,230,29
687,950,181,230,29
688,950,181,230,29
689,950,181,230,29
690,950,181,230,29
691,950,181,230,29
692,950,181,230,29
693,950,181,230,29
694,950,181,230,29
695,950,181,230,29
696,950,181,230,29
697,950,181,230,29
698,950,181,230,29
699,950,181,230,29
700,950,181,230,29
701,950,181,230,29
702,950,182,230,32
703,950,194,234,69
650,951,195,235,72
651,951,182,230,32
652,951,181,230,29
653,951,181,230,29
654,951,181,230,29
655,951,181,230,29
656,951,181,230,29
657,951,181,230,29
658,951,181,230,29
659,951,181,230,29
660,951,181,230,29
661,951,181,230,29
662,951,181,230,29
663,951,181,230,29
664,951,181,230,29
665,951,181,230,29
666,951,181,230,29
667,951,181,230,29
668,951,181,230,29
669,951,181,230,29
670,951,181,230,29
671,951,181,230,29
672,951,181,230,29
673,951,181,230,29
674,951,181,230,29
675,951,181,230,29
676,951,181,230,29
677,951,181,230,29
678,951,181,230,29
679,951,181,230,29
680,951,181,230,29
681,951,181,230,29
682,951,181,230,29
683,951,181,230,29
684,951,181,230,29
685,951,181,230,29
686,951,181,230,29
687,951,181,230,29
688,951,181,230,29
689,951,181,230,29
690,951,181,230,29
691,951,181,230,29
692,951,181,230,29
693,951,181,230,29
694,951,181,230,29
695,951,181,230,29
696,951,181,230,29
697,951,181,230,29
698,951,181,230,29
699,951,181,230,29
700,951,181,230,29
701,951,182,230,32
702,951,194,234,69
650,952,189,233,53
651,952,181,230,29
652,952,181,230,29
653,952,181,230,29
654,952,181,230,29
655,952,181,230,29
656,952,181,230,29
657,952,181,230,29
658,952,181,230,29
659,952,181,230,29
660,952,181,230,29
661,952,181,230,29
662,952,181,230,29
663,952,181,230,29
664,952,181,230,29
665,952,181,230,29
666,952,181,230,29
667,952,181,230,29
668,952,181,230,29
669,952,181,230,29
670,952,181,230,29
671,952,181,230,29
672,952,181,230,29
673,952,181,230,29
674,952,181,230,29
675,952,181,230,29
676,952,181,230,29
677,952,181,230,29
678,952,181,230,29
679,952,181,230,29
680,952,181,230,29
681,952,181,230,29
682,952,181,230,29
683,952,181,230,29
684,952,181,230,29
685,952,181,230,29
686,952,181,230,29
687,952,181,230,29
688,952,181,230,29
689,952,181,230,29
690,952,181,230,29
691,952,181,230,29
692,952,181,230,29
693,952,181,230,29
694,952,181,230,29
695,952,181,230,29
696,952,181,230,29
697,952,181,230,29
698,952,181,230,29
699,952,181,230,29
700,952,181,230,29
701,952,188,232,51
650,953,189,233,53
651,953,181,230,29
652,953,181,230,29
653,953,181,230,29
654,953,181,230,29
655,953,181,230,29
656,953,181,230,29
657,953,181,230,29
658,953,181,230,29
659,953,181,230,29
660,953,181,230,29
661,953,181,230,29
662,953,181,230,29
663,953,181,230,29
664,953,181,230,29
665,953,181,230,29
666,953,181,230,29
667,953,181,230,29
668,953,181,230,29
669,953,181,230,29
670,953,181,230,29
671,953,181,230,29
672,953,181,230,29
673,953,181,230,29
674,953,181,230,29
675,953,181,230,29
676,953,181,230,29
677,953,181,230,29
678,953,181,230,29
679,953,181,230,29
680,953,181,230,29
681,953,181,230,29
682,953,181,230,29
683,953,181,230,29
684,953,181,230,29
685,953,181,230,29
686,953,181,230,29
687,953,181,230,29
688,953,181,230,29
689,953,181,230,29
690,953,181,230,29
691,953,181,230,29
692,953,181,230,29
693,953,181,230,29
694,953,181,230,29
695,953,181,230,29
696,953,181,230,29
697,953,181,230,29
698,953,181,230,29
699,953,181,230,29
700,953,182,230,32
701,953,195,235,72
650,954,189,233,53
651,954,181,230,29
652,954,181,230,29
653,954,181,230,29
654,954,181,230,29
655,954,181,230,29
656,954,181,230,29
657,954,181,230,29
658,954,181,230,29
659,954,181,230,29
660,954,181,230,29
661,954,181,230,29
662,954,181,230,29
663,954,181,230,29
664,954,181,230,29
665,954,181,230,29
666,954,181,230,29
667,954,181,230,29
668,954,181,230,29
669,954,181,230,29
670,954,181,230,29
671,954,181,230,29
672,954,181,230,29
673,954,181,230,29
674,954,181,230,29
675,954,181,230,29
676,954,181,230,29
677,954,181,230,29
678,954,181,230,29
679,954,181,230,29
680,954,181,230,29
681,954,181,230,29
682,954,181,230,29
683,954,181,230,29
684,954,181,230,29
685,954,181,230,29
686,954,181,230,29
687,954,181,230,29
688,954,181,230,29
689,954,181,230,29
690,954,181,230,29
691,954,181,230,29
692,954,181,230,29
693,954,181,230,29
694,954,181,230,29
695,954,181,230,29
696,954,181,230,29
697,954,181,230,29
698,954,181,230,29
699,954,182,230,32
700,954,194,234,69
650,955,195,235,72
651,955,182,230,32
652,955,181,230,29
653,955,181,230,29
654,955,181,230,29
655,955,181,230,29
656,955,181,230,29
657,955,181,230,29
658,955,181,230,29
659,955,181,230,29
660,955,181,230,29
661,955,181,230,29
662,955,181,230,29
663,955,181,230,29
664,955,181,230,29
665,955,181,230,29
666,955,181,230,29
667,955,181,230,29
668,955,181,230,29
669,955,181,230,29
670,955,181,230,29
671,955,181,230,29
672,955,181,230,29
673,955,181,230,29
674,955,181,230,29
675,955,181,230,29
676,955,181,230,29
677,955,181,230,29
678,955,181,230,29
679,955,181,230,29
680,955,181,230,29
681,955,181,230,29
682,955,181,230,29
683,955,181,230,29
684,955,181,230,29
685,955,181,230,29
686,955,181,230,29
687,955,181,230,29
688,955,181,230,29
689,955,181,230,29
690,955,181,230,29
691,955,181,230,29
692,955,181,230,29
693,955,181,230,29
694,955,181,230,29
695,955,181,230,29
696,955,181,230,29
697,955,181,230,29
698,955,182,230,32
699,955,194,234,69
651,956,188,232,51
652,956,181,230,29
653,956,181,230,29
654,956,181,230,29
655,956,181,230,29
656,956,181,230,29
657,956,181,230,29
658,956,181,230,29
659,956,181,230,29
660,956,181,230,29
661,956,181,230,29
662,956,181,230,29
663,956,181,230,29
664,956,181,230,29
665,956,181,230,29
666,956,181,230,29
667,956,181,230,29
668,956,181,230,29
669,956,181,230,29
670,956,181,230,29
671,956,181,230,29
672,956,181,230,29
673,956,181,230,29
674,956,181,230,29
675,956,181,230,29
676,956,181,230,29
677,956,181,230,29
678,956,181,230,29
679,956,181,230,29
680,956,181,230,29
681,956,181,230,29
682,956,181,230,29
683,956,181,230,29
684,956,181,230,29
685,956,181,230,29
686,956,181,230,29
687,956,181,230,29
688,956,181,230,29
689,956,181,230,29
690,956,181,230,29
691,956,181,230,29
692,956,181,230,29
693,956,181,230,29
694,956,181,230,29
695,956,181,230,29
696,956,181,230,29
697,956,182,230,32
698,956,194,234,69
651,957,189,233,53
652,957,181,230,29
653,957,181,230,29
654,957,181,230,29
655,957,181,230,29
656,957,181,230,29
657,957,181,230,29
658,957,181,230,29
659,957,181,230,29
660,957,181,230,29
661,957,181,230,29
662,957,181,230,29
663,957,181,230,29
664,957,181,230,29
665,957,181,230,29
666,957,181,230,29
667,957,181,230,29
668,957,181,230,29
669,957,181,230,29
670,957,181,230,29
671,957,181,230,29
672,957,181,230,29
673,957,181,230,29
674,957,181,230,29
675,957,181,230,29
676,957,181,230,29
677,957,181,230,29
678,957,181,230,29
679,957,181,230,29
680,957,181,230,29
681,957,181,230,29
682,957,181,230,29
683,957,181,230,29
684,957,181,230,29
685,957,181,230,29
686,957,181,230,29
687,957,181,230,29
688,957,181,230,29
689,957,181,230,29
690,957,181,230,29
691,957,181,230,29
692,957,181,230,29
693,957,181,230,29
694,957,181,230,29
695,957,181,230,29
696,957,182,230,32
697,957,194,234,69
651,958,189,233,53
652,958,181,230,29
653,958,181,230,29
654,958,181,230,29
655,958,181,230,29
656,958,181,230,29
657,958,181,230,29
658,958,181,230,29
659,958,181,230,29
660,958,181,230,29
661,958,181,230,29
662,958,181,230,29
663,958,181,230,29
664,958,181,230,29
665,958,181,230,29
666,958,181,230,29
667,958,181,230,29
668,958,181,230,29
669,958,181,230,29
670,958,181,230,29
671,958,181,230,29
672,958,181,230,29
673,958,181,230,29
674,958,181,230,29
675,958,181,230,29
676,958,181,230,29
677,958,181,230,29
678,958,181,230,29
679,958,181,230,29
680,958,181,230,29
681,958,181,230,29
682,958,181,230,29
683,958,181,230,29
684,958,181,230,29
685,958,181,230,29
686,958,181,230,29
687,958,181,230,29
688,958,181,230,29
689,958,181,230,29
690,958,181,230,29
691,958,181,230,29
692,958,181,230,29
693,958,181,230,29
694,958,181,230,29
695,958,181,230,29
696,958,188,232,51
651,959,195,235,72
652,959,182,230,32
653,959,181,230,29
654,959,181,230,29
655,959,181,230,29
656,959,181,230,29
657,959,181,230,29
658,959,181,230,29
659,959,181,230,29
660,959,181,230,29
661,959,181,230,29
662,959,181,230,29
663,959,181,230,29
664,959,181,230,29
665,959,181,230,29
666,959,181,230,29
667,959,181,230,29
668,959,181,230,29
669,959,181,230,29
670,959,181,230,29
671,959,181,230,29
672,959,181,230,29
673,959,181,230,29
674,959,181,230,29
675,959,181,230,29
676,959,181,230,29
677,959,181,230,29
678,959,181,230,29
679,959,181,230,29
680,959,181,230,29
681,959,181,230,29
682,959,181,230,29
683,959,181,230,29
684,959,181,230,29
685,959,181,230,29
686,959,181,230,29
687,959,181,230,29
688,959,181,230,29
689,959,181,230,29
690,959,181,230,29
691,959,181,230,29
692,959,181,230,29
693,959,181,230,29
694,959,182,230,32
695,959,188,232,51
652,960,188,232,51
653,960,181,230,29
654,960,181,230,29
655,960,181,230,29
656,960,181,230,29
657,960,181,230,29
658,960,181,230,29
659,960,181,230,29
660,960,181,230,29
661,960,181,230,29
662,960,181,230,29
663,960,181,230,29
664,960,181,230,29
665,960,181,230,29
666,960,181,230,29
667,960,181,230,29
668,960,181,230,29
669,960,181,230,29
670,960,181,230,29
671,960,181,230,29
672,960,181,230,29
673,960,181,230,29
674,960,181,230,29
675,960,181,230,29
676,960,181,230,29
677,960,181,230,29
678,960,181,230,29
679,960,181,230,29
680,960,181,230,29
681,960,181,230,29
682,960,181,230,29
683,960,181,230,29
684,960,181,230,29
685,960,181,230,29
686,960,181,230,29
687,960,181,230,29
688,960,181,230,29
689,960,181,230,29
690,960,181,230,29
691,960,181,230,29
692,960,181,230,29
693,960,182,230,32
694,960,194,234,69
652,961,189,233,53
653,961,181,230,29
654,961,181,230,29
655,961,181,230,29
656,961,181,230,29
657,961,181,230,29
658,961,181,230,29
659,961,181,230,29
660,961,181,230,29
661,961,181,230,29
662,961,181,230,29
663,961,181,230,29
664,961,181,230,29
665,961,181,230,29
666,961,181,230,29
667,961,181,230,29
668,961,181,230,29
669,961,181,230,29
670,961,181,230,29
671,961,181,230,29
672,961,181,230,29
673,961,181,230,29
674,961,181,230,29
675,961,181,230,29
676,961,181,230,29
677,961,181,230,29
678,961,181,230,29
679,961,181,230,29
680,961,181,230,29
681,961,181,230,29
682,961,181,230,29
683,961,181,230,29
684,961,181,230,29
685,961,181,230,29
686,961,181,230,29
687,961,181,230,29
688,961,181,230,29
689,961,181,230,29
690,961,181,230,29
691,961,181,230,29
692,961,182,230,32
693,961,194,234,69
652,962,195,235,72
653,962,182,230,32
654,962,181,230,29
655,962,181,230,29
656,962,181,230,29
657,962,181,230,29
658,962,181,230,29
659,962,181,230,29
660,962,181,230,29
661,962,181,230,29
662,962,181,230,29
663,962,181,230,29
664,962,181,230,29
665,962,181,230,29
666,962,181,230,29
667,962,181,230,29
668,962,181,230,29
669,962,181,230,29
670,962,181,230,29
671,962,181,230,29
672,962,181,230,29
673,962,181,230,29
674,962,181,230,29
675,962,181,230,29
676,962,181,230,29
677,962,181,230,29
678,962,181,230,29
679,962,181,230,29
680,962,181,230,29
681,962,181,230,29
682,962,181,230,29
683,962,181,230,29
684,962,181,230,29
685,962,181,230,29
686,962,181,230,29
687,962,181,230,29
688,962,181,230,29
689,962,181,230,29
690,962,181,230,29
691,962,182,230,32
692,962,194,234,69
653,963,188,232,51
654,963,181,230,29
655,963,181,230,29
656,963,181,230,29
657,963,181,230,29
658,963,181,230,29
659,963,181,230,29
660,963,181,230,29
661,963,181,230,29
662,963,181,230,29
663,963,181,230,29
664,963,181,230,29
665,963,181,230,29
666,963,181,230,29
667,963,181,230,29
668,963,181,230,29
669,963,181,230,29
670,963,181,230,29
671,963,181,230,29
672,963,181,230,29
673,963,181,230,29
674,963,181,230,29
675,963,181,230,29
676,963,181,230,29
677,963,181,230,29
678,963,181,230,29
679,963,181,230,29
680,963,181,230,29
681,963,181,230,29
682,963,181,230,29
683,963,181,230,29
684,963,181,230,29
685,963,181,230,29
686,963,181,230,29
687,963,181,230,29
688,963,181,230,29
689,963,181,230,29
690,963,182,230,32
691,963,194,234,69
653,964,195,235,72
654,964,182,230,32
655,964,181,230,29
656,964,181,230,29
657,964,181,230,29
658,964,181,230,29
659,964,181,230,29
660,964,181,230,29
661,964,181,230,29
662,964,181,230,29
663,964,181,230,29
664,964,181,230,29
665,964,181,230,29
666,964,181,230,29
667,964,181,230,29
668,964,181,230,29
669,964,181,230,29
670,964,181,230,29
671,964,181,230,29
672,964,181,230,29
673,964,181,230,29
674,964,181,230,29
675,964,181,230,29
676,964,181,230,29
677,964,181,230,29
678,964,181,230,29
679,964,181,230,29
680,964,181,230,29
681,964,181,230,29
682,964,181,230,29
683,964,181,230,29
684,964,181,230,29
685,964,181,230,29
686,964,181,230,29
687,964,181,230,29
688,964,182,230,32
689,964,188,232,51
690,964,195,235,72
654,965,194,234,69
655,965,182,230,32
656,965,181,230,29
657,965,181,230,29
658,965,181,230,29
659,965,181,230,29
660,965,181,230,29
661,965,181,230,29
662,965,181,230,29
663,965,181,230,29
664,965,181,230,29
665,965,181,230,29
666,965,181,230,29
667,965,181,230,29
668,965,181,230,29
669,965,181,230,29
670,965,181,230,29
671,965,181,230,29
672,965,181,230,29
673,965,181,230,29
674,965,181,230,29
675,965,181,230,29
676,965,181,230,29
677,965,181,230,29
678,965,181,230,29
679,965,181,230,29
680,965,181,230,29
681,965,181,230,29
682,965,181,230,29
683,965,181,230,29
684,965,181,230,29
685,965,181,230,29
686,965,181,230,29
687,965,182,230,32
688,965,194,234,69
655,966,194,234,69
656,966,182,230,32
657,966,181,230,29
658,966,181,230,29
659,966,181,230,29
660,966,181,230,29
661,966,181,230,29
662,966,181,230,29
663,966,181,230,29
664,966,181,230,29
665,966,181,230,29
666,966,181,230,29
667,966,181,230,29
668,966,181,230,29
669,966,181,230,29
670,966,181,230,29
671,966,181,230,29
672,966,181,230,29
673,966,181,230,29
674,966,181,230,29
675,966,181,230,29
676,966,181,230,29
677,966,181,230,29
678,966,181,230,29
679,966,181,230,29
680,966,181,230,29
681,966,181,230,29
682,966,181,230,29
683,966,181,230,29
684,966,181,230,29
685,966,182,230,32
686,966,188,232,51
687,966,195,235,72
656,967,194,234,69
657,967,182,230,32
658,967,181,230,29
659,967,181,230,29
660,967,181,230,29
661,967,181,230,29
662,967,181,230,29
663,967,181,230,29
664,967,181,230,29
665,967,181,230,29
666,967,181,230,29
667,967,181,230,29
668,967,181,230,29
669,967,181,230,29
670,967,181,230,29
671,967,181,230,29
672,967,181,230,29
673,967,181,230,29
674,967,181,230,29
675,967,181,230,29
676,967,181,230,29
677,967,181,230,29
678,967,181,230,29
679,967,181,230,29
680,967,181,230,29
681,967,181,230,29
682,967,181,230,29
683,967,181,230,29
684,967,182,230,32
685,967,194,234,69
657,968,195,235,72
658,968,188,232,51
659,968,182,230,32
660,968,181,230,29
661,968,181,230,29
662,968,181,230,29
663,968,181,230,29
664,968,181,230,29
665,968,181,230,29
666,968,181,230,29
667,968,181,230,29
668,968,181,230,29
669,968,181,230,29
670,968,181,230,29
671,968,181,230,29
672,968,181,230,29
673,968,181,230,29
674,968,181,230,29
675,968,181,230,29
676,968,181,230,29
677,968,181,230,29
678,968,181,230,29
679,968,181,230,29
680,968,181,230,29
681,968,181,230,29
682,968,182,230,32
683,968,188,232,51
684,968,195,235,72
659,969,194,234,69
660,969,182,230,32
661,969,181,230,29
662,969,181,230,29
663,969,181,230,29
664,969,181,230,29
665,969,181,230,29
666,969,181,230,29
667,969,181,230,29
668,969,181,230,29
669,969,181,230,29
670,969,181,230,29
671,969,181,230,29
672,969,181,230,29
673,969,181,230,29
674,969,181,230,29
675,969,181,230,29
676,969,181,230,29
677,969,181,230,29
678,969,181,230,29
679,969,182,230,32
680,969,188,232,51
681,969,189,233,53
682,969,195,235,72
660,970,195,235,72
661,970,188,232,51
662,970,182,230,32
663,970,181,230,29
664,970,181,230,29
665,970,181,230,29
666,970,181,230,29
667,970,181,230,29
668,970,181,230,29
669,970,181,230,29
670,970,181,230,29
671,970,181,230,29
672,970,181,230,29
673,970,181,230,29
674,970,181,230,29
675,970,181,230,29
676,970,181,230,29
677,970,182,230,32
678,970,188,232,51
679,970,195,235,72
662,971,195,235,72
663,971,189,233,53
664,971,189,233,53
665,971,188,232,51
666,971,182,230,32
667,971,181,230,29
668,971,181,230,29
669,971,181,230,29
670,971,181,230,29
671,971,181,230,29
672,971,181,230,29
673,971,182,230,32
674,971,188,232,51
675,971,189,233,53
676,971,189,233,53
677,971,195,235,72
666,972,195,235,72
667,972,189,233,53
668,972,189,233,53
669,972,189,233,53
670,972,189,233,53
671,972,189,233,53
672,972,189,233,53
673,972,195,235,72
