496,539,195,235,72
497,539,189,233,53
498,539,195,235,72
495,540,195,235,72
496,540,182,230,32
497,540,181,230,29
498,540,182,230,32
499,540,194,234,69
495,541,189,233,53
496,541,181,230,29
497,541,181,230,29
498,541,181,230,29
499,541,182,230,32
500,541,194,234,69
495,542,189,233,53
496,542,181,230,29
497,542,181,230,29
498,542,181,230,29
499,542,181,230,29
500,542,182,230,32
501,542,188,232,51
502,542,195,235,72
495,543,189,233,53
496,543,181,230,29
497,543,181,230,29
498,543,181,230,29
499,543,181,230,29
500,543,181,230,29
501,543,181,230,29
502,543,182,230,32
503,543,194,234,69
495,544,189,233,53
496,544,181,230,29
497,544,181,230,29
498,544,181,230,29
499,544,181,230,29
500,544,181,230,29
501,544,181,230,29
502,544,181,230,29
503,544,182,230,32
504,544,194,234,69
495,545,189,233,53
496,545,181,230,29
497,545,181,230,29
498,545,181,230,29
499,545,181,230,29
500,545,181,230,29
501,545,181,230,29
502,545,181,230,29
503,545,181,230,29
504,545,182,230,32
505,545,194,234,69
495,546,189,233,53
496,546,181,230,29
497,546,181,230,29
498,546,181,230,29
499,546,181,230,29
500,546,181,230,29
501,546,181,230,29
502,546,181,230,29
503,546,181,230,29
504,546,181,230,29
505,546,182,230,32
506,546,194,234,69
495,547,188,232,51
496,547,181,230,29
497,547,181,230,29
498,547,181,230,29
499,547,181,230,29
500,547,181,230,29
501,547,181,230,29
502,547,181,230,29
503,547,181,230,29
504,547,181,230,29
505,547,181,230,29
506,547,182,230,32
507,547,188,232,51
508,547,195,235,72
475,548,195,235,72
476,548,189,233,53
477,548,189,233,53
478,548,189,233,53
479,548,189,233,53
480,548,189,233,53
481,548,189,233,53
482,548,189,233,53
483,548,189,233,53
484,548,189,233,53
485,548,189,233,53
486,548,189,233,53
487,548,189,233,53
488,548,189,233,53
489,548,189,233,53
490,548,189,233,53
491,548,189,233,53
492,548,189,233,53
493,548,189,233,53
494,548,188,232,51
495,548,182,230,32
496,548,181,230,29
497,548,181,230,29
498,548,181,230,29
499,548,181,230,29
500,548,181,230,29
501,548,181,230,29
502,548,181,230,29
503,548,181,230,29
504,548,181,230,29
505,548,181,230,29
506,548,181,230,29
507,548,181,230,29
508,548,182,230,32
509,548,194,234,69
474,549,195,235,72
475,549,182,230,32
476,549,181,230,29
477,549,181,230,29
478,549,181,230,29
479,549,181,230,29
480,549,181,230,29
481,549,181,230,29
482,549,181,230,29
483,549,181,230,29
484,549,181,230,29
485,549,181,230,29
486,549,181,230,29
487,549,181,230,29
488,549,181,230,29
489,549,181,230,29
490,549,181,230,29
491,549,181,230,29
492,549,181,230,29
493,549,181,230,29
494,549,181,230,29
495,549,181,230,29
496,549,181,230,29
497,549,181,230,29
498,549,181,230,29
499,549,181,230,29
500,549,181,230,29
501,549,181,230,29
502,549,181,230,29
503,549,181,230,29
504,549,181,230,29
505,549,181,230,29
506,549,181,230,29
507,549,181,230,29
508,549,181,230,29
509,549,182,230,32
510,549,194,234,69
474,550,189,233,53
475,550,181,230,29
476,550,181,230,29
477,550,181,230,29
478,550,181,230,29
479,550,181,230,29
480,550,181,230,29
481,550,181,230,29
482,550,181,230,29
483,550,181,230,29
484,550,181,230,29
485,550,181,230,29
486,550,181,230,29
487,550,181,230,29
488,550,181,230,29
489,550,181,230,29
490,550,181,230,29
491,550,181,230,29
492,550,181,230,29
493,550,181,230,29
494,550,181,230,29
495,550,181,230,29
496,550,181,230,29
497,550,181,230,29
498,550,181,230,29
499,550,181,230,29
500,550,181,230,29
501,550,181,230,29
502,550,181,230,29
503,550,181,230,29
504,550,181,230,29
505,550,181,230,29
506,550,181,230,29
507,550,181,230,29
508,550,181,230,29
509,550,181,230,29
510,550,182,230,32
511,550,194,234,69
474,551,189,233,53
475,551,181,230,29
476,551,181,230,29
477,551,181,230,29
478,551,181,230,29
479,551,181,230,29
480,551,181,230,29
481,551,181,230,29
482,551,181,230,29
483,551,181,230,29
484,551,181,230,29
485,551,181,230,29
486,551,181,230,29
487,551,181,230,29
488,551,181,230,29
489,551,181,230,29
490,551,181,230,29
491,551,181,230,29
492,551,181,230,29
493,551,181,230,29
494,551,181,230,29
495,551,181,230,29
496,551,181,230,29
497,551,181,230,29
498,551,181,230,29
499,551,181,230,29
500,551,181,230,29
501,551,181,230,29
502,551,181,230,29
503,551,181,230,29
504,551,181,230,29
505,551,181,230,29
506,551,181,230,29
507,551,181,230,29
508,551,181,230,29
509,551,181,230,29
510,551,181,230,29
511,551,182,230,32
512,551,194,234,69
474,552,189,233,53
475,552,181,230,29
476,552,181,230,29
477,552,181,230,29
478,552,181,230,29
479,552,181,230,29
480,552,181,230,29
481,552,181,230,29
482,552,181,230,29
483,552,181,230,29
484,552,181,230,29
485,552,181,230,29
486,552,181,230,29
487,552,181,230,29
488,552,181,230,29
489,552,181,230,29
490,552,181,230,29
491,552,181,230,29
492,552,181,230,29
493,552,181,230,29
494,552,181,230,29
495,552,181,230,29
496,552,181,230,29
497,552,181,230,29
498,552,181,230,29
499,552,181,230,29
500,552,181,230,29
501,552,181,230,29
502,552,181,230,29
503,552,181,230,29
504,552,181,230,29
505,552,181,230,29
506,552,181,230,29
507,552,181,230,29
508,552,181,230,29
509,552,181,230,29
510,552,181,230,29
511,552,181,230,29
512,552,182,230,32
513,552,188,232,51
514,552,195,235,72
474,553,189,233,53
475,553,181,230,29
476,553,181,230,29
477,553,181,230,29
478,553,181,230,29
479,553,181,230,29
480,553,181,230,29
481,553,181,230,29
482,553,181,230,29
483,553,181,230,29
484,553,181,230,29
485,553,181,230,29
486,553,181,230,29
487,553,181,230,29
488,553,181,230,29
489,553,181,230,29
490,553,181,230,29
491,553,181,230,29
492,553,181,230,29
493,553,181,230,29
494,553,181,230,29
495,553,181,230,29
496,553,181,230,29
497,553,181,230,29
498,553,181,230,29
499,553,181,230,29
500,553,181,230,29
501,553,181,230,29
502,553,181,230,29
503,553,181,230,29
504,553,181,230,29
505,553,181,230,29
506,553,181,230,29
507,553,181,230,29
508,553,181,230,29
509,553,181,230,29
510,553,181,230,29
511,553,181,230,29
512,553,181,230,29
513,553,181,230,29
514,553,182,230,32
515,553,194,234,69
474,554,189,233,53
475,554,181,230,29
476,554,181,230,29
477,554,181,230,29
478,554,181,230,29
479,554,181,230,29
480,554,181,230,29
481,554,181,230,29
482,554,181,230,29
483,554,181,230,29
484,554,181,230,29
485,554,181,230,29
486,554,181,230,29
487,554,181,230,29
488,554,181,230,29
489,554,181,230,29
490,554,181,230,29
491,554,181,230,29
492,554,181,230,29
493,554,181,230,29
494,554,181,230,29
495,554,181,230,29
496,554,181,230,29
497,554,181,230,29
498,554,181,230,29
499,554,181,230,29
500,554,181,230,29
501,554,181,230,29
502,554,181,230,29
503,554,181,230,29
504,554,181,230,29
505,554,181,230,29
506,554,181,230,29
507,554,181,230,29
508,554,181,230,29
509,554,181,230,29
510,554,181,230,29
511,554,181,230,29
512,554,181,230,29
513,554,181,230,29
514,554,181,230,29
515,554,182,230,32
516,554,194,234,69
474,555,189,233,53
475,555,181,230,29
476,555,181,230,29
477,555,181,230,29
478,555,181,230,29
479,555,181,230,29
480,555,181,230,29
481,555,181,230,29
482,555,181,230,29
483,555,181,230,29
484,555,181,230,29
485,555,181,230,29
486,555,181,230,29
487,555,181,230,29
488,555,181,230,29
489,555,181,230,29
490,555,181,230,29
491,555,181,230,29
492,555,181,230,29
493,555,181,230,29
494,555,181,230,29
495,555,181,230,29
496,555,181,230,29
497,555,181,230,29
498,555,181,230,29
499,555,181,230,29
500,555,181,230,29
501,555,181,230,29
502,555,181,230,29
503,555,181,230,29
504,555,181,230,29
505,555,181,230,29
506,555,181,230,29
507,555,181,230,29
508,555,181,230,29
509,555,181,230,29
510,555,181,230,29
511,555,181,230,29
512,555,181,230,29
513,555,181,230,29
514,555,181,230,29
515,555,181,230,29
516,555,182,230,32
517,555,194,234,69
474,556,189,233,53
475,556,181,230,29
476,556,181,230,29
477,556,181,230,29
478,556,181,230,29
479,556,181,230,29
480,556,181,230,29
481,556,181,230,29
482,556,181,230,29
483,556,181,230,29
484,556,181,230,29
485,556,181,230,29
486,556,181,230,29
487,556,181,230,29
488,556,181,230,29
489,556,181,230,29
490,556,181,230,29
491,556,181,230,29
492,556,181,230,29
493,556,181,230,29
494,556,181,230,29
495,556,181,230,29
496,556,181,230,29
497,556,181,230,29
498,556,181,230,29
499,556,181,230,29
500,556,181,230,29
501,556,181,230,29
502,556,181,230,29
503,556,181,230,29
504,556,181,230,29
505,556,181,230,29
506,556,181,230,29
507,556,181,230,29
508,556,181,230,29
509,556,181,230,29
510,556,181,230,29
511,556,181,230,29
512,556,181,230,29
513,556,181,230,29
514,556,181,230,29
515,556,181,230,29
516,556,181,230,29
517,556,182,230,32
518,556,194,234,69
474,557,189,233,53
475,557,181,230,29
476,557,181,230,29
477,557,181,230,29
478,557,181,230,29
479,557,181,230,29
480,557,181,230,29
481,557,181,230,29
482,557,181,230,29
483,557,181,230,29
484,557,181,230,29
485,557,181,230,29
486,557,181,230,29
487,557,181,230,29
488,557,181,230,29
489,557,181,230,29
490,557,181,230,29
491,557,181,230,29
492,557,181,230,29
493,557,181,230,29
494,557,181,230,29
495,557,181,230,29
496,557,181,230,29
497,557,181,230,29
498,557,181,230,29
499,557,181,230,29
500,557,181,230,29
501,557,181,230,29
502,557,181,230,29
503,557,181,230,29
504,557,181,230,29
505,557,181,230,29
506,557,181,230,29
507,557,181,230,29
508,557,181,230,29
509,557,181,230,29
510,557,181,230,29
511,557,181,230,29
512,557,181,230,29
513,557,181,230,29
514,557,181,230,29
515,557,181,230,29
516,557,181,230,29
517,557,181,230,29
518,557,182,230,32
519,557,194,234,69
474,558,189,233,53
475,558,181,230,29
476,558,181,230,29
477,558,181,230,29
478,558,181,230,29
479,558,181,230,29
480,558,181,230,29
481,558,181,230,29
482,558,181,230,29
483,558,181,230,29
484,558,181,230,29
485,558,181,230,29
486,558,181,230,29
487,558,181,230,29
488,558,181,230,29
489,558,181,230,29
490,558,181,230,29
491,558,181,230,29
492,558,181,230,29
493,558,181,230,29
494,558,181,230,29
495,558,181,230,29
496,558,181,230,29
497,558,181,230,29
498,558,181,230,29
499,558,181,230,29
500,558,181,230,29
501,558,181,230,29
502,558,181,230,29
503,558,181,230,29
504,558,181,230,29
505,558,181,230,29
506,558,181,230,29
507,558,181,230,29
508,558,181,230,29
509,558,181,230,29
510,558,181,230,29
511,558,181,230,29
512,558,181,230,29
513,558,181,230,29
514,558,181,230,29
515,558,181,230,29
516,558,181,230,29
517,558,181,230,29
518,558,181,230,29
519,558,182,230,32
520,558,195,235,72
474,559,189,233,53
475,559,181,230,29
476,559,181,230,29
477,559,181,230,29
478,559,181,230,29
479,559,181,230,29
480,559,181,230,29
481,559,181,230,29
482,559,181,230,29
483,559,181,230,29
484,559,181,230,29
485,559,181,230,29
486,559,181,230,29
487,559,181,230,29
488,559,181,230,29
489,559,181,230,29
490,559,181,230,29
491,559,181,230,29
492,559,181,230,29
493,559,181,230,29
494,559,181,230,29
495,559,181,230,29
496,559,181,230,29
497,559,181,230,29
498,559,181,230,29
499,559,181,230,29
500,559,181,230,29
501,559,181,230,29
502,559,181,230,29
503,559,181,230,29
504,559,181,230,29
505,559,181,230,29
506,559,181,230,29
507,559,181,230,29
508,559,181,230,29
509,559,181,230,29
510,559,181,230,29
511,559,181,230,29
512,559,181,230,29
513,559,181,230,29
514,559,181,230,29
515,559,181,230,29
516,559,181,230,29
517,559,181,230,29
518,559,181,230,29
519,559,182,230,32
520,559,195,235,72
474,560,189,233,53
475,560,181,230,29
476,560,181,230,29
477,560,181,230,29
478,560,181,230,29
479,560,181,230,29
480,560,181,230,29
481,560,181,230,29
482,560,181,230,29
483,560,181,230,29
484,560,181,230,29
485,560,181,230,29
486,560,181,230,29
487,560,181,230,29
488,560,181,230,29
489,560,181,230,29
490,560,181,230,29
491,560,181,230,29
492,560,181,230,29
493,560,181,230,29
494,560,181,230,29
495,560,181,230,29
496,560,181,230,29
497,560,181,230,29
498,560,181,230,29
499,560,181,230,29
500,560,181,230,29
501,560,181,230,29
502,560,181,230,29
503,560,181,230,29
504,560,181,230,29
505,560,181,230,29
506,560,181,230,29
507,560,181,230,29
508,560,181,230,29
509,560,181,230,29
510,560,181,230,29
511,560,181,230,29
512,560,181,230,29
513,560,181,230,29
514,560,181,230,29
515,560,181,230,29
516,560,181,230,29
517,560,181,230,29
518,560,182,230,32
519,560,194,234,69
474,561,189,233,53
475,561,181,230,29
476,561,181,230,29
477,561,181,230,29
478,561,181,230,29
479,561,181,230,29
480,561,181,230,29
481,561,181,230,29
482,561,181,230,29
483,561,181,230,29
484,561,181,230,29
485,561,181,230,29
486,561,181,230,29
487,561,181,230,29
488,561,181,230,29
489,561,181,230,29
490,561,181,230,29
491,561,181,230,29
492,561,181,230,29
493,561,181,230,29
494,561,181,230,29
495,561,181,230,29
496,561,181,230,29
497,561,181,230,29
498,561,181,230,29
499,561,181,230,29
500,561,181,230,29
501,561,181,230,29
502,561,181,230,29
503,561,181,230,29
504,561,181,230,29
505,561,181,230,29
506,561,181,230,29
507,561,181,230,29
508,561,181,230,29
509,561,181,230,29
510,561,181,230,29
511,561,181,230,29
512,561,181,230,29
513,561,181,230,29
514,561,181,230,29
515,561,181,230,29
516,561,181,230,29
517,561,182,230,32
518,561,194,234,69
474,562,189,233,53
475,562,181,230,29
476,562,181,230,29
477,562,181,230,29
478,562,181,230,29
479,562,181,230,29
480,562,181,230,29
481,562,181,230,29
482,562,181,230,29
483,562,181,230,29
484,562,181,230,29
485,562,181,230,29
486,562,181,230,29
487,562,181,230,29
488,562,181,230,29
489,562,181,230,29
490,562,181,230,29
491,562,181,230,29
492,562,181,230,29
493,562,181,230,29
494,562,181,230,29
495,562,181,230,29
496,562,181,230,29
497,562,181,230,29
498,562,181,230,29
499,562,181,230,29
500,562,181,230,29
501,562,181,230,29
502,562,181,230,29
503,562,181,230,29
504,562,181,230,29
505,562,181,230,29
506,562,181,230,29
507,562,181,230,29
508,562,181,230,29
509,562,181,230,29
510,562,181,230,29
511,562,181,230,29
512,562,181,230,29
513,562,181,230,29
514,562,181,230,29
515,562,181,230,29
516,562,182,230,32
517,562,194,234,69
474,563,189,233,53
475,563,181,230,29
476,563,181,230,29
477,563,181,230,29
478,563,181,230,29
479,563,181,230,29
480,563,181,230,29
481,563,181,230,29
482,563,181,230,29
483,563,181,230,29
484,563,181,230,29
485,563,181,230,29
486,563,181,230,29
487,563,181,230,29
488,563,181,230,29
489,563,181,230,29
490,563,181,230,29
491,563,181,230,29
492,563,181,230,29
493,563,181,230,29
494,563,181,230,29
495,563,181,230,29
496,563,181,230,29
497,563,181,230,29
498,563,181,230,29
499,563,181,230,29
500,563,181,230,29
501,563,181,230,29
502,563,181,230,29
503,563,181,230,29
504,563,181,230,29
505,563,181,230,29
506,563,181,230,29
507,563,181,230,29
508,563,181,230,29
509,563,181,230,29
510,563,181,230,29
511,563,181,230,29
512,563,181,230,29
513,563,181,230,29
514,563,181,230,29
515,563,182,230,32
516,563,194,234,69
474,564,189,233,53
475,564,181,230,29
476,564,181,230,29
477,564,181,230,29
478,564,181,230,29
479,564,181,230,29
480,564,181,230,29
481,564,181,230,29
482,564,181,230,29
483,564,181,230,29
484,564,181,230,29
485,564,181,230,29
486,564,181,230,29
487,564,181,230,29
488,564,181,230,29
489,564,181,230,29
490,564,181,230,29
491,564,181,230,29
492,564,181,230,29
493,564,181,230,29
494,564,181,230,29
495,564,181,230,29
496,564,181,230,29
497,564,181,230,29
498,564,181,230,29
499,564,181,230,29
500,564,181,230,29
501,564,181,230,29
502,564,181,230,29
503,564,181,230,29
504,564,181,230,29
505,564,181,230,29
506,564,181,230,29
507,564,181,230,29
508,564,181,230,29
509,564,181,230,29
510,564,181,230,29
511,564,181,230,29
512,564,181,230,29
513,564,181,230,29
514,564,182,230,32
515,564,194,234,69
474,565,189,233,53
475,565,181,230,29
476,565,181,230,29
477,565,181,230,29
478,565,181,230,29
479,565,181,230,29
480,565,181,230,29
481,565,181,230,29
482,565,181,230,29
483,565,181,230,29
484,565,181,230,29
485,565,181,230,29
486,565,181,230,29
487,565,181,230,29
488,565,181,230,29
489,565,181,230,29
490,565,181,230,29
491,565,181,230,29
492,565,181,230,29
493,565,181,230,29
494,565,181,230,29
495,565,181,230,29
496,565,181,230,29
497,565,181,230,29
498,565,181,230,29
499,565,181,230,29
500,565,181,230,29
501,565,181,230,29
502,565,181,230,29
503,565,181,230,29
504,565,181,230,29
505,565,181,230,29
506,565,181,230,29
507,565,181,230,29
508,565,181,230,29
509,565,181,230,29
510,565,181,230,29
511,565,181,230,29
512,565,182,230,32
513,565,188,232,51
514,565,195,235,72
474,566,189,233,53
475,566,181,230,29
476,566,181,230,29
477,566,181,230,29
478,566,181,230,29
479,566,181,230,29
480,566,181,230,29
481,566,181,230,29
482,566,181,230,29
483,566,181,230,29
484,566,181,230,29
485,566,181,230,29
486,566,181,230,29
487,566,181,230,29
488,566,181,230,29
489,566,181,230,29
490,566,181,230,29
491,566,181,230,29
492,566,181,230,29
493,566,181,230,29
494,566,181,230,29
495,566,181,230,29
496,566,181,230,29
497,566,181,230,29
498,566,181,230,29
499,566,181,230,29
500,566,181,230,29
501,566,181,230,29
502,566,181,230,29
503,566,181,230,29
504,566,181,230,29
505,566,181,230,29
506,566,181,230,29
507,566,181,230,29
508,566,181,230,29
509,566,181,230,29
510,566,181,230,29
511,566,182,230,32
512,566,194,234,69
474,567,189,233,53
475,567,181,230,29
476,567,181,230,29
477,567,181,230,29
478,567,181,230,29
479,567,181,230,29
480,567,181,230,29
481,567,181,230,29
482,567,181,230,29
483,567,181,230,29
484,567,181,230,29
485,567,181,230,29
486,567,181,230,29
487,567,181,230,29
488,567,181,230,29
489,567,181,230,29
490,567,181,230,29
491,567,181,230,29
492,567,181,230,29
493,567,181,230,29
494,567,181,230,29
495,567,181,230,29
496,567,181,230,29
497,567,181,230,29
498,567,181,230,29
499,567,181,230,29
500,567,181,230,29
501,567,181,230,29
502,567,181,230,29
503,567,181,230,29
504,567,181,230,29
505,567,181,230,29
506,567,181,230,29
507,567,181,230,29
508,567,181,230,29
509,567,181,230,29
510,567,182,230,32
511,567,194,234,69
474,568,195,235,72
475,568,182,230,32
476,568,181,230,29
477,568,181,230,29
478,568,181,230,29
479,568,181,230,29
480,568,181,230,29
481,568,181,230,29
482,568,181,230,29
483,568,181,230,29
484,568,181,230,29
485,568,181,230,29
486,568,181,230,29
487,568,181,230,29
488,568,181,230,29
489,568,181,230,29
490,568,181,230,29
491,568,181,230,29
492,568,181,230,29
493,568,181,230,29
494,568,181,230,29
495,568,181,230,29
496,568,181,230,29
497,568,181,230,29
498,568,181,230,29
499,568,181,230,29
500,568,181,230,29
501,568,181,230,29
502,568,181,230,29
503,568,181,230,29
504,568,181,230,29
505,568,181,230,29
506,568,181,230,29
507,568,181,230,29
508,568,181,230,29
509,568,182,230,32
510,568,194,234,69
475,569,195,235,72
476,569,189,233,53
477,569,189,233,53
478,569,189,233,53
479,569,189,233,53
480,569,189,233,53
481,569,189,233,53
482,569,189,233,53
483,569,189,233,53
484,569,189,233,53
485,569,189,233,53
486,569,189,233,53
487,569,189,233,53
488,569,189,233,53
489,569,189,233,53
490,569,189,233,53
491,569,189,233,53
492,569,189,233,53
493,569,189,233,53
494,569,188,232,51
495,569,182,230,32
496,569,181,230,29
497,569,181,230,29
498,569,181,230,29
499,569,181,230,29
500,569,181,230,29
501,569,181,230,29
502,569,181,230,29
503,569,181,230,29
504,569,181,230,29
505,569,181,230,29
506,569,181,230,29
507,569,181,230,29
508,569,182,230,32
509,569,194,234,69
495,570,188,232,51
496,570,181,230,29
497,570,181,230,29
498,570,181,230,29
499,570,181,230,29
500,570,181,230,29
501,570,181,230,29
502,570,181,230,29
503,570,181,230,29
504,570,181,230,29
505,570,181,230,29
506,570,182,230,32
507,570,188,232,51
508,570,195,235,72
495,571,189,233,53
496,571,181,230,29
497,571,181,230,29
498,571,181,230,29
499,571,181,230,29
500,571,181,230,29
501,571,181,230,29
502,571,181,230,29
503,571,181,230,29
504,571,181,230,29
505,571,182,230,32
506,571,194,234,69
495,572,189,233,53
496,572,181,230,29
497,572,181,230,29
498,572,181,230,29
499,572,181,230,29
500,572,181,230,29
501,572,181,230,29
502,572,181,230,29
503,572,181,230,29
504,572,182,230,32
505,572,194,234,69
495,573,189,233,53
496,573,181,230,29
497,573,181,230,29
498,573,181,230,29
499,573,181,230,29
500,573,181,230,29
501,573,181,230,29
502,573,181,230,29
503,573,182,230,32
504,573,194,234,69
495,574,189,233,53
496,574,181,230,29
497,574,181,230,29
498,574,181,230,29
499,574,181,230,29
500,574,181,230,29
501,574,181,230,29
502,574,182,230,32
503,574,194,234,69
495,575,189,233,53
496,575,181,230,29
497,575,181,230,29
498,575,181,230,29
499,575,181,230,29
500,575,182,230,32
501,575,188,232,51
502,575,195,235,72
495,576,189,233,53
496,576,181,230,29
497,576,181,230,29
498,576,181,230,29
499,576,182,230,32
500,576,194,234,69
495,577,195,235,72
496,577,182,230,32
497,577,181,230,29
498,577,182,230,32
499,577,194,234,69
496,578,195,235,72
497,578,189,233,53
498,578,195,235,72
