954,944,195,235,72
955,944,189,233,53
956,944,195,235,72
953,945,195,235,72
954,945,182,230,32
955,945,181,230,29
956,945,182,230,32
957,945,195,235,72
953,946,189,233,53
954,946,181,230,29
955,946,181,230,29
956,946,181,230,29
957,946,188,232,51
953,947,188,232,51
954,947,181,230,29
955,947,181,230,29
956,947,181,230,29
957,947,182,230,32
958,947,195,235,72
952,948,195,235,72
953,948,182,230,32
954,948,181,230,29
955,948,181,230,29
956,948,181,230,29
957,948,181,230,29
958,948,189,233,53
952,949,188,232,51
953,949,181,230,29
954,949,181,230,29
955,949,181,230,29
956,949,181,230,29
957,949,181,230,29
958,949,188,232,51
951,950,195,235,72
952,950,182,230,32
953,950,181,230,29
954,950,181,230,29
955,950,181,230,29
956,950,181,230,29
957,950,181,230,29
958,950,182,230,32
959,950,195,235,72
951,951,189,233,53
952,951,181,230,29
953,951,181,230,29
954,951,181,230,29
955,951,181,230,29
956,951,181,230,29
957,951,181,230,29
958,951,181,230,29
959,951,189,233,53
951,952,188,232,51
952,952,181,230,29
953,952,181,230,29
954,952,181,230,29
955,952,181,230,29
956,952,181,230,29
957,952,181,230,29
958,952,181,230,29
959,952,188,232,51
950,953,195,235,72
951,953,182,230,32
952,953,181,230,29
953,953,181,230,29
954,953,181,230,29
955,953,181,230,29
956,953,181,230,29
957,953,181,230,29
958,953,181,230,29
959,953,182,230,32
960,953,195,235,72
950,954,188,232,51
951,954,181,230,29
952,954,181,230,29
953,954,181,230,29
954,954,181,230,29
955,954,181,230,29
956,954,181,230,29
957,954,181,230,29
958,954,181,230,29
959,954,181,230,29
960,954,188,232,51
947,955,195,235,72
948,955,189,233,53
949,955,188,232,51
950,955,182,230,32
951,955,181,230,29
952,955,181,230,29
953,955,181,230,29
954,955,181,230,29
955,955,181,230,29
956,955,181,230,29
957,955,181,230,29
958,955,181,230,29
959,955,181,230,29
960,955,182,230,32
961,955,188,232,51
962,955,189,233,53
963,955,195,235,72
944,956,195,235,72
945,956,189,233,53
946,956,188,232,51
947,956,182,230,32
948,956,181,230,29
949,956,181,230,29
950,956,181,230,29
951,956,181,230,29
952,956,181,230,29
953,956,181,230,29
954,956,181,230,29
955,956,181,230,29
956,956,181,230,29
957,956,181,230,29
958,956,181,230,29
959,956,181,230,29
960,956,181,230,29
961,956,181,230,29
962,956,181,230,29
963,956,182,230,32
964,956,188,232,51
965,956,189,233,53
966,956,195,235,72
940,957,195,235,72
941,957,189,233,53
942,957,189,233,53
943,957,188,232,51
944,957,182,230,32
945,957,181,230,29
946,957,181,230,29
947,957,181,230,29
948,957,181,230,29
949,957,181,230,29
950,957,181,230,29
951,957,181,230,29
952,957,181,230,29
953,957,181,230,29
954,957,181,230,29
955,957,181,230,29
956,957,181,230,29
957,957,181,230,29
958,957,181,230,29
959,957,181,230,29
960,957,181,230,29
961,957,181,230,29
962,957,181,230,29
963,957,181,230,29
964,957,181,230,29
965,957,181,230,29
966,957,182,230,32
967,957,188,232,51
968,957,189,233,53
969,957,189,233,53
970,957,195,235,72
939,958,194,234,69
940,958,182,230,32
941,958,181,230,29
942,958,181,230,29
943,958,181,230,29
944,958,181,230,29
945,958,181,230,29
946,958,181,230,29
947,958,181,230,29
948,958,181,230,29
949,958,181,230,29
950,958,181,230,29
951,958,181,230,29
952,958,181,230,29
953,958,181,230,29
954,958,181,230,29
955,958,181,230,29
956,958,181,230,29
957,958,181,230,29
958,958,181,230,29
959,958,181,230,29
960,958,181,230,29
961,958,181,230,29
962,958,181,230,29
963,958,181,230,29
964,958,181,230,29
965,958,181,230,29
966,958,181,230,29
967,958,181,230,29
968,958,181,230,29
969,958,181,230,29
970,958,182,230,32
971,958,194,234,69
938,959,195,235,72
939,959,182,230,32
940,959,181,230,29
941,959,181,230,29
942,959,181,230,29
943,959,181,230,29
944,959,181,230,29
945,959,181,230,29
946,959,181,230,29
947,959,181,230,29
948,959,181,230,29
949,959,181,230,29
950,959,181,230,29
951,959,181,230,29
952,959,181,230,29
953,959,181,230,29
954,959,181,230,29
955,959,181,230,29
956,959,181,230,29
957,959,181,230,29
958,959,181,230,29
959,959,181,230,29
960,959,181,230,29
961,959,181,230,29
962,959,181,230,29
963,959,181,230,29
964,959,181,230,29
965,959,181,230,29
966,959,181,230,29
967,959,181,230,29
968,959,181,230,29
969,959,181,230,29
970,959,181,230,29
971,959,182,230,32
972,959,195,235,72
938,960,195,235,72
939,960,182,230,32
940,960,181,230,29
941,960,181,230,29
942,960,181,230,29
943,960,181,230,29
944,960,181,230,29
945,960,181,230,29
946,960,181,230,29
947,960,181,230,29
948,960,181,230,29
949,960,181,230,29
950,960,181,230,29
951,960,181,230,29
952,960,181,230,29
953,960,181,230,29
954,960,181,230,29
955,960,181,230,29
956,960,181,230,29
957,960,181,230,29
958,960,181,230,29
959,960,181,230,29
960,960,181,230,29
961,960,181,230,29
962,960,181,230,29
963,960,181,230,29
964,960,181,230,29
965,960,181,230,29
966,960,181,230,29
967,960,181,230,29
968,960,181,230,29
969,960,181,230,29
970,960,181,230,29
971,960,182,230,32
972,960,195,235,72
939,961,194,234,69
940,961,182,230,32
941,961,181,230,29
942,961,181,230,29
943,961,181,230,29
944,961,181,230,29
945,961,181,230,29
946,961,181,230,29
947,961,181,230,29
948,961,181,230,29
949,961,181,230,29
950,961,181,230,29
951,961,181,230,29
952,961,181,230,29
953,961,181,230,29
954,961,181,230,29
955,961,181,230,29
956,961,181,230,29
957,961,181,230,29
958,961,181,230,29
959,961,181,230,29
960,961,181,230,29
961,961,181,230,29
962,961,181,230,29
963,961,181,230,29
964,961,181,230,29
965,961,181,230,29
966,961,181,230,29
967,961,181,230,29
968,961,181,230,29
969,961,181,230,29
970,961,182,230,32
971,961,194,234,69
940,962,195,235,72
941,962,189,233,53
942,962,189,233,53
943,962,188,232,51
944,962,182,230,32
945,962,181,230,29
946,962,181,230,29
947,962,181,230,29
948,962,181,230,29
949,962,181,230,29
950,962,181,230,29
951,962,181,230,29
952,962,181,230,29
953,962,181,230,29
954,962,181,230,29
955,962,181,230,29
956,962,181,230,29
957,962,181,230,29
958,962,181,230,29
959,962,181,230,29
960,962,181,230,29
961,962,181,230,29
962,962,181,230,29
963,962,181,230,29
964,962,181,230,29
965,962,181,230,29
966,962,182,230,32
967,962,188,232,51
968,962,189,233,53
969,962,189,233,53
970,962,195,235,72
944,963,195,235,72
945,963,189,233,53
946,963,188,232,51
947,963,182,230,32
948,963,181,230,29
949,963,181,230,29
950,963,181,230,29
951,963,181,230,29
952,963,181,230,29
953,963,181,230,29
954,963,181,230,29
955,963,181,230,29
956,963,181,230,29
957,963,181,230,29
958,963,181,230,29
959,963,181,230,29
960,963,181,230,29
961,963,181,230,29
962,963,181,230,29
963,963,182,230,32
964,963,188,232,51
965,963,189,233,53
966,963,195,235,72
947,964,195,235,72
948,964,189,233,53
949,964,188,232,51
950,964,182,230,32
951,964,181,230,29
952,964,181,230,29
953,964,181,230,29
954,964,181,230,29
955,964,181,230,29
956,964,181,230,29
957,964,181,230,29
958,964,181,230,29
959,964,181,230,29
960,964,182,230,32
961,964,188,232,51
962,964,189,233,53
963,964,195,235,72
950,965,188,232,51
951,965,181,230,29
952,965,181,230,29
953,965,181,230,29
954,965,181,230,29
955,965,181,230,29
956,965,181,230,29
957,965,181,230,29
958,965,181,230,29
959,965,181,230,29
960,965,188,232,51
950,966,195,235,72
951,966,182,230,32
952,966,181,230,29
953,966,181,230,29
954,966,181,230,29
955,966,181,230,29
956,966,181,230,29
957,966,181,230,29
958,966,181,230,29
959,966,182,230,32
960,966,195,235,72
951,967,188,232,51
952,967,181,230,29
953,967,181,230,29
954,967,181,230,29
955,967,181,230,29
956,967,181,230,29
957,967,181,230,29
958,967,181,230,29
959,967,188,232,51
951,968,189,233,53
952,968,181,230,29
953,968,181,230,29
954,968,181,230,29
955,968,181,230,29
956,968,181,230,29
957,968,181,230,29
958,968,181,230,29
959,968,189,233,53
951,969,195,235,72
952,969,182,230,32
953,969,181,230,29
954,969,181,230,29
955,969,181,230,29
956,969,181,230,29
957,969,181,230,29
958,969,182,230,32
959,969,195,235,72
952,970,188,232,51
953,970,181,230,29
954,970,181,230,29
955,970,181,230,29
956,970,181,230,29
957,970,181,230,29
958,970,188,232,51
952,971,195,235,72
953,971,182,230,32
954,971,181,230,29
955,971,181,230,29
956,971,181,230,29
957,971,181,230,29
958,971,189,233,53
953,972,188,232,51
954,972,181,230,29
955,972,181,230,29
956,972,181,230,29
957,972,182,230,32
958,972,195,235,72
953,973,189,233,53
954,973,181,230,29
955,973,181,230,29
956,973,181,230,29
957,973,188,232,51
953,974,195,235,72
954,974,182,230,32
955,974,181,230,29
956,974,182,230,32
957,974,195,235,72
954,975,195,235,72
955,975,189,233,53
956,975,195,235,72
