959,773,195,235,72
960,773,195,235,72
958,774,194,234,69
959,774,182,230,32
960,774,182,230,32
961,774,194,234,69
957,775,195,235,72
958,775,182,230,32
959,775,181,230,29
960,775,181,230,29
961,775,182,230,32
962,775,195,235,72
957,776,189,233,53
958,776,181,230,29
959,776,181,230,29
960,776,181,230,29
961,776,181,230,29
962,776,189,233,53
957,777,189,233,53
958,777,181,230,29
959,777,181,230,29
960,777,181,230,29
961,777,181,230,29
962,777,189,233,53
957,778,188,232,51
958,778,181,230,29
959,778,181,230,29
960,778,181,230,29
961,778,181,230,29
962,778,188,232,51
956,779,195,235,72
957,779,182,230,32
958,779,181,230,29
959,779,181,230,29
960,779,181,230,29
961,779,181,230,29
962,779,182,230,32
963,779,195,235,72
956,780,189,233,53
957,780,181,230,29
958,780,181,230,29
959,780,181,230,29
960,780,181,230,29
961,780,181,230,29
962,780,181,230,29
963,780,189,233,53
956,781,189,233,53
957,781,181,230,29
958,781,181,230,29
959,781,181,230,29
960,781,181,230,29
961,781,181,230,29
962,781,181,230,29
963,781,189,233,53
956,782,188,232,51
957,782,181,230,29
958,782,181,230,29
959,782,181,230,29
960,782,181,230,29
961,782,181,230,29
962,782,181,230,29
963,782,188,232,51
955,783,195,235,72
956,783,182,230,32
957,783,181,230,29
958,783,181,230,29
959,783,181,230,29
960,783,181,230,29
961,783,181,230,29
962,783,181,230,29
963,783,182,230,32
964,783,195,235,72
955,784,189,233,53
956,784,181,230,29
957,784,181,230,29
958,784,181,230,29
959,784,181,230,29
960,784,181,230,29
961,784,181,230,29
962,784,181,230,29
963,784,181,230,29
964,784,189,233,53
955,785,189,233,53
956,785,181,230,29
957,785,181,230,29
958,785,181,230,29
959,785,181,230,29
960,785,181,230,29
961,785,181,230,29
962,785,181,230,29
963,785,181,230,29
964,785,189,233,53
955,786,188,232,51
956,786,181,230,29
957,786,181,230,29
958,786,181,230,29
959,786,181,230,29
960,786,181,230,29
961,786,181,230,29
962,786,181,230,29
963,786,181,230,29
964,786,188,232,51
954,787,194,234,69
955,787,182,230,32
956,787,181,230,29
957,787,181,230,29
958,787,181,230,29
959,787,181,230,29
960,787,181,230,29
961,787,181,230,29
962,787,181,230,29
963,787,181,230,29
964,787,182,230,32
965,787,194,234,69
951,788,195,235,72
952,788,189,233,53
953,788,188,232,51
954,788,182,230,32
955,788,181,230,29
956,788,181,230,29
957,788,181,230,29
958,788,181,230,29
959,788,181,230,29
960,788,181,230,29
961,788,181,230,29
962,788,181,230,29
963,788,181,230,29
964,788,181,230,29
965,788,182,230,32
966,788,188,232,51
967,788,189,233,53
968,788,195,235,72
949,789,195,235,72
950,789,188,232,51
951,789,182,230,32
952,789,181,230,29
953,789,181,230,29
954,789,181,230,29
955,789,181,230,29
956,789,181,230,29
957,789,181,230,29
958,789,181,230,29
959,789,181,230,29
960,789,181,230,29
961,789,181,230,29
962,789,181,230,29
963,789,181,230,29
964,789,181,230,29
965,789,181,230,29
966,789,181,230,29
967,789,181,230,29
968,789,182,230,32
969,789,188,232,51
970,789,195,235,72
946,790,195,235,72
947,790,189,233,53
948,790,188,232,51
949,790,182,230,32
950,790,181,230,29
951,790,181,230,29
952,790,181,230,29
953,790,181,230,29
954,790,181,230,29
955,790,181,230,29
956,790,181,230,29
957,790,181,230,29
958,790,181,230,29
959,790,181,230,29
960,790,181,230,29
961,790,181,230,29
962,790,181,230,29
963,790,181,230,29
964,790,181,230,29
965,790,181,230,29
966,790,181,230,29
967,790,181,230,29
968,790,181,230,29
969,790,181,230,29
970,790,182,230,32
971,790,188,232,51
972,790,189,233,53
973,790,195,235,72
944,791,195,235,72
945,791,188,232,51
946,791,182,230,32
947,791,181,230,29
948,791,181,230,29
949,791,181,230,29
950,791,181,230,29
951,791,181,230,29
952,791,181,230,29
953,791,181,230,29
954,791,181,230,29
955,791,181,230,29
956,791,181,230,29
957,791,181,230,29
958,791,181,230,29
959,791,181,230,29
960,791,181,230,29
961,791,181,230,29
962,791,181,230,29
963,791,181,230,29
964,791,181,230,29
965,791,181,230,29
966,791,181,230,29
967,791,181,230,29
968,791,181,230,29
969,791,181,230,29
970,791,181,230,29
971,791,181,230,29
972,791,181,230,29
973,791,182,230,32
974,791,188,232,51
975,791,195,235,72
943,792,195,235,72
944,792,182,230,32
945,792,181,230,29
946,792,181,230,29
947,792,181,230,29
948,792,181,230,29
949,792,181,230,29
950,792,181,230,29
951,792,181,230,29
952,792,181,230,29
953,792,181,230,29
954,792,181,230,29
955,792,181,230,29
956,792,181,230,29
957,792,181,230,29
958,792,181,230,29
959,792,181,230,29
960,792,181,230,29
961,792,181,230,29
962,792,181,230,29
963,792,181,230,29
964,792,181,230,29
965,792,181,230,29
966,792,181,230,29
967,792,181,230,29
968,792,181,230,29
969,792,181,230,29
970,792,181,230,29
971,792,181,230,29
972,792,181,230,29
973,792,181,230,29
974,792,181,230,29
975,792,182,230,32
976,792,195,235,72
943,793,189,233,53
944,793,181,230,29
945,793,181,230,29
946,793,181,230,29
947,793,181,230,29
948,793,181,230,29
949,793,181,230,29
950,793,181,230,29
951,793,181,230,29
952,793,181,230,29
953,793,181,230,29
954,793,181,230,29
955,793,181,230,29
956,793,181,230,29
957,793,181,230,29
958,793,181,230,29
959,793,181,230,29
960,793,181,230,29
961,793,181,230,29
962,793,181,230,29
963,793,181,230,29
964,793,181,230,29
965,793,181,230,29
966,793,181,230,29
967,793,181,230,29
968,793,181,230,29
969,793,181,230,29
970,793,181,230,29
971,793,181,230,29
972,793,181,230,29
973,793,181,230,29
974,793,181,230,29
975,793,181,230,29
976,793,189,233,53
943,794,195,235,72
944,794,182,230,32
945,794,181,230,29
946,794,181,230,29
947,794,181,230,29
948,794,181,230,29
949,794,181,230,29
950,794,181,230,29
951,794,181,230,29
952,794,181,230,29
953,794,181,230,29
954,794,181,230,29
955,794,181,230,29
956,794,181,230,29
957,794,181,230,29
958,794,181,230,29
959,794,181,230,29
960,794,181,230,29
961,794,181,230,29
962,794,181,230,29
963,794,181,230,29
964,794,181,230,29
965,794,181,230,29
966,794,181,230,29
967,794,181,230,29
968,794,181,230,29
969,794,181,230,29
970,794,181,230,29
971,794,181,230,29
972,794,181,230,29
973,794,181,230,29
974,794,181,230,29
975,794,182,230,32
976,794,195,235,72
944,795,195,235,72
945,795,188,232,51
946,795,182,230,32
947,795,181,230,29
948,795,181,230,29
949,795,181,230,29
950,795,181,230,29
951,795,181,230,29
952,795,181,230,29
953,795,181,230,29
954,795,181,230,29
955,795,181,230,29
956,795,181,230,29
957,795,181,230,29
958,795,181,230,29
959,795,181,230,29
960,795,181,230,29
961,795,181,230,29
962,795,181,230,29
963,795,181,230,29
964,795,181,230,29
965,795,181,230,29
966,795,181,230,29
967,795,181,230,29
968,795,181,230,29
969,795,181,230,29
970,795,181,230,29
971,795,181,230,29
972,795,181,230,29
973,795,182,230,32
974,795,188,232,51
975,795,195,235,72
946,796,195,235,72
947,796,189,233,53
948,796,188,232,51
949,796,182,230,32
950,796,181,230,29
951,796,181,230,29
952,796,181,230,29
953,796,181,230,29
954,796,181,230,29
955,796,181,230,29
956,796,181,230,29
957,796,181,230,29
958,796,181,230,29
959,796,181,230,29
960,796,181,230,29
961,796,181,230,29
962,796,181,230,29
963,796,181,230,29
964,796,181,230,29
965,796,181,230,29
966,796,181,230,29
967,796,181,230,29
968,796,181,230,29
969,796,181,230,29
970,796,182,230,32
971,796,188,232,51
972,796,189,233,53
973,796,195,235,72
949,797,195,235,72
950,797,188,232,51
951,797,182,230,32
952,797,181,230,29
953,797,181,230,29
954,797,181,230,29
955,797,181,230,29
956,797,181,230,29
957,797,181,230,29
958,797,181,230,29
959,797,181,230,29
960,797,181,230,29
961,797,181,230,29
962,797,181,230,29
963,797,181,230,29
964,797,181,230,29
965,797,181,230,29
966,797,181,230,29
967,797,181,230,29
968,797,182,230,32
969,797,188,232,51
970,797,195,235,72
951,798,195,235,72
952,798,189,233,53
953,798,188,232,51
954,798,182,230,32
955,798,181,230,29
956,798,181,230,29
957,798,181,230,29
958,798,181,230,29
959,798,181,230,29
960,798,181,230,29
961,798,181,230,29
962,798,181,230,29
963,798,181,230,29
964,798,181,230,29
965,798,182,230,32
966,798,188,232,51
967,798,189,233,53
968,798,195,235,72
954,799,194,234,69
955,799,182,230,32
956,799,181,230,29
957,799,181,230,29
958,799,181,230,29
959,799,181,230,29
960,799,181,230,29
961,799,181,230,29
962,799,181,230,29
963,799,181,230,29
964,799,182,230,32
965,799,194,234,69
955,800,188,232,51
956,800,181,230,29
957,800,181,230,29
958,800,181,230,29
959,800,181,230,29
960,800,181,230,29
961,800,181,230,29
962,800,181,230,29
963,800,181,230,29
964,800,188,232,51
955,801,189,233,53
956,801,181,230,29
957,801,181,230,29
958,801,181,230,29
959,801,181,230,29
960,801,181,230,29
961,801,181,230,29
962,801,181,230,29
963,801,181,230,29
964,801,189,233,53
955,802,189,233,53
956,802,181,230,29
957,802,181,230,29
958,802,181,230,29
959,802,181,230,29
960,802,181,230,29
961,802,181,230,29
962,802,181,230,29
963,802,181,230,29
964,802,189,233,53
955,803,195,235,72
956,803,182,230,32
957,803,181,230,29
958,803,181,230,29
959,803,181,230,29
960,803,181,230,29
961,803,181,230,29
962,803,181,230,29
963,803,182,230,32
964,803,195,235,72
956,804,188,232,51
957,804,181,230,29
958,804,181,230,29
959,804,181,230,29
960,804,181,230,29
961,804,181,230,29
962,804,181,230,29
963,804,188,232,51
956,805,189,233,53
957,805,181,230,29
958,805,181,230,29
959,805,181,230,29
960,805,181,230,29
961,805,181,230,29
962,805,181,230,29
963,805,189,233,53
956,806,189,233,53
957,806,181,230,29
958,806,181,230,29
959,806,181,230,29
960,806,181,230,29
961,806,181,230,29
962,806,181,230,29
963,806,189,233,53
956,807,195,235,72
957,807,182,230,32
958,807,181,230,29
959,807,181,230,29
960,807,181,230,29
961,807,181,230,29
962,807,182,230,32
963,807,195,235,72
957,808,188,232,51
958,808,181,230,29
959,808,181,230,29
960,808,181,230,29
961,808,181,230,29
962,808,188,232,51
957,809,189,233,53
958,809,181,230,29
959,809,181,230,29
960,809,181,230,29
961,809,181,230,29
962,809,189,233,53
957,810,189,233,53
958,810,181,230,29
959,810,181,230,29
960,810,181,230,29
961,810,181,230,29
962,810,189,233,53
957,811,195,235,72
958,811,182,230,32
959,811,181,230,29
960,811,181,230,29
961,811,182,230,32
962,811,195,235,72
958,812,194,234,69
959,812,182,230,32
960,812,181,230,29
961,812,188,232,51
959,813,195,235,72
960,813,189,233,53
