591,937,195,235,72
592,937,189,233,53
593,937,189,233,53
594,937,189,233,53
595,937,189,233,53
596,937,189,233,53
597,937,189,233,53
598,937,189,233,53
599,937,189,233,53
600,937,189,233,53
601,937,189,233,53
602,937,189,233,53
603,937,189,233,53
604,937,189,233,53
605,937,189,233,53
606,937,189,233,53
607,937,195,235,72
590,938,194,234,69
591,938,182,230,32
592,938,181,230,29
593,938,181,230,29
594,938,181,230,29
595,938,181,230,29
596,938,181,230,29
597,938,181,230,29
598,938,181,230,29
599,938,181,230,29
600,938,181,230,29
601,938,181,230,29
602,938,181,230,29
603,938,181,230,29
604,938,181,230,29
605,938,181,230,29
606,938,181,230,29
607,938,182,230,32
608,938,194,234,69
589,939,194,234,69
590,939,182,230,32
591,939,181,230,29
592,939,181,230,29
593,939,181,230,29
594,939,181,230,29
595,939,181,230,29
596,939,181,230,29
597,939,181,230,29
598,939,181,230,29
599,939,181,230,29
600,939,181,230,29
601,939,181,230,29
602,939,181,230,29
603,939,181,230,29
604,939,181,230,29
605,939,181,230,29
606,939,181,230,29
607,939,181,230,29
608,939,182,230,32
609,939,188,232,51
588,940,195,235,72
589,940,182,230,32
590,940,181,230,29
591,940,181,230,29
592,940,181,230,29
593,940,181,230,29
594,940,181,230,29
595,940,181,230,29
596,940,181,230,29
597,940,181,230,29
598,940,181,230,29
599,940,181,230,29
600,940,181,230,29
601,940,181,230,29
602,940,181,230,29
603,940,181,230,29
604,940,181,230,29
605,940,181,230,29
606,940,181,230,29
607,940,181,230,29
608,940,181,230,29
609,940,181,230,29
610,940,188,232,51
588,941,188,232,51
589,941,181,230,29
590,941,181,230,29
591,941,181,230,29
592,941,181,230,29
593,941,181,230,29
594,941,181,230,29
595,941,181,230,29
596,941,181,230,29
597,941,181,230,29
598,941,181,230,29
599,941,181,230,29
600,941,181,230,29
601,941,181,230,29
602,941,181,230,29
603,941,181,230,29
604,941,181,230,29
605,941,181,230,29
606,941,181,230,29
607,941,181,230,29
608,941,181,230,29
609,941,181,230,29
610,941,182,230,32
611,941,195,235,72
587,942,195,235,72
588,942,182,230,32
589,942,181,230,29
590,942,181,230,29
591,942,181,230,29
592,942,181,230,29
593,942,181,230,29
594,942,181,230,29
595,942,181,230,29
596,942,181,230,29
597,942,181,230,29
598,942,181,230,29
599,942,181,230,29
600,942,181,230,29
601,942,181,230,29
602,942,181,230,29
603,942,181,230,29
604,942,181,230,29
605,942,181,230,29
606,942,181,230,29
607,942,181,230,29
608,942,181,230,29
609,942,181,230,29
610,942,181,230,29
611,942,189,233,53
587,943,189,233,53
588,943,181,230,29
589,943,181,230,29
590,943,181,230,29
591,943,181,230,29
592,943,181,230,29
593,943,181,230,29
594,943,181,230,29
595,943,181,230,29
596,943,181,230,29
597,943,181,230,29
598,943,181,230,29
599,943,181,230,29
600,943,181,230,29
601,943,181,230,29
602,943,181,230,29
603,943,181,230,29
604,943,181,230,29
605,943,181,230,29
606,943,181,230,29
607,943,181,230,29
608,943,181,230,29
609,943,181,230,29
610,943,181,230,29
611,943,188,232,51
587,944,189,233,53
588,944,181,230,29
589,944,181,230,29
590,944,181,230,29
591,944,181,230,29
592,944,181,230,29
593,944,181,230,29
594,944,181,230,29
595,944,181,230,29
596,944,181,230,29
597,944,181,230,29
598,944,181,230,29
599,944,181,230,29
600,944,181,230,29
601,944,181,230,29
602,944,181,230,29
603,944,181,230,29
604,944,181,230,29
605,944,181,230,29
606,944,181,230,29
607,944,181,230,29
608,944,181,230,29
609,944,181,230,29
610,944,181,230,29
611,944,182,230,32
612,944,195,235,72
587,945,189,233,53
588,945,181,230,29
589,945,181,230,29
590,945,181,230,29
591,945,181,230,29
592,945,181,230,29
593,945,181,230,29
594,945,181,230,29
595,945,181,230,29
596,945,181,230,29
597,945,181,230,29
598,945,181,230,29
599,945,181,230,29
600,945,181,230,29
601,945,181,230,29
602,945,181,230,29
603,945,181,230,29
604,945,181,230,29
605,945,181,230,29
606,945,181,230,29
607,945,181,230,29
608,945,181,230,29
609,945,181,230,29
610,945,181,230,29
611,945,181,230,29
612,945,188,232,51
587,946,189,233,53
588,946,181,230,29
589,946,181,230,29
590,946,181,230,29
591,946,181,230,29
592,946,181,230,29
593,946,181,230,29
594,946,181,230,29
595,946,181,230,29
596,946,181,230,29
597,946,181,230,29
598,946,181,230,29
599,946,181,230,29
600,946,181,230,29
601,946,181,230,29
602,946,181,230,29
603,946,181,230,29
604,946,181,230,29
605,946,181,230,29
606,946,181,230,29
607,946,181,230,29
608,946,181,230,29
609,946,181,230,29
610,946,181,230,29
611,946,181,230,29
612,946,182,230,32
613,946,194,234,69
587,947,189,233,53
588,947,181,230,29
589,947,181,230,29
590,947,181,230,29
591,947,181,230,29
592,947,181,230,29
593,947,181,230,29
594,947,181,230,29
595,947,181,230,29
596,947,181,230,29
597,947,181,230,29
598,947,181,230,29
599,947,181,230,29
600,947,181,230,29
601,947,181,230,29
602,947,181,230,29
603,947,181,230,29
604,947,181,230,29
605,947,181,230,29
606,947,181,230,29
607,947,181,230,29
608,947,181,230,29
609,947,181,230,29
610,947,181,230,29
611,947,181,230,29
612,947,181,230,29
613,947,182,230,32
614,947,195,235,72
587,948,189,233,53
588,948,181,230,29
589,948,181,230,29
590,948,181,230,29
591,948,181,230,29
592,948,181,230,29
593,948,181,230,29
594,948,181,230,29
595,948,181,230,29
596,948,181,230,29
597,948,181,230,29
598,948,181,230,29
599,948,181,230,29
600,948,181,230,29
601,948,181,230,29
602,948,181,230,29
603,948,181,230,29
604,948,181,230,29
605,948,181,230,29
606,948,181,230,29
607,948,181,230,29
608,948,181,230,29
609,948,181,230,29
610,948,181,230,29
611,948,181,230,29
612,948,181,230,29
613,948,181,230,29
614,948,189,233,53
587,949,189,233,53
588,949,181,230,29
589,949,181,230,29
590,949,181,230,29
591,949,181,230,29
592,949,181,230,29
593,949,181,230,29
594,949,181,230,29
595,949,181,230,29
596,949,181,230,29
597,949,181,230,29
598,949,181,230,29
599,949,181,230,29
600,949,181,230,29
601,949,181,230,29
602,949,181,230,29
603,949,181,230,29
604,949,181,230,29
605,949,181,230,29
606,949,181,230,29
607,949,181,230,29
608,949,181,230,29
609,949,181,230,29
610,949,181,230,29
611,949,181,230,29
612,949,181,230,29
613,949,182,230,32
614,949,195,235,72
587,950,189,233,53
588,950,181,230,29
589,950,181,230,29
590,950,181,230,29
591,950,181,230,29
592,950,181,230,29
593,950,181,230,29
594,950,181,230,29
595,950,181,230,29
596,950,181,230,29
597,950,181,230,29
598,950,181,230,29
599,950,181,230,29
600,950,181,230,29
601,950,181,230,29
602,950,181,230,29
603,950,181,230,29
604,950,181,230,29
605,950,181,230,29
606,950,181,230,29
607,950,181,230,29
608,950,181,230,29
609,950,181,230,29
610,950,181,230,29
611,950,181,230,29
612,950,181,230,29
613,950,188,232,51
587,951,189,233,53
588,951,181,230,29
589,951,181,230,29
590,951,181,230,29
591,951,181,230,29
592,951,181,230,29
593,951,181,230,29
594,951,181,230,29
595,951,181,230,29
596,951,181,230,29
597,951,181,230,29
598,951,181,230,29
599,951,181,230,29
600,951,181,230,29
601,951,181,230,29
602,951,181,230,29
603,951,181,230,29
604,951,181,230,29
605,951,181,230,29
606,951,181,230,29
607,951,181,230,29
608,951,181,230,29
609,951,181,230,29
610,951,181,230,29
611,951,181,230,29
612,951,182,230,32
613,951,195,235,72
587,952,189,233,53
588,952,181,230,29
589,952,181,230,29
590,952,181,230,29
591,952,181,230,29
592,952,181,230,29
593,952,181,230,29
594,952,181,230,29
595,952,181,230,29
596,952,181,230,29
597,952,181,230,29
598,952,181,230,29
599,952,181,230,29
600,952,181,230,29
601,952,181,230,29
602,952,181,230,29
603,952,181,230,29
604,952,181,230,29
605,952,181,230,29
606,952,181,230,29
607,952,181,230,29
608,952,181,230,29
609,952,181,230,29
610,952,181,230,29
611,952,182,230,32
612,952,194,234,69
587,953,189,233,53
588,953,181,230,29
589,953,181,230,29
590,953,181,230,29
591,953,181,230,29
592,953,181,230,29
593,953,181,230,29
594,953,181,230,29
595,953,181,230,29
596,953,181,230,29
597,953,181,230,29
598,953,181,230,29
599,953,181,230,29
600,953,181,230,29
601,953,181,230,29
602,953,181,230,29
603,953,181,230,29
604,953,181,230,29
605,953,181,230,29
606,953,181,230,29
607,953,181,230,29
608,953,181,230,29
609,953,181,230,29
610,953,181,230,29
611,953,188,232,51
587,954,189,233,53
588,954,181,230,29
589,954,181,230,29
590,954,181,230,29
591,954,181,230,29
592,954,181,230,29
593,954,181,230,29
594,954,181,230,29
595,954,181,230,29
596,954,181,230,29
597,954,181,230,29
598,954,181,230,29
599,954,181,230,29
600,954,181,230,29
601,954,181,230,29
602,954,181,230,29
603,954,181,230,29
604,954,181,230,29
605,954,181,230,29
606,954,181,230,29
607,954,181,230,29
608,954,181,230,29
609,954,181,230,29
610,954,181,230,29
611,954,189,233,53
587,955,189,233,53
588,955,181,230,29
589,955,181,230,29
590,955,181,230,29
591,955,181,230,29
592,955,181,230,29
593,955,181,230,29
594,955,181,230,29
595,955,181,230,29
596,955,181,230,29
597,955,181,230,29
598,955,181,230,29
599,955,181,230,29
600,955,181,230,29
601,955,181,230,29
602,955,181,230,29
603,955,181,230,29
604,955,181,230,29
605,955,181,230,29
606,955,181,230,29
607,955,181,230,29
608,955,181,230,29
609,955,181,230,29
610,955,181,230,29
611,955,189,233,53
587,956,189,233,53
588,956,181,230,29
589,956,181,230,29
590,956,181,230,29
591,956,181,230,29
592,956,181,230,29
593,956,181,230,29
594,956,181,230,29
595,956,181,230,29
596,956,181,230,29
597,956,181,230,29
598,956,181,230,29
599,956,181,230,29
600,956,181,230,29
601,956,181,230,29
602,956,181,230,29
603,956,181,230,29
604,956,181,230,29
605,956,181,230,29
606,956,181,230,29
607,956,181,230,29
608,956,181,230,29
609,956,181,230,29
610,956,181,230,29
611,956,189,233,53
587,957,189,233,53
588,957,181,230,29
589,957,181,230,29
590,957,181,230,29
591,957,181,230,29
592,957,181,230,29
593,957,181,230,29
594,957,181,230,29
595,957,181,230,29
596,957,181,230,29
597,957,181,230,29
598,957,181,230,29
599,957,181,230,29
600,957,181,230,29
601,957,181,230,29
602,957,181,230,29
603,957,181,230,29
604,957,181,230,29
605,957,181,230,29
606,957,181,230,29
607,957,181,230,29
608,957,181,230,29
609,957,181,230,29
610,957,181,230,29
611,957,189,233,53
587,958,189,233,53
588,958,181,230,29
589,958,181,230,29
590,958,181,230,29
591,958,181,230,29
592,958,181,230,29
593,958,181,230,29
594,958,181,230,29
595,958,181,230,29
596,958,181,230,29
597,958,181,230,29
598,958,181,230,29
599,958,181,230,29
600,958,181,230,29
601,958,181,230,29
602,958,181,230,29
603,958,181,230,29
604,958,181,230,29
605,958,181,230,29
606,958,181,230,29
607,958,181,230,29
608,958,181,230,29
609,958,181,230,29
610,958,181,230,29
611,958,189,233,53
587,959,189,233,53
588,959,181,230,29
589,959,181,230,29
590,959,181,230,29
591,959,181,230,29
592,959,181,230,29
593,959,181,230,29
594,959,181,230,29
595,959,181,230,29
596,959,181,230,29
597,959,181,230,29
598,959,181,230,29
599,959,181,230,29
600,959,181,230,29
601,959,181,230,29
602,959,181,230,29
603,959,181,230,29
604,959,181,230,29
605,959,181,230,29
606,959,181,230,29
607,959,181,230,29
608,959,181,230,29
609,959,181,230,29
610,959,181,230,29
611,959,189,233,53
587,960,189,233,53
588,960,181,230,29
589,960,181,230,29
590,960,181,230,29
591,960,181,230,29
592,960,181,230,29
593,960,181,230,29
594,960,181,230,29
595,960,181,230,29
596,960,181,230,29
597,960,181,230,29
598,960,181,230,29
599,960,181,230,29
600,960,181,230,29
601,960,181,230,29
602,960,181,230,29
603,960,181,230,29
604,960,181,230,29
605,960,181,230,29
606,960,181,230,29
607,960,181,230,29
608,960,181,230,29
609,960,181,230,29
610,960,181,230,29
611,960,189,233,53
587,961,189,233,53
588,961,181,230,29
589,961,181,230,29
590,961,181,230,29
591,961,181,230,29
592,961,181,230,29
593,961,181,230,29
594,961,181,230,29
595,961,181,230,29
596,961,181,230,29
597,961,181,230,29
598,961,181,230,29
599,961,181,230,29
600,961,181,230,29
601,961,181,230,29
602,961,181,230,29
603,961,181,230,29
604,961,181,230,29
605,961,181,230,29
606,961,181,230,29
607,961,181,230,29
608,961,181,230,29
609,961,181,230,29
610,961,181,230,29
611,961,189,233,53
587,962,189,233,53
588,962,181,230,29
589,962,181,230,29
590,962,181,230,29
591,962,181,230,29
592,962,181,230,29
593,962,181,230,29
594,962,181,230,29
595,962,181,230,29
596,962,181,230,29
597,962,181,230,29
598,962,181,230,29
599,962,181,230,29
600,962,181,230,29
601,962,181,230,29
602,962,181,230,29
603,962,181,230,29
604,962,181,230,29
605,962,181,230,29
606,962,181,230,29
607,962,181,230,29
608,962,181,230,29
609,962,181,230,29
610,962,181,230,29
611,962,189,233,53
587,963,189,233,53
588,963,181,230,29
589,963,181,230,29
590,963,181,230,29
591,963,181,230,29
592,963,181,230,29
593,963,181,230,29
594,963,181,230,29
595,963,181,230,29
596,963,181,230,29
597,963,181,230,29
598,963,181,230,29
599,963,181,230,29
600,963,181,230,29
601,963,181,230,29
602,963,181,230,29
603,963,181,230,29
604,963,181,230,29
605,963,181,230,29
606,963,181,230,29
607,963,181,230,29
608,963,181,230,29
609,963,181,230,29
610,963,181,230,29
611,963,189,233,53
587,964,189,233,53
588,964,181,230,29
589,964,181,230,29
590,964,181,230,29
591,964,181,230,29
592,964,181,230,29
593,964,181,230,29
594,964,181,230,29
595,964,181,230,29
596,964,181,230,29
597,964,181,230,29
598,964,181,230,29
599,964,181,230,29
600,964,181,230,29
601,964,181,230,29
602,964,181,230,29
603,964,181,230,29
604,964,181,230,29
605,964,181,230,29
606,964,181,230,29
607,964,181,230,29
608,964,181,230,29
609,964,181,230,29
610,964,181,230,29
611,964,189,233,53
587,965,189,233,53
588,965,181,230,29
589,965,181,230,29
590,965,181,230,29
591,965,181,230,29
592,965,181,230,29
593,965,181,230,29
594,965,181,230,29
595,965,181,230,29
596,965,181,230,29
597,965,181,230,29
598,965,181,230,29
599,965,181,230,29
600,965,181,230,29
601,965,181,230,29
602,965,181,230,29
603,965,181,230,29
604,965,181,230,29
605,965,181,230,29
606,965,181,230,29
607,965,181,230,29
608,965,181,230,29
609,965,181,230,29
610,965,181,230,29
611,965,189,233,53
587,966,189,233,53
588,966,181,230,29
589,966,181,230,29
590,966,181,230,29
591,966,181,230,29
592,966,181,230,29
593,966,181,230,29
594,966,181,230,29
595,966,181,230,29
596,966,181,230,29
597,966,181,230,29
598,966,181,230,29
599,966,181,230,29
600,966,181,230,29
601,966,181,230,29
602,966,181,230,29
603,966,181,230,29
604,966,181,230,29
605,966,181,230,29
606,966,181,230,29
607,966,181,230,29
608,966,181,230,29
609,966,181,230,29
610,966,181,230,29
611,966,189,233,53
587,967,189,233,53
588,967,181,230,29
589,967,181,230,29
590,967,181,230,29
591,967,181,230,29
592,967,181,230,29
593,967,181,230,29
594,967,181,230,29
595,967,181,230,29
596,967,181,230,29
597,967,181,230,29
598,967,181,230,29
599,967,181,230,29
600,967,181,230,29
601,967,181,230,29
602,967,181,230,29
603,967,181,230,29
604,967,181,230,29
605,967,181,230,29
606,967,181,230,29
607,967,181,230,29
608,967,181,230,29
609,967,181,230,29
610,967,181,230,29
611,967,189,233,53
587,968,189,233,53
588,968,181,230,29
589,968,181,230,29
590,968,181,230,29
591,968,181,230,29
592,968,181,230,29
593,968,181,230,29
594,968,181,230,29
595,968,181,230,29
596,968,181,230,29
597,968,181,230,29
598,968,181,230,29
599,968,181,230,29
600,968,181,230,29
601,968,181,230,29
602,968,181,230,29
603,968,181,230,29
604,968,181,230,29
605,968,181,230,29
606,968,181,230,29
607,968,181,230,29
608,968,181,230,29
609,968,181,230,29
610,968,181,230,29
611,968,189,233,53
587,969,195,235,72
588,969,182,230,32
589,969,181,230,29
590,969,181,230,29
591,969,181,230,29
592,969,181,230,29
593,969,181,230,29
594,969,181,230,29
595,969,181,230,29
596,969,181,230,29
597,969,181,230,29
598,969,181,230,29
599,969,181,230,29
600,969,181,230,29
601,969,181,230,29
602,969,181,230,29
603,969,181,230,29
604,969,181,230,29
605,969,181,230,29
606,969,181,230,29
607,969,181,230,29
608,969,181,230,29
609,969,181,230,29
610,969,181,230,29
611,969,189,233,53
588,970,188,232,51
589,970,181,230,29
590,970,181,230,29
591,970,181,230,29
592,970,181,230,29
593,970,181,230,29
594,970,181,230,29
595,970,181,230,29
596,970,181,230,29
597,970,181,230,29
598,970,181,230,29
599,970,181,230,29
600,970,181,230,29
601,970,181,230,29
602,970,181,230,29
603,970,181,230,29
604,970,181,230,29
605,970,181,230,29
606,970,181,230,29
607,970,181,230,29
608,970,181,230,29
609,970,181,230,29
610,970,182,230,32
611,970,195,235,72
588,971,195,235,72
589,971,182,230,32
590,971,181,230,29
591,971,181,230,29
592,971,181,230,29
593,971,181,230,29
594,971,181,230,29
595,971,181,230,29
596,971,181,230,29
597,971,181,230,29
598,971,181,230,29
599,971,181,230,29
600,971,181,230,29
601,971,181,230,29
602,971,181,230,29
603,971,181,230,29
604,971,181,230,29
605,971,181,230,29
606,971,181,230,29
607,971,181,230,29
608,971,181,230,29
609,971,181,230,29
610,971,188,232,51
589,972,194,234,69
590,972,182,230,32
591,972,181,230,29
592,972,181,230,29
593,972,181,230,29
594,972,181,230,29
595,972,181,230,29
596,972,181,230,29
597,972,181,230,29
598,972,181,230,29
599,972,181,230,29
600,972,181,230,29
601,972,181,230,29
602,972,181,230,29
603,972,181,230,29
604,972,181,230,29
605,972,181,230,29
606,972,181,230,29
607,972,181,230,29
608,972,181,230,29
609,972,182,230,32
610,972,195,235,72
590,973,194,234,69
591,973,182,230,32
592,973,181,230,29
593,973,181,230,29
594,973,181,230,29
595,973,181,230,29
596,973,181,230,29
597,973,181,230,29
598,973,181,230,29
599,973,181,230,29
600,973,181,230,29
601,973,181,230,29
602,973,181,230,29
603,973,181,230,29
604,973,181,230,29
605,973,181,230,29
606,973,181,230,29
607,973,182,230,32
608,973,188,232,51
609,973,195,235,72
591,974,195,235,72
592,974,189,233,53
593,974,189,233,53
594,974,189,233,53
595,974,189,233,53
596,974,189,233,53
597,974,189,233,53
598,974,189,233,53
599,974,189,233,53
600,974,189,233,53
601,974,189,233,53
602,974,189,233,53
603,974,189,233,53
604,974,189,233,53
605,974,189,233,53
606,974,189,233,53
607,974,195,235,72
