157,463,195,235,72
158,463,189,233,53
159,463,195,235,72
156,464,194,234,69
157,464,182,230,32
158,464,181,230,29
159,464,182,230,32
160,464,188,232,51
161,464,189,233,53
162,464,195,235,72
155,465,194,234,69
156,465,182,230,32
157,465,181,230,29
158,465,181,230,29
159,465,181,230,29
160,465,181,230,29
161,465,181,230,29
162,465,182,230,32
163,465,188,232,51
164,465,189,233,53
165,465,189,233,53
166,465,195,235,72
154,466,194,234,69
155,466,182,230,32
156,466,181,230,29
157,466,181,230,29
158,466,181,230,29
159,466,181,230,29
160,466,181,230,29
161,466,181,230,29
162,466,181,230,29
163,466,181,230,29
164,466,181,230,29
165,466,181,230,29
166,466,182,230,32
167,466,188,232,51
168,466,189,233,53
169,466,195,235,72
153,467,194,234,69
154,467,182,230,32
155,467,181,230,29
156,467,181,230,29
157,467,181,230,29
158,467,181,230,29
159,467,181,230,29
160,467,181,230,29
161,467,181,230,29
162,467,181,230,29
163,467,181,230,29
164,467,181,230,29
165,467,181,230,29
166,467,181,230,29
167,467,181,230,29
168,467,181,230,29
169,467,182,230,32
170,467,188,232,51
171,467,189,233,53
172,467,189,233,53
173,467,195,235,72
152,468,195,235,72
153,468,182,230,32
154,468,181,230,29
155,468,181,230,29
156,468,181,230,29
157,468,181,230,29
158,468,181,230,29
159,468,181,230,29
160,468,181,230,29
161,468,181,230,29
162,468,181,230,29
163,468,181,230,29
164,468,181,230,29
165,468,181,230,29
166,468,181,230,29
167,468,181,230,29
168,468,181,230,29
169,468,181,230,29
170,468,181,230,29
171,468,181,230,29
172,468,181,230,29
173,468,182,230,32
174,468,194,234,69
152,469,188,232,51
153,469,181,230,29
154,469,181,230,29
155,469,181,230,29
156,469,181,230,29
157,469,181,230,29
158,469,181,230,29
159,469,181,230,29
160,469,181,230,29
161,469,181,230,29
162,469,181,230,29
163,469,181,230,29
164,469,181,230,29
165,469,181,230,29
166,469,181,230,29
167,469,181,230,29
168,469,181,230,29
169,469,181,230,29
170,469,181,230,29
171,469,181,230,29
172,469,181,230,29
173,469,181,230,29
174,469,182,230,32
175,469,195,235,72
151,470,194,234,69
152,470,182,230,32
153,470,181,230,29
154,470,181,230,29
155,470,181,230,29
156,470,181,230,29
157,470,181,230,29
158,470,181,230,29
159,470,181,230,29
160,470,181,230,29
161,470,181,230,29
162,470,181,230,29
163,470,181,230,29
164,470,181,230,29
165,470,181,230,29
166,470,181,230,29
167,470,181,230,29
168,470,181,230,29
169,470,181,230,29
170,470,181,230,29
171,470,181,230,29
172,470,181,230,29
173,470,181,230,29
174,470,181,230,29
175,470,189,233,53
150,471,194,234,69
151,471,182,230,32
152,471,181,230,29
153,471,181,230,29
154,471,181,230,29
155,471,181,230,29
156,471,181,230,29
157,471,181,230,29
158,471,181,230,29
159,471,181,230,29
160,471,181,230,29
161,471,181,230,29
162,471,181,230,29
163,471,181,230,29
164,471,181,230,29
165,471,181,230,29
166,471,181,230,29
167,471,181,230,29
168,471,181,230,29
169,471,181,230,29
170,471,181,230,29
171,471,181,230,29
172,471,181,230,29
173,471,181,230,29
174,471,181,230,29
175,471,189,233,53
149,472,195,235,72
150,472,182,230,32
151,472,181,230,29
152,472,181,230,29
153,472,181,230,29
154,472,181,230,29
155,472,181,230,29
156,472,181,230,29
157,472,181,230,29
158,472,181,230,29
159,472,181,230,29
160,472,181,230,29
161,472,181,230,29
162,472,181,230,29
163,472,181,230,29
164,472,181,230,29
165,472,181,230,29
166,472,181,230,29
167,472,181,230,29
168,472,181,230,29
169,472,181,230,29
170,472,181,230,29
171,472,181,230,29
172,472,181,230,29
173,472,181,230,29
174,472,181,230,29
175,472,189,233,53
149,473,188,232,51
150,473,181,230,29
151,473,181,230,29
152,473,181,230,29
153,473,181,230,29
154,473,181,230,29
155,473,181,230,29
156,473,181,230,29
157,473,181,230,29
158,473,181,230,29
159,473,181,230,29
160,473,181,230,29
161,473,181,230,29
162,473,181,230,29
163,473,181,230,29
164,473,181,230,29
165,473,181,230,29
166,473,181,230,29
167,473,181,230,29
168,473,181,230,29
169,473,181,230,29
170,473,181,230,29
171,473,181,230,29
172,473,181,230,29
173,473,181,230,29
174,473,181,230,29
175,473,189,233,53
148,474,194,234,69
149,474,182,230,32
150,474,181,230,29
151,474,181,230,29
152,474,181,230,29
153,474,181,230,29
154,474,181,230,29
155,474,181,230,29
156,474,181,230,29
157,474,181,230,29
158,474,181,230,29
159,474,181,230,29
160,474,181,230,29
161,474,181,230,29
162,474,181,230,29
163,474,181,230,29
164,474,181,230,29
165,474,181,230,29
166,474,181,230,29
167,474,181,230,29
168,474,181,230,29
169,474,181,230,29
170,474,181,230,29
171,474,181,230,29
172,474,181,230,29
173,474,181,230,29
174,474,181,230,29
175,474,189,233,53
147,475,194,234,69
148,475,182,230,32
149,475,181,230,29
150,475,181,230,29
151,475,181,230,29
152,475,181,230,29
153,475,181,230,29
154,475,181,230,29
155,475,181,230,29
156,475,181,230,29
157,475,181,230,29
158,475,181,230,29
159,475,181,230,29
160,475,181,230,29
161,475,181,230,29
162,475,181,230,29
163,475,181,230,29
164,475,181,230,29
165,475,181,230,29
166,475,181,230,29
167,475,181,230,29
168,475,181,230,29
169,475,181,230,29
170,475,181,230,29
171,475,181,230,29
172,475,181,230,29
173,475,181,230,29
174,475,181,230,29
175,475,189,233,53
146,476,195,235,72
147,476,182,230,32
148,476,181,230,29
149,476,181,230,29
150,476,181,230,29
151,476,181,230,29
152,476,181,230,29
153,476,181,230,29
154,476,181,230,29
155,476,181,230,29
156,476,181,230,29
157,476,181,230,29
158,476,181,230,29
159,476,181,230,29
160,476,181,230,29
161,476,181,230,29
162,476,181,230,29
163,476,181,230,29
164,476,181,230,29
165,476,181,230,29
166,476,181,230,29
167,476,181,230,29
168,476,181,230,29
169,476,181,230,29
170,476,181,230,29
171,476,181,230,29
172,476,181,230,29
173,476,181,230,29
174,476,181,230,29
175,476,189,233,53
146,477,189,233,53
147,477,181,230,29
148,477,181,230,29
149,477,181,230,29
150,477,181,230,29
151,477,181,230,29
152,477,181,230,29
153,477,181,230,29
154,477,181,230,29
155,477,181,230,29
156,477,181,230,29
157,477,181,230,29
158,477,181,230,29
159,477,181,230,29
160,477,181,230,29
161,477,181,230,29
162,477,181,230,29
163,477,181,230,29
164,477,181,230,29
165,477,181,230,29
166,477,181,230,29
167,477,181,230,29
168,477,181,230,29
169,477,181,230,29
170,477,181,230,29
171,477,181,230,29
172,477,181,230,29
173,477,181,230,29
174,477,181,230,29
175,477,189,233,53
146,478,195,235,72
147,478,182,230,32
148,478,181,230,29
149,478,181,230,29
150,478,181,230,29
151,478,181,230,29
152,478,181,230,29
153,478,181,230,29
154,478,181,230,29
155,478,181,230,29
156,478,181,230,29
157,478,181,230,29
158,478,181,230,29
159,478,181,230,29
160,478,181,230,29
161,478,181,230,29
162,478,181,230,29
163,478,181,230,29
164,478,181,230,29
165,478,181,230,29
166,478,181,230,29
167,478,181,230,29
168,478,181,230,29
169,478,181,230,29
170,478,181,230,29
171,478,181,230,29
172,478,181,230,29
173,478,181,230,29
174,478,181,230,29
175,478,189,233,53
147,479,194,234,69
148,479,182,230,32
149,479,181,230,29
150,479,181,230,29
151,479,181,230,29
152,479,181,230,29
153,479,181,230,29
154,479,181,230,29
155,479,181,230,29
156,479,181,230,29
157,479,181,230,29
158,479,181,230,29
159,479,181,230,29
160,479,181,230,29
161,479,181,230,29
162,479,181,230,29
163,479,181,230,29
164,479,181,230,29
165,479,181,230,29
166,479,181,230,29
167,479,181,230,29
168,479,181,230,29
169,479,181,230,29
170,479,181,230,29
171,479,181,230,29
172,479,181,230,29
173,479,181,230,29
174,479,181,230,29
175,479,189,233,53
148,480,188,232,51
149,480,181,230,29
150,480,181,230,29
151,480,181,230,29
152,480,181,230,29
153,480,181,230,29
154,480,181,230,29
155,480,181,230,29
156,480,181,230,29
157,480,181,230,29
158,480,181,230,29
159,480,181,230,29
160,480,181,230,29
161,480,181,230,29
162,480,181,230,29
163,480,181,230,29
164,480,181,230,29
165,480,181,230,29
166,480,181,230,29
167,480,181,230,29
168,480,181,230,29
169,480,181,230,29
170,480,181,230,29
171,480,181,230,29
172,480,181,230,29
173,480,181,230,29
174,480,181,230,29
175,480,189,233,53
148,481,195,235,72
149,481,182,230,32
150,481,181,230,29
151,481,181,230,29
152,481,181,230,29
153,481,181,230,29
154,481,181,230,29
155,481,181,230,29
156,481,181,230,29
157,481,181,230,29
158,481,181,230,29
159,481,181,230,29
160,481,181,230,29
161,481,181,230,29
162,481,181,230,29
163,481,181,230,29
164,481,181,230,29
165,481,181,230,29
166,481,181,230,29
167,481,181,230,29
168,481,181,230,29
169,481,181,230,29
170,481,181,230,29
171,481,181,230,29
172,481,181,230,29
173,481,181,230,29
174,481,181,230,29
175,481,189,233,53
149,482,194,234,69
150,482,182,230,32
151,482,181,230,29
152,482,181,230,29
153,482,181,230,29
154,482,181,230,29
155,482,181,230,29
156,482,181,230,29
157,482,181,230,29
158,482,181,230,29
159,482,181,230,29
160,482,181,230,29
161,482,181,230,29
162,482,181,230,29
163,482,181,230,29
164,482,181,230,29
165,482,181,230,29
166,482,181,230,29
167,482,181,230,29
168,482,181,230,29
169,482,181,230,29
170,482,181,230,29
171,482,181,230,29
172,482,181,230,29
173,482,181,230,29
174,482,181,230,29
175,482,189,233,53
150,483,194,234,69
151,483,182,230,32
152,483,181,230,29
153,483,181,230,29
154,483,181,230,29
155,483,181,230,29
156,483,181,230,29
157,483,181,230,29
158,483,181,230,29
159,483,181,230,29
160,483,181,230,29
161,483,181,230,29
162,483,181,230,29
163,483,181,230,29
164,483,181,230,29
165,483,181,230,29
166,483,181,230,29
167,483,181,230,29
168,483,181,230,29
169,483,181,230,29
170,483,181,230,29
171,483,181,230,29
172,483,181,230,29
173,483,181,230,29
174,483,181,230,29
175,483,189,233,53
151,484,194,234,69
152,484,182,230,32
153,484,181,230,29
154,484,181,230,29
155,484,181,230,29
156,484,181,230,29
157,484,181,230,29
158,484,181,230,29
159,484,181,230,29
160,484,181,230,29
161,484,181,230,29
162,484,181,230,29
163,484,181,230,29
164,484,181,230,29
165,484,181,230,29
166,484,181,230,29
167,484,181,230,29
168,484,181,230,29
169,484,181,230,29
170,484,181,230,29
171,484,181,230,29
172,484,181,230,29
173,484,181,230,29
174,484,181,230,29
175,484,189,233,53
152,485,188,232,51
153,485,181,230,29
154,485,181,230,29
155,485,181,230,29
156,485,181,230,29
157,485,181,230,29
158,485,181,230,29
159,485,181,230,29
160,485,181,230,29
161,485,181,230,29
162,485,181,230,29
163,485,181,230,29
164,485,181,230,29
165,485,181,230,29
166,485,181,230,29
167,485,181,230,29
168,485,181,230,29
169,485,181,230,29
170,485,181,230,29
171,485,181,230,29
172,485,181,230,29
173,485,181,230,29
174,485,182,230,32
175,485,195,235,72
152,486,195,235,72
153,486,182,230,32
154,486,181,230,29
155,486,181,230,29
156,486,181,230,29
157,486,181,230,29
158,486,181,230,29
159,486,181,230,29
160,486,181,230,29
161,486,181,230,29
162,486,181,230,29
163,486,181,230,29
164,486,181,230,29
165,486,181,230,29
166,486,181,230,29
167,486,181,230,29
168,486,181,230,29
169,486,181,230,29
170,486,181,230,29
171,486,181,230,29
172,486,181,230,29
173,486,182,230,32
174,486,194,234,69
153,487,194,234,69
154,487,182,230,32
155,487,181,230,29
156,487,181,230,29
157,487,181,230,29
158,487,181,230,29
159,487,181,230,29
160,487,181,230,29
161,487,181,230,29
162,487,181,230,29
163,487,181,230,29
164,487,181,230,29
165,487,181,230,29
166,487,181,230,29
167,487,181,230,29
168,487,181,230,29
169,487,182,230,32
170,487,188,232,51
171,487,189,233,53
172,487,189,233,53
173,487,195,235,72
154,488,194,234,69
155,488,182,230,32
156,488,181,230,29
157,488,181,230,29
158,488,181,230,29
159,488,181,230,29
160,488,181,230,29
161,488,181,230,29
162,488,181,230,29
163,488,181,230,29
164,488,181,230,29
165,488,181,230,29
166,488,182,230,32
167,488,188,232,51
168,488,189,233,53
169,488,195,235,72
155,489,194,234,69
156,489,182,230,32
157,489,181,230,29
158,489,181,230,29
159,489,181,230,29
160,489,181,230,29
161,489,181,230,29
162,489,181,230,29
163,489,182,230,32
164,489,188,232,51
165,489,189,233,53
166,489,195,235,72
156,490,194,234,69
157,490,182,230,32
158,490,181,230,29
159,490,182,230,32
160,490,188,232,51
161,490,189,233,53
162,490,189,233,53
163,490,195,235,72
157,491,195,235,72
158,491,189,233,53
159,491,195,235,72
