827,376,195,235,72
828,376,189,233,53
829,376,195,235,72
826,377,195,235,72
827,377,182,230,32
828,377,181,230,29
829,377,182,230,32
830,377,195,235,72
826,378,188,232,51
827,378,181,230,29
828,378,181,230,29
829,378,181,230,29
830,378,189,233,53
825,379,195,235,72
826,379,182,230,32
827,379,181,230,29
828,379,181,230,29
829,379,182,230,32
830,379,195,235,72
825,380,189,233,53
826,380,181,230,29
827,380,181,230,29
828,380,181,230,29
829,380,188,232,51
825,381,188,232,51
826,381,181,230,29
827,381,181,230,29
828,381,181,230,29
829,381,189,233,53
824,382,195,235,72
825,382,182,230,32
826,382,181,230,29
827,382,181,230,29
828,382,182,230,32
829,382,195,235,72
824,383,188,232,51
825,383,181,230,29
826,383,181,230,29
827,383,181,230,29
828,383,188,232,51
823,384,195,235,72
824,384,182,230,32
825,384,181,230,29
826,384,181,230,29
827,384,182,230,32
828,384,195,235,72
823,385,189,233,53
824,385,181,230,29
825,385,181,230,29
826,385,181,230,29
827,385,188,232,51
823,386,188,232,51
824,386,181,230,29
825,386,181,230,29
826,386,182,230,32
827,386,195,235,72
822,387,195,235,72
823,387,182,230,32
824,387,181,230,29
825,387,181,230,29
826,387,188,232,51
822,388,188,232,51
823,388,181,230,29
824,388,181,230,29
825,388,181,230,29
826,388,189,233,53
821,389,195,235,72
822,389,182,230,32
823,389,181,230,29
824,389,181,230,29
825,389,182,230,32
826,389,195,235,72
821,390,188,232,51
822,390,181,230,29
823,390,181,230,29
824,390,181,230,29
825,390,188,232,51
820,391,195,235,72
821,391,182,230,32
822,391,181,230,29
823,391,181,230,29
824,391,182,230,32
825,391,195,235,72
820,392,189,233,53
821,392,181,230,29
822,392,181,230,29
823,392,181,230,29
824,392,188,232,51
820,393,188,232,51
821,393,181,230,29
822,393,181,230,29
823,393,181,230,29
824,393,189,233,53
819,394,195,235,72
820,394,182,230,32
821,394,181,230,29
822,394,181,230,29
823,394,182,230,32
824,394,195,235,72
819,395,188,232,51
820,395,181,230,29
821,395,181,230,29
822,395,181,230,29
823,395,188,232,51
818,396,195,235,72
819,396,182,230,32
820,396,181,230,29
821,396,181,230,29
822,396,182,230,32
823,396,195,235,72
818,397,189,233,53
819,397,181,230,29
820,397,181,230,29
821,397,181,230,29
822,397,188,232,51
818,398,188,232,51
819,398,181,230,29
820,398,181,230,29
821,398,181,230,29
822,398,189,233,53
817,399,195,235,72
818,399,182,230,32
819,399,181,230,29
820,399,181,230,29
821,399,182,230,32
822,399,195,235,72
817,400,188,232,51
818,400,181,230,29
819,400,181,230,29
820,400,181,230,29
821,400,188,232,51
816,401,195,235,72
817,401,182,230,32
818,401,181,230,29
819,401,181,230,29
820,401,182,230,32
821,401,195,235,72
816,402,189,233,53
817,402,181,230,29
818,402,181,230,29
819,402,181,230,29
820,402,188,232,51
816,403,188,232,51
817,403,181,230,29
818,403,181,230,29
819,403,181,230,29
820,403,189,233,53
815,404,195,235,72
816,404,182,230,32
817,404,181,230,29
818,404,181,230,29
819,404,182,230,32
820,404,195,235,72
815,405,188,232,51
816,405,181,230,29
817,405,181,230,29
818,405,181,230,29
819,405,188,232,51
814,406,195,235,72
815,406,182,230,32
816,406,181,230,29
817,406,181,230,29
818,406,182,230,32
819,406,195,235,72
814,407,189,233,53
815,407,181,230,29
816,407,181,230,29
817,407,181,230,29
818,407,188,232,51
814,408,188,232,51
815,408,181,230,29
816,408,181,230,29
817,408,181,230,29
818,408,189,233,53
813,409,195,235,72
814,409,182,230,32
815,409,181,230,29
816,409,181,230,29
817,409,182,230,32
818,409,195,235,72
813,410,189,233,53
814,410,181,230,29
815,410,181,230,29
816,410,181,230,29
817,410,188,232,51
813,411,188,232,51
814,411,181,230,29
815,411,181,230,29
816,411,181,230,29
817,411,189,233,53
812,412,195,235,72
813,412,182,230,32
814,412,181,230,29
815,412,181,230,29
816,412,182,230,32
817,412,195,235,72
812,413,188,232,51
813,413,181,230,29
814,413,181,230,29
815,413,181,230,29
816,413,188,232,51
811,414,195,235,72
812,414,182,230,32
813,414,181,230,29
814,414,181,230,29
815,414,182,230,32
816,414,195,235,72
811,415,189,233,53
812,415,181,230,29
813,415,181,230,29
814,415,181,230,29
815,415,188,232,51
811,416,188,232,51
812,416,181,230,29
813,416,181,230,29
814,416,181,230,29
815,416,189,233,53
810,417,195,235,72
811,417,182,230,32
812,417,181,230,29
813,417,181,230,29
814,417,182,230,32
815,417,195,235,72
810,418,189,233,53
811,418,181,230,29
812,418,181,230,29
813,418,181,230,29
814,418,188,232,51
810,419,188,232,51
811,419,181,230,29
812,419,181,230,29
813,419,181,230,29
814,419,189,233,53
809,420,195,235,72
810,420,182,230,32
811,420,181,230,29
812,420,181,230,29
813,420,182,230,32
814,420,195,235,72
809,421,189,233,53
810,421,181,230,29
811,421,181,230,29
812,421,181,230,29
813,421,188,232,51
809,422,188,232,51
810,422,181,230,29
811,422,181,230,29
812,422,182,230,32
813,422,195,235,72
808,423,195,235,72
809,423,182,230,32
810,423,181,230,29
811,423,181,230,29
812,423,188,232,51
808,424,188,232,51
809,424,181,230,29
810,424,181,230,29
811,424,181,230,29
812,424,189,233,53
807,425,195,235,72
808,425,182,230,32
809,425,181,230,29
810,425,181,230,29
811,425,182,230,32
812,425,195,235,72
807,426,189,233,53
808,426,181,230,29
809,426,181,230,29
810,426,181,230,29
811,426,188,232,51
807,427,188,232,51
808,427,181,230,29
809,427,181,230,29
810,427,181,230,29
811,427,189,233,53
806,428,195,235,72
807,428,182,230,32
808,428,181,230,29
809,428,181,230,29
810,428,182,230,32
811,428,195,235,72
806,429,189,233,53
807,429,181,230,29
808,429,181,230,29
809,429,181,230,29
810,429,188,232,51
806,430,188,232,51
807,430,181,230,29
808,430,181,230,29
809,430,181,230,29
810,430,189,233,53
805,431,195,235,72
806,431,182,230,32
807,431,181,230,29
808,431,181,230,29
809,431,182,230,32
810,431,195,235,72
805,432,189,233,53
806,432,181,230,29
807,432,181,230,29
808,432,181,230,29
809,432,188,232,51
805,433,188,232,51
806,433,181,230,29
807,433,181,230,29
808,433,181,230,29
809,433,189,233,53
804,434,195,235,72
805,434,182,230,32
806,434,181,230,29
807,434,181,230,29
808,434,182,230,32
809,434,195,235,72
804,435,189,233,53
805,435,181,230,29
806,435,181,230,29
807,435,181,230,29
808,435,188,232,51
804,436,188,232,51
805,436,181,230,29
806,436,181,230,29
807,436,181,230,29
808,436,189,233,53
803,437,195,235,72
804,437,182,230,32
805,437,181,230,29
806,437,181,230,29
807,437,182,230,32
808,437,195,235,72
803,438,189,233,53
804,438,181,230,29
805,438,181,230,29
806,438,181,230,29
807,438,188,232,51
803,439,188,232,51
804,439,181,230,29
805,439,181,230,29
806,439,181,230,29
807,439,189,233,53
802,440,195,235,72
803,440,182,230,32
804,440,181,230,29
805,440,181,230,29
806,440,182,230,32
807,440,195,235,72
802,441,189,233,53
803,441,181,230,29
804,441,181,230,29
805,441,181,230,29
806,441,188,232,51
802,442,188,232,51
803,442,181,230,29
804,442,181,230,29
805,442,181,230,29
806,442,189,233,53
801,443,195,235,72
802,443,182,230,32
803,443,181,230,29
804,443,181,230,29
805,443,182,230,32
806,443,195,235,72
801,444,189,233,53
802,444,181,230,29
803,444,181,230,29
804,444,181,230,29
805,444,188,232,51
801,445,188,232,51
802,445,181,230,29
803,445,181,230,29
804,445,181,230,29
805,445,189,233,53
800,446,195,235,72
801,446,182,230,32
802,446,181,230,29
803,446,181,230,29
804,446,182,230,32
805,446,195,235,72
800,447,189,233,53
801,447,181,230,29
802,447,181,230,29
803,447,181,230,29
804,447,188,232,51
800,448,188,232,51
801,448,181,230,29
802,448,181,230,29
803,448,181,230,29
804,448,189,233,53
799,449,195,235,72
800,449,182,230,32
801,449,181,230,29
802,449,181,230,29
803,449,182,230,32
804,449,195,235,72
799,450,189,233,53
800,450,181,230,29
801,450,181,230,29
802,450,181,230,29
803,450,188,232,51
799,451,188,232,51
800,451,181,230,29
801,451,181,230,29
802,451,181,230,29
803,451,189,233,53
798,452,195,235,72
799,452,182,230,32
800,452,181,230,29
801,452,181,230,29
802,452,182,230,32
803,452,195,235,72
798,453,189,233,53
799,453,181,230,29
800,453,181,230,29
801,453,181,230,29
802,453,188,232,51
798,454,189,233,53
799,454,181,230,29
800,454,181,230,29
801,454,181,230,29
802,454,189,233,53
798,455,188,232,51
799,455,181,230,29
800,455,181,230,29
801,455,182,230,32
802,455,195,235,72
797,456,195,235,72
798,456,182,230,32
799,456,181,230,29
800,456,181,230,29
801,456,188,232,51
797,457,189,233,53
798,457,181,230,29
799,457,181,230,29
800,457,181,230,29
801,457,189,233,53
797,458,188,232,51
798,458,181,230,29
799,458,181,230,29
800,458,181,230,29
801,458,189,233,53
796,459,195,235,72
797,459,182,230,32
798,459,181,230,29
799,459,181,230,29
800,459,182,230,32
801,459,195,235,72
796,460,189,233,53
797,460,181,230,29
798,460,181,230,29
799,460,181,230,29
800,460,188,232,51
796,461,188,232,51
797,461,181,230,29
798,461,181,230,29
799,461,181,230,29
800,461,189,233,53
795,462,195,235,72
796,462,182,230,32
797,462,181,230,29
798,462,181,230,29
799,462,182,230,32
800,462,195,235,72
795,463,189,233,53
796,463,181,230,29
797,463,181,230,29
798,463,181,230,29
799,463,188,232,51
795,464,189,233,53
796,464,181,230,29
797,464,181,230,29
798,464,181,230,29
799,464,189,233,53
795,465,188,232,51
796,465,181,230,29
797,465,181,230,29
798,465,182,230,32
799,465,195,235,72
794,466,195,235,72
795,466,182,230,32
796,466,181,230,29
797,466,181,230,29
798,466,188,232,51
794,467,189,233,53
795,467,181,230,29
796,467,181,230,29
797,467,181,230,29
798,467,189,233,53
794,468,188,232,51
795,468,181,230,29
796,468,181,230,29
797,468,181,230,29
798,468,189,233,53
793,469,195,235,72
794,469,182,230,32
795,469,181,230,29
796,469,181,230,29
797,469,182,230,32
798,469,195,235,72
793,470,189,233,53
794,470,181,230,29
795,470,181,230,29
796,470,181,230,29
797,470,188,232,51
793,471,188,232,51
794,471,181,230,29
795,471,181,230,29
796,471,181,230,29
797,471,189,233,53
792,472,195,235,72
793,472,182,230,32
794,472,181,230,29
795,472,181,230,29
796,472,182,230,32
797,472,195,235,72
792,473,189,233,53
793,473,181,230,29
794,473,181,230,29
795,473,181,230,29
796,473,188,232,51
792,474,189,233,53
793,474,181,230,29
794,474,181,230,29
795,474,181,230,29
796,474,189,233,53
792,475,188,232,51
793,475,181,230,29
794,475,181,230,29
795,475,181,230,29
796,475,189,233,53
791,476,195,235,72
792,476,182,230,32
793,476,181,230,29
794,476,181,230,29
795,476,182,230,32
796,476,195,235,72
791,477,189,233,53
792,477,181,230,29
793,477,181,230,29
794,477,181,230,29
795,477,188,232,51
791,478,188,232,51
792,478,181,230,29
793,478,181,230,29
794,478,181,230,29
795,478,189,233,53
790,479,195,235,72
791,479,182,230,32
792,479,181,230,29
793,479,181,230,29
794,479,182,230,32
795,479,195,235,72
790,480,189,233,53
791,480,181,230,29
792,480,181,230,29
793,480,181,230,29
794,480,188,232,51
790,481,189,233,53
791,481,181,230,29
792,481,181,230,29
793,481,181,230,29
794,481,189,233,53
790,482,188,232,51
791,482,181,230,29
792,482,181,230,29
793,482,182,230,32
794,482,195,235,72
789,483,195,235,72
790,483,182,230,32
791,483,181,230,29
792,483,181,230,29
793,483,188,232,51
789,484,189,233,53
790,484,181,230,29
791,484,181,230,29
792,484,181,230,29
793,484,189,233,53
789,485,188,232,51
790,485,181,230,29
791,485,181,230,29
792,485,181,230,29
793,485,189,233,53
788,486,195,235,72
789,486,182,230,32
790,486,181,230,29
791,486,181,230,29
792,486,182,230,32
793,486,195,235,72
788,487,189,233,53
789,487,181,230,29
790,487,181,230,29
791,487,181,230,29
792,487,188,232,51
788,488,188,232,51
789,488,181,230,29
790,488,181,230,29
791,488,181,230,29
792,488,189,233,53
787,489,195,235,72
788,489,182,230,32
789,489,181,230,29
790,489,181,230,29
791,489,182,230,32
792,489,195,235,72
787,490,189,233,53
788,490,181,230,29
789,490,181,230,29
790,490,181,230,29
791,490,188,232,51
787,491,188,232,51
788,491,181,230,29
789,491,181,230,29
790,491,181,230,29
791,491,189,233,53
786,492,195,235,72
787,492,182,230,32
788,492,181,230,29
789,492,181,230,29
790,492,182,230,32
791,492,195,235,72
786,493,189,233,53
787,493,181,230,29
788,493,181,230,29
789,493,181,230,29
790,493,188,232,51
786,494,188,232,51
787,494,181,230,29
788,494,181,230,29
789,494,181,230,29
790,494,189,233,53
785,495,195,235,72
786,495,182,230,32
787,495,181,230,29
788,495,181,230,29
789,495,182,230,32
790,495,195,235,72
785,496,189,233,53
786,496,181,230,29
787,496,181,230,29
788,496,181,230,29
789,496,188,232,51
785,497,188,232,51
786,497,181,230,29
787,497,181,230,29
788,497,181,230,29
789,497,189,233,53
784,498,195,235,72
785,498,182,230,32
786,498,181,230,29
787,498,181,230,29
788,498,182,230,32
789,498,195,235,72
784,499,189,233,53
785,499,181,230,29
786,499,181,230,29
787,499,181,230,29
788,499,188,232,51
784,500,188,232,51
785,500,181,230,29
786,500,181,230,29
787,500,182,230,32
788,500,195,235,72
783,501,195,235,72
784,501,182,230,32
785,501,181,230,29
786,501,181,230,29
787,501,188,232,51
783,502,188,232,51
784,502,181,230,29
785,502,181,230,29
786,502,181,230,29
787,502,189,233,53
782,503,195,235,72
783,503,182,230,32
784,503,181,230,29
785,503,181,230,29
786,503,182,230,32
787,503,195,235,72
782,504,188,232,51
783,504,181,230,29
784,504,181,230,29
785,504,181,230,29
786,504,188,232,51
781,505,195,235,72
782,505,182,230,32
783,505,181,230,29
784,505,181,230,29
785,505,182,230,32
786,505,195,235,72
781,506,188,232,51
782,506,181,230,29
783,506,181,230,29
784,506,181,230,29
785,506,188,232,51
780,507,195,235,72
781,507,182,230,32
782,507,181,230,29
783,507,181,230,29
784,507,182,230,32
785,507,195,235,72
780,508,188,232,51
781,508,181,230,29
782,508,181,230,29
783,508,181,230,29
784,508,188,232,51
779,509,194,234,69
780,509,182,230,32
781,509,181,230,29
782,509,181,230,29
783,509,182,230,32
784,509,195,235,72
778,510,195,235,72
779,510,182,230,32
780,510,181,230,29
781,510,181,230,29
782,510,181,230,29
783,510,188,232,51
778,511,188,232,51
779,511,181,230,29
780,511,181,230,29
781,511,181,230,29
782,511,182,230,32
783,511,195,235,72
777,512,194,234,69
778,512,182,230,32
779,512,181,230,29
780,512,181,230,29
781,512,182,230,32
782,512,194,234,69
776,513,195,235,72
777,513,182,230,32
778,513,181,230,29
779,513,181,230,29
780,513,181,230,29
781,513,188,232,51
776,514,188,232,51
777,514,181,230,29
778,514,181,230,29
779,514,181,230,29
780,514,182,230,32
781,514,195,235,72
775,515,194,234,69
776,515,182,230,32
777,515,181,230,29
778,515,181,230,29
779,515,182,230,32
780,515,194,234,69
774,516,194,234,69
775,516,182,230,32
776,516,181,230,29
777,516,181,230,29
778,516,181,230,29
779,516,188,232,51
773,517,194,234,69
774,517,182,230,32
775,517,181,230,29
776,517,181,230,29
777,517,181,230,29
778,517,182,230,32
779,517,195,235,72
772,518,194,234,69
773,518,182,230,32
774,518,181,230,29
775,518,181,230,29
776,518,181,230,29
777,518,182,230,32
778,518,194,234,69
771,519,194,234,69
772,519,182,230,32
773,519,181,230,29
774,519,181,230,29
775,519,181,230,29
776,519,182,230,32
777,519,194,234,69
770,520,194,234,69
771,520,182,230,32
772,520,181,230,29
773,520,181,230,29
774,520,181,230,29
775,520,182,230,32
776,520,194,234,69
768,521,195,235,72
769,521,188,232,51
770,521,182,230,32
771,521,181,230,29
772,521,181,230,29
773,521,181,230,29
774,521,182,230,32
775,521,194,234,69
767,522,194,234,69
768,522,182,230,32
769,522,181,230,29
770,522,181,230,29
771,522,181,230,29
772,522,181,230,29
773,522,182,230,32
774,522,194,234,69
766,523,194,234,69
767,523,182,230,32
768,523,181,230,29
769,523,181,230,29
770,523,181,230,29
771,523,181,230,29
772,523,182,230,32
773,523,194,234,69
764,524,195,235,72
765,524,188,232,51
766,524,182,230,32
767,524,181,230,29
768,524,181,230,29
769,524,181,230,29
770,524,182,230,32
771,524,188,232,51
772,524,195,235,72
763,525,194,234,69
764,525,182,230,32
765,525,181,230,29
766,525,181,230,29
767,525,181,230,29
768,525,181,230,29
769,525,182,230,32
770,525,194,234,69
761,526,195,235,72
762,526,188,232,51
763,526,182,230,32
764,526,181,230,29
765,526,181,230,29
766,526,181,230,29
767,526,181,230,29
768,526,182,230,32
769,526,194,234,69
760,527,194,234,69
761,527,182,230,32
762,527,181,230,29
763,527,181,230,29
764,527,181,230,29
765,527,181,230,29
766,527,182,230,32
767,527,188,232,51
768,527,195,235,72
758,528,195,235,72
759,528,188,232,51
760,528,182,230,32
761,528,181,230,29
762,528,181,230,29
763,528,181,230,29
764,528,181,230,29
765,528,182,230,32
766,528,194,234,69
756,529,195,235,72
757,529,188,232,51
758,529,182,230,32
759,529,181,230,29
760,529,181,230,29
761,529,181,230,29
762,529,181,230,29
763,529,182,230,32
764,529,188,232,51
765,529,195,235,72
754,530,195,235,72
755,530,188,232,51
756,530,182,230,32
757,530,181,230,29
758,530,181,230,29
759,530,181,230,29
760,530,181,230,29
761,530,181,230,29
762,530,182,230,32
763,530,194,234,69
752,531,195,235,72
753,531,188,232,51
754,531,182,230,32
755,531,181,230,29
756,531,181,230,29
757,531,181,230,29
758,531,181,230,29
759,531,181,230,29
760,531,182,230,32
761,531,188,232,51
762,531,195,235,72
750,532,195,235,72
751,532,188,232,51
752,532,182,230,32
753,532,181,230,29
754,532,181,230,29
755,532,181,230,29
756,532,181,230,29
757,532,181,230,29
758,532,182,230,32
759,532,188,232,51
760,532,195,235,72
748,533,195,235,72
749,533,188,232,51
750,533,182,230,32
751,533,181,230,29
752,533,181,230,29
753,533,181,230,29
754,533,181,230,29
755,533,181,230,29
756,533,182,230,32
757,533,188,232,51
758,533,195,235,72
746,534,195,235,72
747,534,188,232,51
748,534,182,230,32
749,534,181,230,29
750,534,181,230,29
751,534,181,230,29
752,534,181,230,29
753,534,181,230,29
754,534,182,230,32
755,534,188,232,51
756,534,195,235,72
744,535,195,235,72
745,535,188,232,51
746,535,182,230,32
747,535,181,230,29
748,535,181,230,29
749,535,181,230,29
750,535,181,230,29
751,535,181,230,29
752,535,182,230,32
753,535,188,232,51
754,535,195,235,72
741,536,195,235,72
742,536,189,233,53
743,536,188,232,51
744,536,182,230,32
745,536,181,230,29
746,536,181,230,29
747,536,181,230,29
748,536,181,230,29
749,536,181,230,29
750,536,182,230,32
751,536,188,232,51
752,536,195,235,72
739,537,195,235,72
740,537,188,232,51
741,537,182,230,32
742,537,181,230,29
743,537,181,230,29
744,537,181,230,29
745,537,181,230,29
746,537,181,230,29
747,537,181,230,29
748,537,182,230,32
749,537,188,232,51
750,537,195,235,72
737,538,195,235,72
738,538,188,232,51
739,538,182,230,32
740,538,181,230,29
741,538,181,230,29
742,538,181,230,29
743,538,181,230,29
744,538,181,230,29
745,538,181,230,29
746,538,182,230,32
747,538,188,232,51
748,538,195,235,72
734,539,195,235,72
735,539,189,233,53
736,539,188,232,51
737,539,182,230,32
738,539,181,230,29
739,539,181,230,29
740,539,181,230,29
741,539,181,230,29
742,539,181,230,29
743,539,181,230,29
744,539,182,230,32
745,539,188,232,51
746,539,195,235,72
732,540,195,235,72
733,540,188,232,51
734,540,182,230,32
735,540,181,230,29
736,540,181,230,29
737,540,181,230,29
738,540,181,230,29
739,540,181,230,29
740,540,181,230,29
741,540,182,230,32
742,540,188,232,51
743,540,189,233,53
744,540,195,235,72
729,541,195,235,72
730,541,189,233,53
731,541,188,232,51
732,541,182,230,32
733,541,181,230,29
734,541,181,230,29
735,541,181,230,29
736,541,181,230,29
737,541,181,230,29
738,541,181,230,29
739,541,182,230,32
740,541,188,232,51
741,541,195,235,72
726,542,195,235,72
727,542,189,233,53
728,542,188,232,51
729,542,182,230,32
730,542,181,230,29
731,542,181,230,29
732,542,181,230,29
733,542,181,230,29
734,542,181,230,29
735,542,181,230,29
736,542,182,230,32
737,542,188,232,51
738,542,189,233,53
739,542,195,235,72
724,543,195,235,72
725,543,188,232,51
726,543,182,230,32
727,543,181,230,29
728,543,181,230,29
729,543,181,230,29
730,543,181,230,29
731,543,181,230,29
732,543,181,230,29
733,543,181,230,29
734,543,182,230,32
735,543,188,232,51
736,543,195,235,72
721,544,195,235,72
722,544,189,233,53
723,544,188,232,51
724,544,182,230,32
725,544,181,230,29
726,544,181,230,29
727,544,181,230,29
728,544,181,230,29
729,544,181,230,29
730,544,181,230,29
731,544,182,230,32
732,544,188,232,51
733,544,189,233,53
734,544,195,235,72
719,545,195,235,72
720,545,188,232,51
721,545,182,230,32
722,545,181,230,29
723,545,181,230,29
724,545,181,230,29
725,545,181,230,29
726,545,181,230,29
727,545,181,230,29
728,545,181,230,29
729,545,182,230,32
730,545,188,232,51
731,545,195,235,72
716,546,195,235,72
717,546,189,233,53
718,546,188,232,51
719,546,182,230,32
720,546,181,230,29
721,546,181,230,29
722,546,181,230,29
723,546,181,230,29
724,546,181,230,29
725,546,181,230,29
726,546,182,230,32
727,546,188,232,51
728,546,189,233,53
729,546,195,235,72
713,547,195,235,72
714,547,189,233,53
715,547,188,232,51
716,547,182,230,32
717,547,181,230,29
718,547,181,230,29
719,547,181,230,29
720,547,181,230,29
721,547,181,230,29
722,547,181,230,29
723,547,181,230,29
724,547,182,230,32
725,547,188,232,51
726,547,195,235,72
710,548,195,235,72
711,548,189,233,53
712,548,188,232,51
713,548,182,230,32
714,548,181,230,29
715,548,181,230,29
716,548,181,230,29
717,548,181,230,29
718,548,181,230,29
719,548,181,230,29
720,548,181,230,29
721,548,182,230,32
722,548,188,232,51
723,548,189,233,53
724,548,195,235,72
708,549,195,235,72
709,549,188,232,51
710,549,182,230,32
711,549,181,230,29
712,549,181,230,29
713,549,181,230,29
714,549,181,230,29
715,549,181,230,29
716,549,181,230,29
717,549,181,230,29
718,549,182,230,32
719,549,188,232,51
720,549,189,233,53
721,549,195,235,72
705,550,195,235,72
706,550,189,233,53
707,550,188,232,51
708,550,182,230,32
709,550,181,230,29
710,550,181,230,29
711,550,181,230,29
712,550,181,230,29
713,550,181,230,29
714,550,181,230,29
715,550,181,230,29
716,550,182,230,32
717,550,188,232,51
718,550,195,235,72
702,551,195,235,72
703,551,189,233,53
704,551,188,232,51
705,551,182,230,32
706,551,181,230,29
707,551,181,230,29
708,551,181,230,29
709,551,181,230,29
710,551,181,230,29
711,551,181,230,29
712,551,181,230,29
713,551,182,230,32
714,551,188,232,51
715,551,189,233,53
716,551,195,235,72
699,552,195,235,72
700,552,189,233,53
701,552,188,232,51
702,552,182,230,32
703,552,181,230,29
704,552,181,230,29
705,552,181,230,29
706,552,181,230,29
707,552,181,230,29
708,552,181,230,29
709,552,181,230,29
710,552,182,230,32
711,552,188,232,51
712,552,189,233,53
713,552,195,235,72
697,553,195,235,72
698,553,188,232,51
699,553,182,230,32
700,553,181,230,29
701,553,181,230,29
702,553,181,230,29
703,553,181,230,29
704,553,181,230,29
705,553,181,230,29
706,553,181,230,29
707,553,181,230,29
708,553,182,230,32
709,553,188,232,51
710,553,195,235,72
694,554,195,235,72
695,554,189,233,53
696,554,188,232,51
697,554,182,230,32
698,554,181,230,29
699,554,181,230,29
700,554,181,230,29
701,554,181,230,29
702,554,181,230,29
703,554,181,230,29
704,554,181,230,29
705,554,182,230,32
706,554,188,232,51
707,554,189,233,53
708,554,195,235,72
691,555,195,235,72
692,555,189,233,53
693,555,188,232,51
694,555,182,230,32
695,555,181,230,29
696,555,181,230,29
697,555,181,230,29
698,555,181,230,29
699,555,181,230,29
700,555,181,230,29
701,555,181,230,29
702,555,182,230,32
703,555,188,232,51
704,555,189,233,53
705,555,195,235,72
688,556,195,235,72
689,556,189,233,53
690,556,188,232,51
691,556,182,230,32
692,556,181,230,29
693,556,181,230,29
694,556,181,230,29
695,556,181,230,29
696,556,181,230,29
697,556,181,230,29
698,556,181,230,29
699,556,182,230,32
700,556,188,232,51
701,556,189,233,53
702,556,195,235,72
686,557,195,235,72
687,557,188,232,51
688,557,182,230,32
689,557,181,230,29
690,557,181,230,29
691,557,181,230,29
692,557,181,230,29
693,557,181,230,29
694,557,181,230,29
695,557,181,230,29
696,557,181,230,29
697,557,182,230,32
698,557,188,232,51
699,557,195,235,72
683,558,195,235,72
684,558,189,233,53
685,558,188,232,51
686,558,182,230,32
687,558,181,230,29
688,558,181,230,29
689,558,181,230,29
690,558,181,230,29
691,558,181,230,29
692,558,181,230,29
693,558,181,230,29
694,558,182,230,32
695,558,188,232,51
696,558,189,233,53
697,558,195,235,72
680,559,195,235,72
681,559,189,233,53
682,559,188,232,51
683,559,182,230,32
684,559,181,230,29
685,559,181,230,29
686,559,181,230,29
687,559,181,230,29
688,559,181,230,29
689,559,181,230,29
690,559,181,230,29
691,559,182,230,32
692,559,188,232,51
693,559,189,233,53
694,559,195,235,72
677,560,195,235,72
678,560,189,233,53
679,560,188,232,51
680,560,182,230,32
681,560,181,230,29
682,560,181,230,29
683,560,181,230,29
684,560,181,230,29
685,560,181,230,29
686,560,181,230,29
687,560,181,230,29
688,560,182,230,32
689,560,188,232,51
690,560,189,233,53
691,560,195,235,72
674,561,195,235,72
675,561,189,233,53
676,561,188,232,51
677,561,182,230,32
678,561,181,230,29
679,561,181,230,29
680,561,181,230,29
681,561,181,230,29
682,561,181,230,29
683,561,181,230,29
684,561,181,230,29
685,561,182,230,32
686,561,188,232,51
687,561,189,233,53
688,561,195,235,72
672,562,195,235,72
673,562,188,232,51
674,562,182,230,32
675,562,181,230,29
676,562,181,230,29
677,562,181,230,29
678,562,181,230,29
679,562,181,230,29
680,562,181,230,29
681,562,181,230,29
682,562,181,230,29
683,562,182,230,32
684,562,188,232,51
685,562,195,235,72
669,563,195,235,72
670,563,189,233,53
671,563,188,232,51
672,563,182,230,32
673,563,181,230,29
674,563,181,230,29
675,563,181,230,29
676,563,181,230,29
677,563,181,230,29
678,563,181,230,29
679,563,181,230,29
680,563,182,230,32
681,563,188,232,51
682,563,189,233,53
683,563,195,235,72
666,564,195,235,72
667,564,189,233,53
668,564,188,232,51
669,564,182,230,32
670,564,181,230,29
671,564,181,230,29
672,564,181,230,29
673,564,181,230,29
674,564,181,230,29
675,564,181,230,29
676,564,181,230,29
677,564,182,230,32
678,564,188,232,51
679,564,189,233,53
680,564,195,235,72
663,565,195,235,72
664,565,189,233,53
665,565,188,232,51
666,565,182,230,32
667,565,181,230,29
668,565,181,230,29
669,565,181,230,29
670,565,181,230,29
671,565,181,230,29
672,565,181,230,29
673,565,181,230,29
674,565,182,230,32
675,565,188,232,51
676,565,189,233,53
677,565,195,235,72
660,566,195,235,72
661,566,189,233,53
662,566,188,232,51
663,566,182,230,32
664,566,181,230,29
665,566,181,230,29
666,566,181,230,29
667,566,181,230,29
668,566,181,230,29
669,566,181,230,29
670,566,181,230,29
671,566,182,230,32
672,566,188,232,51
673,566,189,233,53
674,566,195,235,72
658,567,195,235,72
659,567,188,232,51
660,567,182,230,32
661,567,181,230,29
662,567,181,230,29
663,567,181,230,29
664,567,181,230,29
665,567,181,230,29
666,567,181,230,29
667,567,181,230,29
668,567,181,230,29
669,567,182,230,32
670,567,188,232,51
671,567,195,235,72
655,568,195,235,72
656,568,189,233,53
657,568,188,232,51
658,568,182,230,32
659,568,181,230,29
660,568,181,230,29
661,568,181,230,29
662,568,181,230,29
663,568,181,230,29
664,568,181,230,29
665,568,181,230,29
666,568,182,230,32
667,568,188,232,51
668,568,189,233,53
669,568,195,235,72
654,569,195,235,72
655,569,182,230,32
656,569,181,230,29
657,569,181,230,29
658,569,181,230,29
659,569,181,230,29
660,569,181,230,29
661,569,181,230,29
662,569,181,230,29
663,569,182,230,32
664,569,188,232,51
665,569,189,233,53
666,569,195,235,72
654,570,189,233,53
655,570,181,230,29
656,570,181,230,29
657,570,181,230,29
658,570,181,230,29
659,570,181,230,29
660,570,182,230,32
661,570,188,232,51
662,570,189,233,53
663,570,195,235,72
654,571,195,235,72
655,571,182,230,32
656,571,181,230,29
657,571,182,230,32
658,571,188,232,51
659,571,189,233,53
660,571,195,235,72
655,572,195,235,72
656,572,189,233,53
657,572,195,235,72
