277,399,195,235,72
278,399,189,233,53
279,399,195,235,72
276,400,195,235,72
277,400,182,230,32
278,400,181,230,29
279,400,182,230,32
280,400,188,232,51
281,400,189,233,53
282,400,195,235,72
276,401,188,232,51
277,401,181,230,29
278,401,181,230,29
279,401,181,230,29
280,401,181,230,29
281,401,181,230,29
282,401,182,230,32
283,401,188,232,51
284,401,189,233,53
285,401,195,235,72
275,402,195,235,72
276,402,182,230,32
277,402,181,230,29
278,402,181,230,29
279,402,181,230,29
280,402,181,230,29
281,402,181,230,29
282,402,181,230,29
283,402,181,230,29
284,402,181,230,29
285,402,182,230,32
286,402,188,232,51
287,402,195,235,72
275,403,188,232,51
276,403,181,230,29
277,403,181,230,29
278,403,181,230,29
279,403,181,230,29
280,403,181,230,29
281,403,181,230,29
282,403,181,230,29
283,403,181,230,29
284,403,181,230,29
285,403,181,230,29
286,403,181,230,29
287,403,182,230,32
288,403,188,232,51
289,403,195,235,72
274,404,194,234,69
275,404,182,230,32
276,404,181,230,29
277,404,181,230,29
278,404,181,230,29
279,404,181,230,29
280,404,181,230,29
281,404,181,230,29
282,404,181,230,29
283,404,181,230,29
284,404,181,230,29
285,404,181,230,29
286,404,181,230,29
287,404,181,230,29
288,404,181,230,29
289,404,182,230,32
290,404,195,235,72
273,405,195,235,72
274,405,182,230,32
275,405,181,230,29
276,405,181,230,29
277,405,181,230,29
278,405,181,230,29
279,405,181,230,29
280,405,181,230,29
281,405,181,230,29
282,405,181,230,29
283,405,181,230,29
284,405,181,230,29
285,405,181,230,29
286,405,181,230,29
287,405,181,230,29
288,405,181,230,29
289,405,181,230,29
290,405,189,233,53
273,406,188,232,51
274,406,181,230,29
275,406,181,230,29
276,406,181,230,29
277,406,181,230,29
278,406,181,230,29
279,406,181,230,29
280,406,181,230,29
281,406,181,230,29
282,406,181,230,29
283,406,181,230,29
284,406,181,230,29
285,406,181,230,29
286,406,181,230,29
287,406,181,230,29
288,406,181,230,29
289,406,181,230,29
290,406,189,233,53
272,407,194,234,69
273,407,182,230,32
274,407,181,230,29
275,407,181,230,29
276,407,181,230,29
277,407,181,230,29
278,407,181,230,29
279,407,181,230,29
280,407,181,230,29
281,407,181,230,29
282,407,181,230,29
283,407,181,230,29
284,407,181,230,29
285,407,181,230,29
286,407,181,230,29
287,407,181,230,29
288,407,181,230,29
289,407,181,230,29
290,407,189,233,53
271,408,195,235,72
272,408,182,230,32
273,408,181,230,29
274,408,181,230,29
275,408,181,230,29
276,408,181,230,29
277,408,181,230,29
278,408,181,230,29
279,408,181,230,29
280,408,181,230,29
281,408,181,230,29
282,408,181,230,29
283,408,181,230,29
284,408,181,230,29
285,408,181,230,29
286,408,181,230,29
287,408,181,230,29
288,408,181,230,29
289,408,181,230,29
290,408,189,233,53
271,409,188,232,51
272,409,181,230,29
273,409,181,230,29
274,409,181,230,29
275,409,181,230,29
276,409,181,230,29
277,409,181,230,29
278,409,181,230,29
279,409,181,230,29
280,409,181,230,29
281,409,181,230,29
282,409,181,230,29
283,409,181,230,29
284,409,181,230,29
285,409,181,230,29
286,409,181,230,29
287,409,181,230,29
288,409,181,230,29
289,409,181,230,29
290,409,189,233,53
270,410,195,235,72
271,410,182,230,32
272,410,181,230,29
273,410,181,230,29
274,410,181,230,29
275,410,181,230,29
276,410,181,230,29
277,410,181,230,29
278,410,181,230,29
279,410,181,230,29
280,410,181,230,29
281,410,181,230,29
282,410,181,230,29
283,410,181,230,29
284,410,181,230,29
285,410,181,230,29
286,410,181,230,29
287,410,181,230,29
288,410,181,230,29
289,410,181,230,29
290,410,189,233,53
270,411,189,233,53
271,411,181,230,29
272,411,181,230,29
273,411,181,230,29
274,411,181,230,29
275,411,181,230,29
276,411,181,230,29
277,411,181,230,29
278,411,181,230,29
279,411,181,230,29
280,411,181,230,29
281,411,181,230,29
282,411,181,230,29
283,411,181,230,29
284,411,181,230,29
285,411,181,230,29
286,411,181,230,29
287,411,181,230,29
288,411,181,230,29
289,411,181,230,29
290,411,189,233,53
270,412,195,235,72
271,412,182,230,32
272,412,181,230,29
273,412,181,230,29
274,412,181,230,29
275,412,181,230,29
276,412,181,230,29
277,412,181,230,29
278,412,181,230,29
279,412,181,230,29
280,412,181,230,29
281,412,181,230,29
282,412,181,230,29
283,412,181,230,29
284,412,181,230,29
285,412,181,230,29
286,412,181,230,29
287,412,181,230,29
288,412,181,230,29
289,412,181,230,29
290,412,189,233,53
271,413,188,232,51
272,413,181,230,29
273,413,181,230,29
274,413,181,230,29
275,413,181,230,29
276,413,181,230,29
277,413,181,230,29
278,413,181,230,29
279,413,181,230,29
280,413,181,230,29
281,413,181,230,29
282,413,181,230,29
283,413,181,230,29
284,413,181,230,29
285,413,181,230,29
286,413,181,230,29
287,413,181,230,29
288,413,181,230,29
289,413,181,230,29
290,413,189,233,53
271,414,195,235,72
272,414,182,230,32
273,414,181,230,29
274,414,181,230,29
275,414,181,230,29
276,414,181,230,29
277,414,181,230,29
278,414,181,230,29
279,414,181,230,29
280,414,181,230,29
281,414,181,230,29
282,414,181,230,29
283,414,181,230,29
284,414,181,230,29
285,414,181,230,29
286,414,181,230,29
287,414,181,230,29
288,414,181,230,29
289,414,181,230,29
290,414,189,233,53
272,415,194,234,69
273,415,182,230,32
274,415,181,230,29
275,415,181,230,29
276,415,181,230,29
277,415,181,230,29
278,415,181,230,29
279,415,181,230,29
280,415,181,230,29
281,415,181,230,29
282,415,181,230,29
283,415,181,230,29
284,415,181,230,29
285,415,181,230,29
286,415,181,230,29
287,415,181,230,29
288,415,181,230,29
289,415,181,230,29
290,415,189,233,53
273,416,188,232,51
274,416,181,230,29
275,416,181,230,29
276,416,181,230,29
277,416,181,230,29
278,416,181,230,29
279,416,181,230,29
280,416,181,230,29
281,416,181,230,29
282,416,181,230,29
283,416,181,230,29
284,416,181,230,29
285,416,181,230,29
286,416,181,230,29
287,416,181,230,29
288,416,181,230,29
289,416,181,230,29
290,416,189,233,53
273,417,195,235,72
274,417,182,230,32
275,417,181,230,29
276,417,181,230,29
277,417,181,230,29
278,417,181,230,29
279,417,181,230,29
280,417,181,230,29
281,417,181,230,29
282,417,181,230,29
283,417,181,230,29
284,417,181,230,29
285,417,181,230,29
286,417,181,230,29
287,417,181,230,29
288,417,181,230,29
289,417,181,230,29
290,417,189,233,53
274,418,188,232,51
275,418,181,230,29
276,418,181,230,29
277,418,181,230,29
278,418,181,230,29
279,418,181,230,29
280,418,181,230,29
281,418,181,230,29
282,418,181,230,29
283,418,181,230,29
284,418,181,230,29
285,418,181,230,29
286,418,181,230,29
287,418,181,230,29
288,418,181,230,29
289,418,182,230,32
290,418,195,235,72
274,419,195,235,72
275,419,182,230,32
276,419,181,230,29
277,419,181,230,29
278,419,181,230,29
279,419,181,230,29
280,419,181,230,29
281,419,181,230,29
282,419,181,230,29
283,419,181,230,29
284,419,181,230,29
285,419,181,230,29
286,419,181,230,29
287,419,182,230,32
288,419,188,232,51
289,419,195,235,72
275,420,194,234,69
276,420,182,230,32
277,420,181,230,29
278,420,181,230,29
279,420,181,230,29
280,420,181,230,29
281,420,181,230,29
282,420,181,230,29
283,420,181,230,29
284,420,181,230,29
285,420,182,230,32
286,420,188,232,51
287,420,195,235,72
276,421,188,232,51
277,421,181,230,29
278,421,181,230,29
279,421,181,230,29
280,421,181,230,29
281,421,181,230,29
282,421,182,230,32
283,421,188,232,51
284,421,189,233,53
285,421,195,235,72
276,422,195,235,72
277,422,182,230,32
278,422,181,230,29
279,422,182,230,32
280,422,188,232,51
281,422,189,233,53
282,422,195,235,72
277,423,195,235,72
278,423,189,233,53
279,423,195,235,72
