186,283,195,235,72
187,283,189,233,53
185,284,194,234,69
186,284,182,230,32
187,284,181,230,29
188,284,188,232,51
184,285,195,235,72
185,285,182,230,32
186,285,181,230,29
187,285,181,230,29
188,285,182,230,32
189,285,195,235,72
184,286,189,233,53
185,286,181,230,29
186,286,181,230,29
187,286,181,230,29
188,286,181,230,29
189,286,189,233,53
184,287,189,233,53
185,287,181,230,29
186,287,181,230,29
187,287,181,230,29
188,287,181,230,29
189,287,189,233,53
184,288,189,233,53
185,288,181,230,29
186,288,181,230,29
187,288,181,230,29
188,288,181,230,29
189,288,188,232,51
184,289,188,232,51
185,289,181,230,29
186,289,181,230,29
187,289,181,230,29
188,289,181,230,29
189,289,182,230,32
190,289,195,235,72
183,290,195,235,72
184,290,182,230,32
185,290,181,230,29
186,290,181,230,29
187,290,181,230,29
188,290,181,230,29
189,290,181,230,29
190,290,189,233,53
183,291,189,233,53
184,291,181,230,29
185,291,181,230,29
186,291,181,230,29
187,291,181,230,29
188,291,181,230,29
189,291,181,230,29
190,291,189,233,53
183,292,189,233,53
184,292,181,230,29
185,292,181,230,29
186,292,181,230,29
187,292,181,230,29
188,292,181,230,29
189,292,181,230,29
190,292,189,233,53
183,293,188,232,51
184,293,181,230,29
185,293,181,230,29
186,293,181,230,29
187,293,181,230,29
188,293,181,230,29
189,293,181,230,29
190,293,188,232,51
182,294,195,235,72
183,294,182,230,32
184,294,181,230,29
185,294,181,230,29
186,294,181,230,29
187,294,181,230,29
188,294,181,230,29
189,294,181,230,29
190,294,182,230,32
191,294,195,235,72
182,295,189,233,53
183,295,181,230,29
184,295,181,230,29
185,295,181,230,29
186,295,181,230,29
187,295,181,230,29
188,295,181,230,29
189,295,181,230,29
190,295,181,230,29
191,295,189,233,53
182,296,189,233,53
183,296,181,230,29
184,296,181,230,29
185,296,181,230,29
186,296,181,230,29
187,296,181,230,29
188,296,181,230,29
189,296,181,230,29
190,296,181,230,29
191,296,189,233,53
182,297,188,232,51
183,297,181,230,29
184,297,181,230,29
185,297,181,230,29
186,297,181,230,29
187,297,181,230,29
188,297,181,230,29
189,297,181,230,29
190,297,181,230,29
191,297,188,232,51
181,298,195,235,72
182,298,182,230,32
183,298,181,230,29
184,298,181,230,29
185,298,181,230,29
186,298,181,230,29
187,298,181,230,29
188,298,181,230,29
189,298,181,230,29
190,298,181,230,29
191,298,182,230,32
192,298,195,235,72
181,299,189,233,53
182,299,181,230,29
183,299,181,230,29
184,299,181,230,29
185,299,181,230,29
186,299,181,230,29
187,299,181,230,29
188,299,181,230,29
189,299,181,230,29
190,299,181,230,29
191,299,181,230,29
192,299,189,233,53
181,300,189,233,53
182,300,181,230,29
183,300,181,230,29
184,300,181,230,29
185,300,181,230,29
186,300,181,230,29
187,300,181,230,29
188,300,181,230,29
189,300,181,230,29
190,300,181,230,29
191,300,181,230,29
192,300,189,233,53
181,301,189,233,53
182,301,181,230,29
183,301,181,230,29
184,301,181,230,29
185,301,181,230,29
186,301,181,230,29
187,301,181,230,29
188,301,181,230,29
189,301,181,230,29
190,301,181,230,29
191,301,181,230,29
192,301,188,232,51
181,302,188,232,51
182,302,181,230,29
183,302,181,230,29
184,302,181,230,29
185,302,181,230,29
186,302,181,230,29
187,302,181,230,29
188,302,181,230,29
189,302,181,230,29
190,302,181,230,29
191,302,181,230,29
192,302,182,230,32
193,302,195,235,72
180,303,195,235,72
181,303,182,230,32
182,303,181,230,29
183,303,181,230,29
184,303,181,230,29
185,303,181,230,29
186,303,181,230,29
187,303,181,230,29
188,303,181,230,29
189,303,181,230,29
190,303,181,230,29
191,303,181,230,29
192,303,181,230,29
193,303,189,233,53
180,304,189,233,53
181,304,181,230,29
182,304,181,230,29
183,304,181,230,29
184,304,181,230,29
185,304,181,230,29
186,304,181,230,29
187,304,181,230,29
188,304,181,230,29
189,304,181,230,29
190,304,181,230,29
191,304,181,230,29
192,304,181,230,29
193,304,189,233,53
180,305,189,233,53
181,305,181,230,29
182,305,181,230,29
183,305,181,230,29
184,305,181,230,29
185,305,181,230,29
186,305,181,230,29
187,305,181,230,29
188,305,181,230,29
189,305,181,230,29
190,305,181,230,29
191,305,181,230,29
192,305,181,230,29
193,305,189,233,53
180,306,188,232,51
181,306,181,230,29
182,306,181,230,29
183,306,181,230,29
184,306,181,230,29
185,306,181,230,29
186,306,181,230,29
187,306,181,230,29
188,306,181,230,29
189,306,181,230,29
190,306,181,230,29
191,306,181,230,29
192,306,181,230,29
193,306,188,232,51
179,307,194,234,69
180,307,182,230,32
181,307,181,230,29
182,307,181,230,29
183,307,181,230,29
184,307,181,230,29
185,307,181,230,29
186,307,181,230,29
187,307,181,230,29
188,307,181,230,29
189,307,181,230,29
190,307,181,230,29
191,307,181,230,29
192,307,181,230,29
193,307,182,230,32
194,307,194,234,69
178,308,194,234,69
179,308,182,230,32
180,308,181,230,29
181,308,181,230,29
182,308,181,230,29
183,308,181,230,29
184,308,181,230,29
185,308,181,230,29
186,308,181,230,29
187,308,181,230,29
188,308,181,230,29
189,308,181,230,29
190,308,181,230,29
191,308,181,230,29
192,308,181,230,29
193,308,181,230,29
194,308,182,230,32
195,308,194,234,69
176,309,195,235,72
177,309,188,232,51
178,309,182,230,32
179,309,181,230,29
180,309,181,230,29
181,309,181,230,29
182,309,181,230,29
183,309,181,230,29
184,309,181,230,29
185,309,181,230,29
186,309,181,230,29
187,309,181,230,29
188,309,181,230,29
189,309,181,230,29
190,309,181,230,29
191,309,181,230,29
192,309,181,230,29
193,309,181,230,29
194,309,181,230,29
195,309,182,230,32
196,309,188,232,51
197,309,195,235,72
174,310,195,235,72
175,310,188,232,51
176,310,182,230,32
177,310,181,230,29
178,310,181,230,29
179,310,181,230,29
180,310,181,230,29
181,310,181,230,29
182,310,181,230,29
183,310,181,230,29
184,310,181,230,29
185,310,181,230,29
186,310,181,230,29
187,310,181,230,29
188,310,181,230,29
189,310,181,230,29
190,310,181,230,29
191,310,181,230,29
192,310,181,230,29
193,310,181,230,29
194,310,181,230,29
195,310,181,230,29
196,310,181,230,29
197,310,182,230,32
198,310,188,232,51
199,310,195,235,72
171,311,195,235,72
172,311,189,233,53
173,311,188,232,51
174,311,182,230,32
175,311,181,230,29
176,311,181,230,29
177,311,181,230,29
178,311,181,230,29
179,311,181,230,29
180,311,181,230,29
181,311,181,230,29
182,311,181,230,29
183,311,181,230,29
184,311,181,230,29
185,311,181,230,29
186,311,181,230,29
187,311,181,230,29
188,311,181,230,29
189,311,181,230,29
190,311,181,230,29
191,311,181,230,29
192,311,181,230,29
193,311,181,230,29
194,311,181,230,29
195,311,181,230,29
196,311,181,230,29
197,311,181,230,29
198,311,181,230,29
199,311,182,230,32
200,311,188,232,51
201,311,189,233,53
202,311,195,235,72
169,312,195,235,72
170,312,188,232,51
171,312,182,230,32
172,312,181,230,29
173,312,181,230,29
174,312,181,230,29
175,312,181,230,29
176,312,181,230,29
177,312,181,230,29
178,312,181,230,29
179,312,181,230,29
180,312,181,230,29
181,312,181,230,29
182,312,181,230,29
183,312,181,230,29
184,312,181,230,29
185,312,181,230,29
186,312,181,230,29
187,312,181,230,29
188,312,181,230,29
189,312,181,230,29
190,312,181,230,29
191,312,181,230,29
192,312,181,230,29
193,312,181,230,29
194,312,181,230,29
195,312,181,230,29
196,312,181,230,29
197,312,181,230,29
198,312,181,230,29
199,312,181,230,29
200,312,181,230,29
201,312,181,230,29
202,312,182,230,32
203,312,188,232,51
204,312,195,235,72
167,313,195,235,72
168,313,188,232,51
169,313,182,230,32
170,313,181,230,29
171,313,181,230,29
172,313,181,230,29
173,313,181,230,29
174,313,181,230,29
175,313,181,230,29
176,313,181,230,29
177,313,181,230,29
178,313,181,230,29
179,313,181,230,29
180,313,181,230,29
181,313,181,230,29
182,313,181,230,29
183,313,181,230,29
184,313,181,230,29
185,313,181,230,29
186,313,181,230,29
187,313,181,230,29
188,313,181,230,29
189,313,181,230,29
190,313,181,230,29
191,313,181,230,29
192,313,181,230,29
193,313,181,230,29
194,313,181,230,29
195,313,181,230,29
196,313,181,230,29
197,313,181,230,29
198,313,181,230,29
199,313,181,230,29
200,313,181,230,29
201,313,181,230,29
202,313,181,230,29
203,313,181,230,29
204,313,182,230,32
205,313,188,232,51
206,313,195,235,72
164,314,195,235,72
165,314,189,233,53
166,314,188,232,51
167,314,182,230,32
168,314,181,230,29
169,314,181,230,29
170,314,181,230,29
171,314,181,230,29
172,314,181,230,29
173,314,181,230,29
174,314,181,230,29
175,314,181,230,29
176,314,181,230,29
177,314,181,230,29
178,314,181,230,29
179,314,181,230,29
180,314,181,230,29
181,314,181,230,29
182,314,181,230,29
183,314,181,230,29
184,314,181,230,29
185,314,181,230,29
186,314,181,230,29
187,314,181,230,29
188,314,181,230,29
189,314,181,230,29
190,314,181,230,29
191,314,181,230,29
192,314,181,230,29
193,314,181,230,29
194,314,181,230,29
195,314,181,230,29
196,314,181,230,29
197,314,181,230,29
198,314,181,230,29
199,314,181,230,29
200,314,181,230,29
201,314,181,230,29
202,314,181,230,29
203,314,181,230,29
204,314,181,230,29
205,314,181,230,29
206,314,182,230,32
207,314,188,232,51
208,314,189,233,53
209,314,195,235,72
162,315,195,235,72
163,315,188,232,51
164,315,182,230,32
165,315,181,230,29
166,315,181,230,29
167,315,181,230,29
168,315,181,230,29
169,315,181,230,29
170,315,181,230,29
171,315,181,230,29
172,315,181,230,29
173,315,181,230,29
174,315,181,230,29
175,315,181,230,29
176,315,181,230,29
177,315,181,230,29
178,315,181,230,29
179,315,181,230,29
180,315,181,230,29
181,315,181,230,29
182,315,181,230,29
183,315,181,230,29
184,315,181,230,29
185,315,181,230,29
186,315,181,230,29
187,315,181,230,29
188,315,181,230,29
189,315,181,230,29
190,315,181,230,29
191,315,181,230,29
192,315,181,230,29
193,315,181,230,29
194,315,181,230,29
195,315,181,230,29
196,315,181,230,29
197,315,181,230,29
198,315,181,230,29
199,315,181,230,29
200,315,181,230,29
201,315,181,230,29
202,315,181,230,29
203,315,181,230,29
204,315,181,230,29
205,315,181,230,29
206,315,181,230,29
207,315,181,230,29
208,315,181,230,29
209,315,182,230,32
210,315,188,232,51
211,315,195,235,72
161,316,195,235,72
162,316,182,230,32
163,316,181,230,29
164,316,181,230,29
165,316,181,230,29
166,316,181,230,29
167,316,181,230,29
168,316,181,230,29
169,316,181,230,29
170,316,181,230,29
171,316,181,230,29
172,316,181,230,29
173,316,181,230,29
174,316,181,230,29
175,316,181,230,29
176,316,181,230,29
177,316,181,230,29
178,316,181,230,29
179,316,181,230,29
180,316,181,230,29
181,316,181,230,29
182,316,181,230,29
183,316,181,230,29
184,316,181,230,29
185,316,181,230,29
186,316,181,230,29
187,316,181,230,29
188,316,181,230,29
189,316,181,230,29
190,316,181,230,29
191,316,181,230,29
192,316,181,230,29
193,316,181,230,29
194,316,181,230,29
195,316,181,230,29
196,316,181,230,29
197,316,181,230,29
198,316,181,230,29
199,316,181,230,29
200,316,181,230,29
201,316,181,230,29
202,316,181,230,29
203,316,181,230,29
204,316,181,230,29
205,316,181,230,29
206,316,181,230,29
207,316,181,230,29
208,316,181,230,29
209,316,181,230,29
210,316,181,230,29
211,316,182,230,32
212,316,195,235,72
161,317,189,233,53
162,317,181,230,29
163,317,181,230,29
164,317,181,230,29
165,317,181,230,29
166,317,181,230,29
167,317,181,230,29
168,317,181,230,29
169,317,181,230,29
170,317,181,230,29
171,317,181,230,29
172,317,181,230,29
173,317,181,230,29
174,317,181,230,29
175,317,181,230,29
176,317,181,230,29
177,317,181,230,29
178,317,181,230,29
179,317,181,230,29
180,317,181,230,29
181,317,181,230,29
182,317,181,230,29
183,317,181,230,29
184,317,181,230,29
185,317,181,230,29
186,317,181,230,29
187,317,181,230,29
188,317,181,230,29
189,317,181,230,29
190,317,181,230,29
191,317,181,230,29
192,317,181,230,29
193,317,181,230,29
194,317,181,230,29
195,317,181,230,29
196,317,181,230,29
197,317,181,230,29
198,317,181,230,29
199,317,181,230,29
200,317,181,230,29
201,317,181,230,29
202,317,181,230,29
203,317,181,230,29
204,317,181,230,29
205,317,181,230,29
206,317,181,230,29
207,317,181,230,29
208,317,181,230,29
209,317,181,230,29
210,317,181,230,29
211,317,181,230,29
212,317,189,233,53
161,318,195,235,72
162,318,182,230,32
163,318,181,230,29
164,318,181,230,29
165,318,181,230,29
166,318,181,230,29
167,318,181,230,29
168,318,181,230,29
169,318,181,230,29
170,318,181,230,29
171,318,181,230,29
172,318,181,230,29
173,318,181,230,29
174,318,181,230,29
175,318,181,230,29
176,318,181,230,29
177,318,181,230,29
178,318,181,230,29
179,318,181,230,29
180,318,181,230,29
181,318,181,230,29
182,318,181,230,29
183,318,181,230,29
184,318,181,230,29
185,318,181,230,29
186,318,181,230,29
187,318,181,230,29
188,318,181,230,29
189,318,181,230,29
190,318,181,230,29
191,318,181,230,29
192,318,181,230,29
193,318,181,230,29
194,318,181,230,29
195,318,181,230,29
196,318,181,230,29
197,318,181,230,29
198,318,181,230,29
199,318,181,230,29
200,318,181,230,29
201,318,181,230,29
202,318,181,230,29
203,318,181,230,29
204,318,181,230,29
205,318,181,230,29
206,318,181,230,29
207,318,181,230,29
208,318,181,230,29
209,318,181,230,29
210,318,181,230,29
211,318,182,230,32
212,318,195,235,72
162,319,195,235,72
163,319,188,232,51
164,319,182,230,32
165,319,181,230,29
166,319,181,230,29
167,319,181,230,29
168,319,181,230,29
169,319,181,230,29
170,319,181,230,29
171,319,181,230,29
172,319,181,230,29
173,319,181,230,29
174,319,181,230,29
175,319,181,230,29
176,319,181,230,29
177,319,181,230,29
178,319,181,230,29
179,319,181,230,29
180,319,181,230,29
181,319,181,230,29
182,319,181,230,29
183,319,181,230,29
184,319,181,230,29
185,319,181,230,29
186,319,181,230,29
187,319,181,230,29
188,319,181,230,29
189,319,181,230,29
190,319,181,230,29
191,319,181,230,29
192,319,181,230,29
193,319,181,230,29
194,319,181,230,29
195,319,181,230,29
196,319,181,230,29
197,319,181,230,29
198,319,181,230,29
199,319,181,230,29
200,319,181,230,29
201,319,181,230,29
202,319,181,230,29
203,319,181,230,29
204,319,181,230,29
205,319,181,230,29
206,319,181,230,29
207,319,181,230,29
208,319,181,230,29
209,319,182,230,32
210,319,188,232,51
211,319,195,235,72
164,320,195,235,72
165,320,188,232,51
166,320,182,230,32
167,320,181,230,29
168,320,181,230,29
169,320,181,230,29
170,320,181,230,29
171,320,181,230,29
172,320,181,230,29
173,320,181,230,29
174,320,181,230,29
175,320,181,230,29
176,320,181,230,29
177,320,181,230,29
178,320,181,230,29
179,320,181,230,29
180,320,181,230,29
181,320,181,230,29
182,320,181,230,29
183,320,181,230,29
184,320,181,230,29
185,320,181,230,29
186,320,181,230,29
187,320,181,230,29
188,320,181,230,29
189,320,181,230,29
190,320,181,230,29
191,320,181,230,29
192,320,181,230,29
193,320,181,230,29
194,320,181,230,29
195,320,181,230,29
196,320,181,230,29
197,320,181,230,29
198,320,181,230,29
199,320,181,230,29
200,320,181,230,29
201,320,181,230,29
202,320,181,230,29
203,320,181,230,29
204,320,181,230,29
205,320,181,230,29
206,320,181,230,29
207,320,182,230,32
208,320,188,232,51
209,320,195,235,72
166,321,195,235,72
167,321,189,233,53
168,321,188,232,51
169,321,182,230,32
170,321,181,230,29
171,321,181,230,29
172,321,181,230,29
173,321,181,230,29
174,321,181,230,29
175,321,181,230,29
176,321,181,230,29
177,321,181,230,29
178,321,181,230,29
179,321,181,230,29
180,321,181,230,29
181,321,181,230,29
182,321,181,230,29
183,321,181,230,29
184,321,181,230,29
185,321,181,230,29
186,321,181,230,29
187,321,181,230,29
188,321,181,230,29
189,321,181,230,29
190,321,181,230,29
191,321,181,230,29
192,321,181,230,29
193,321,181,230,29
194,321,181,230,29
195,321,181,230,29
196,321,181,230,29
197,321,181,230,29
198,321,181,230,29
199,321,181,230,29
200,321,181,230,29
201,321,181,230,29
202,321,181,230,29
203,321,181,230,29
204,321,182,230,32
205,321,188,232,51
206,321,189,233,53
207,321,195,235,72
169,322,195,235,72
170,322,188,232,51
171,322,182,230,32
172,322,181,230,29
173,322,181,230,29
174,322,181,230,29
175,322,181,230,29
176,322,181,230,29
177,322,181,230,29
178,322,181,230,29
179,322,181,230,29
180,322,181,230,29
181,322,181,230,29
182,322,181,230,29
183,322,181,230,29
184,322,181,230,29
185,322,181,230,29
186,322,181,230,29
187,322,181,230,29
188,322,181,230,29
189,322,181,230,29
190,322,181,230,29
191,322,181,230,29
192,322,181,230,29
193,322,181,230,29
194,322,181,230,29
195,322,181,230,29
196,322,181,230,29
197,322,181,230,29
198,322,181,230,29
199,322,181,230,29
200,322,181,230,29
201,322,181,230,29
202,322,182,230,32
203,322,188,232,51
204,322,195,235,72
171,323,195,235,72
172,323,188,232,51
173,323,182,230,32
174,323,181,230,29
175,323,181,230,29
176,323,181,230,29
177,323,181,230,29
178,323,181,230,29
179,323,181,230,29
180,323,181,230,29
181,323,181,230,29
182,323,181,230,29
183,323,181,230,29
184,323,181,230,29
185,323,181,230,29
186,323,181,230,29
187,323,181,230,29
188,323,181,230,29
189,323,181,230,29
190,323,181,230,29
191,323,181,230,29
192,323,181,230,29
193,323,181,230,29
194,323,181,230,29
195,323,181,230,29
196,323,181,230,29
197,323,181,230,29
198,323,181,230,29
199,323,181,230,29
200,323,182,230,32
201,323,188,232,51
202,323,195,235,72
173,324,195,235,72
174,324,189,233,53
175,324,188,232,51
176,324,182,230,32
177,324,181,230,29
178,324,181,230,29
179,324,181,230,29
180,324,181,230,29
181,324,181,230,29
182,324,181,230,29
183,324,181,230,29
184,324,181,230,29
185,324,181,230,29
186,324,181,230,29
187,324,181,230,29
188,324,181,230,29
189,324,181,230,29
190,324,181,230,29
191,324,181,230,29
192,324,181,230,29
193,324,181,230,29
194,324,181,230,29
195,324,181,230,29
196,324,181,230,29
197,324,182,230,32
198,324,188,232,51
199,324,189,233,53
200,324,195,235,72
176,325,195,235,72
177,325,188,232,51
178,325,182,230,32
179,325,181,230,29
180,325,181,230,29
181,325,181,230,29
182,325,181,230,29
183,325,181,230,29
184,325,181,230,29
185,325,181,230,29
186,325,181,230,29
187,325,181,230,29
188,325,181,230,29
189,325,181,230,29
190,325,181,230,29
191,325,181,230,29
192,325,181,230,29
193,325,181,230,29
194,325,181,230,29
195,325,182,230,32
196,325,188,232,51
197,325,195,235,72
178,326,194,234,69
179,326,182,230,32
180,326,181,230,29
181,326,181,230,29
182,326,181,230,29
183,326,181,230,29
184,326,181,230,29
185,326,181,230,29
186,326,181,230,29
187,326,181,230,29
188,326,181,230,29
189,326,181,230,29
190,326,181,230,29
191,326,181,230,29
192,326,181,230,29
193,326,181,230,29
194,326,182,230,32
195,326,194,234,69
179,327,194,234,69
180,327,182,230,32
181,327,181,230,29
182,327,181,230,29
183,327,181,230,29
184,327,181,230,29
185,327,181,230,29
186,327,181,230,29
187,327,181,230,29
188,327,181,230,29
189,327,181,230,29
190,327,181,230,29
191,327,181,230,29
192,327,181,230,29
193,327,182,230,32
194,327,194,234,69
180,328,188,232,51
181,328,181,230,29
182,328,181,230,29
183,328,181,230,29
184,328,181,230,29
185,328,181,230,29
186,328,181,230,29
187,328,181,230,29
188,328,181,230,29
189,328,181,230,29
190,328,181,230,29
191,328,181,230,29
192,328,181,230,29
193,328,188,232,51
180,329,189,233,53
181,329,181,230,29
182,329,181,230,29
183,329,181,230,29
184,329,181,230,29
185,329,181,230,29
186,329,181,230,29
187,329,181,230,29
188,329,181,230,29
189,329,181,230,29
190,329,181,230,29
191,329,181,230,29
192,329,181,230,29
193,329,189,233,53
180,330,189,233,53
181,330,181,230,29
182,330,181,230,29
183,330,181,230,29
184,330,181,230,29
185,330,181,230,29
186,330,181,230,29
187,330,181,230,29
188,330,181,230,29
189,330,181,230,29
190,330,181,230,29
191,330,181,230,29
192,330,181,230,29
193,330,189,233,53
180,331,195,235,72
181,331,182,230,32
182,331,181,230,29
183,331,181,230,29
184,331,181,230,29
185,331,181,230,29
186,331,181,230,29
187,331,181,230,29
188,331,181,230,29
189,331,181,230,29
190,331,181,230,29
191,331,181,230,29
192,331,181,230,29
193,331,189,233,53
181,332,188,232,51
182,332,181,230,29
183,332,181,230,29
184,332,181,230,29
185,332,181,230,29
186,332,181,230,29
187,332,181,230,29
188,332,181,230,29
189,332,181,230,29
190,332,181,230,29
191,332,181,230,29
192,332,182,230,32
193,332,195,235,72
181,333,189,233,53
182,333,181,230,29
183,333,181,230,29
184,333,181,230,29
185,333,181,230,29
186,333,181,230,29
187,333,181,230,29
188,333,181,230,29
189,333,181,230,29
190,333,181,230,29
191,333,181,230,29
192,333,188,232,51
181,334,189,233,53
182,334,181,230,29
183,334,181,230,29
184,334,181,230,29
185,334,181,230,29
186,334,181,230,29
187,334,181,230,29
188,334,181,230,29
189,334,181,230,29
190,334,181,230,29
191,334,181,230,29
192,334,189,233,53
181,335,189,233,53
182,335,181,230,29
183,335,181,230,29
184,335,181,230,29
185,335,181,230,29
186,335,181,230,29
187,335,181,230,29
188,335,181,230,29
189,335,181,230,29
190,335,181,230,29
191,335,181,230,29
192,335,189,233,53
181,336,195,235,72
182,336,182,230,32
183,336,181,230,29
184,336,181,230,29
185,336,181,230,29
186,336,181,230,29
187,336,181,230,29
188,336,181,230,29
189,336,181,230,29
190,336,181,230,29
191,336,182,230,32
192,336,195,235,72
182,337,188,232,51
183,337,181,230,29
184,337,181,230,29
185,337,181,230,29
186,337,181,230,29
187,337,181,230,29
188,337,181,230,29
189,337,181,230,29
190,337,181,230,29
191,337,188,232,51
182,338,189,233,53
183,338,181,230,29
184,338,181,230,29
185,338,181,230,29
186,338,181,230,29
187,338,181,230,29
188,338,181,230,29
189,338,181,230,29
190,338,181,230,29
191,338,189,233,53
182,339,189,233,53
183,339,181,230,29
184,339,181,230,29
185,339,181,230,29
186,339,181,230,29
187,339,181,230,29
188,339,181,230,29
189,339,181,230,29
190,339,181,230,29
191,339,189,233,53
182,340,195,235,72
183,340,182,230,32
184,340,181,230,29
185,340,181,230,29
186,340,181,230,29
187,340,181,230,29
188,340,181,230,29
189,340,181,230,29
190,340,182,230,32
191,340,195,235,72
183,341,188,232,51
184,341,181,230,29
185,341,181,230,29
186,341,181,230,29
187,341,181,230,29
188,341,181,230,29
189,341,181,230,29
190,341,188,232,51
183,342,189,233,53
184,342,181,230,29
185,342,181,230,29
186,342,181,230,29
187,342,181,230,29
188,342,181,230,29
189,342,181,230,29
190,342,189,233,53
183,343,189,233,53
184,343,181,230,29
185,343,181,230,29
186,343,181,230,29
187,343,181,230,29
188,343,181,230,29
189,343,181,230,29
190,343,189,233,53
183,344,195,235,72
184,344,182,230,32
185,344,181,230,29
186,344,181,230,29
187,344,181,230,29
188,344,181,230,29
189,344,181,230,29
190,344,189,233,53
184,345,188,232,51
185,345,181,230,29
186,345,181,230,29
187,345,181,230,29
188,345,181,230,29
189,345,182,230,32
190,345,195,235,72
184,346,189,233,53
185,346,181,230,29
186,346,181,230,29
187,346,181,230,29
188,346,181,230,29
189,346,188,232,51
184,347,189,233,53
185,347,181,230,29
186,347,181,230,29
187,347,181,230,29
188,347,181,230,29
189,347,189,233,53
184,348,189,233,53
185,348,181,230,29
186,348,181,230,29
187,348,181,230,29
188,348,181,230,29
189,348,189,233,53
184,349,195,235,72
185,349,182,230,32
186,349,181,230,29
187,349,181,230,29
188,349,182,230,32
189,349,195,235,72
185,350,194,234,69
186,350,182,230,32
187,350,181,230,29
188,350,188,232,51
186,351,195,235,72
187,351,189,233,53
