75,282,195,235,72
76,282,189,233,53
77,282,195,235,72
74,283,195,235,72
75,283,182,230,32
76,283,181,230,29
77,283,182,230,32
78,283,195,235,72
74,284,189,233,53
75,284,181,230,29
76,284,181,230,29
77,284,181,230,29
78,284,189,233,53
74,285,188,232,51
75,285,181,230,29
76,285,181,230,29
77,285,181,230,29
78,285,188,232,51
73,286,195,235,72
74,286,182,230,32
75,286,181,230,29
76,286,181,230,29
77,286,181,230,29
78,286,182,230,32
79,286,195,235,72
73,287,189,233,53
74,287,181,230,29
75,287,181,230,29
76,287,181,230,29
77,287,181,230,29
78,287,181,230,29
79,287,189,233,53
73,288,189,233,53
74,288,181,230,29
75,288,181,230,29
76,288,181,230,29
77,288,181,230,29
78,288,181,230,29
79,288,189,233,53
73,289,188,232,51
74,289,181,230,29
75,289,181,230,29
76,289,181,230,29
77,289,181,230,29
78,289,181,230,29
79,289,188,232,51
72,290,195,235,72
73,290,182,230,32
74,290,181,230,29
75,290,181,230,29
76,290,181,230,29
77,290,181,230,29
78,290,181,230,29
79,290,182,230,32
80,290,195,235,72
72,291,189,233,53
73,291,181,230,29
74,291,181,230,29
75,291,181,230,29
76,291,181,230,29
77,291,181,230,29
78,291,181,230,29
79,291,181,230,29
80,291,189,233,53
72,292,189,233,53
73,292,181,230,29
74,292,181,230,29
75,292,181,230,29
76,292,181,230,29
77,292,181,230,29
78,292,181,230,29
79,292,181,230,29
80,292,188,232,51
72,293,188,232,51
73,293,181,230,29
74,293,181,230,29
75,293,181,230,29
76,293,181,230,29
77,293,181,230,29
78,293,181,230,29
79,293,181,230,29
80,293,182,230,32
81,293,195,235,72
71,294,195,235,72
72,294,182,230,32
73,294,181,230,29
74,294,181,230,29
75,294,181,230,29
76,294,181,230,29
77,294,181,230,29
78,294,181,230,29
79,294,181,230,29
80,294,181,230,29
81,294,189,233,53
71,295,189,233,53
72,295,181,230,29
73,295,181,230,29
74,295,181,230,29
75,295,181,230,29
76,295,181,230,29
77,295,181,230,29
78,295,181,230,29
79,295,181,230,29
80,295,181,230,29
81,295,189,233,53
71,296,188,232,51
72,296,181,230,29
73,296,181,230,29
74,296,181,230,29
75,296,181,230,29
76,296,181,230,29
77,296,181,230,29
78,296,181,230,29
79,296,181,230,29
80,296,181,230,29
81,296,188,232,51
70,297,194,234,69
71,297,182,230,32
72,297,181,230,29
73,297,181,230,29
74,297,181,230,29
75,297,181,230,29
76,297,181,230,29
77,297,181,230,29
78,297,181,230,29
79,297,181,230,29
80,297,181,230,29
81,297,182,230,32
82,297,194,234,69
69,298,194,234,69
70,298,182,230,32
71,298,181,230,29
72,298,181,230,29
73,298,181,230,29
74,298,181,230,29
75,298,181,230,29
76,298,181,230,29
77,298,181,230,29
78,298,181,230,29
79,298,181,230,29
80,298,181,230,29
81,298,181,230,29
82,298,182,230,32
83,298,188,232,51
84,298,195,235,72
66,299,195,235,72
67,299,189,233,53
68,299,188,232,51
69,299,182,230,32
70,299,181,230,29
71,299,181,230,29
72,299,181,230,29
73,299,181,230,29
74,299,181,230,29
75,299,181,230,29
76,299,181,230,29
77,299,181,230,29
78,299,181,230,29
79,299,181,230,29
80,299,181,230,29
81,299,181,230,29
82,299,181,230,29
83,299,181,230,29
84,299,182,230,32
85,299,188,232,51
86,299,195,235,72
63,300,195,235,72
64,300,189,233,53
65,300,188,232,51
66,300,182,230,32
67,300,181,230,29
68,300,181,230,29
69,300,181,230,29
70,300,181,230,29
71,300,181,230,29
72,300,181,230,29
73,300,181,230,29
74,300,181,230,29
75,300,181,230,29
76,300,181,230,29
77,300,181,230,29
78,300,181,230,29
79,300,181,230,29
80,300,181,230,29
81,300,181,230,29
82,300,181,230,29
83,300,181,230,29
84,300,181,230,29
85,300,181,230,29
86,300,182,230,32
87,300,188,232,51
88,300,189,233,53
89,300,195,235,72
61,301,195,235,72
62,301,188,232,51
63,301,182,230,32
64,301,181,230,29
65,301,181,230,29
66,301,181,230,29
67,301,181,230,29
68,301,181,230,29
69,301,181,230,29
70,301,181,230,29
71,301,181,230,29
72,301,181,230,29
73,301,181,230,29
74,301,181,230,29
75,301,181,230,29
76,301,181,230,29
77,301,181,230,29
78,301,181,230,29
79,301,181,230,29
80,301,181,230,29
81,301,181,230,29
82,301,181,230,29
83,301,181,230,29
84,301,181,230,29
85,301,181,230,29
86,301,181,230,29
87,301,181,230,29
88,301,181,230,29
89,301,182,230,32
90,301,188,232,51
91,301,189,233,53
92,301,195,235,72
58,302,195,235,72
59,302,189,233,53
60,302,188,232,51
61,302,182,230,32
62,302,181,230,29
63,302,181,230,29
64,302,181,230,29
65,302,181,230,29
66,302,181,230,29
67,302,181,230,29
68,302,181,230,29
69,302,181,230,29
70,302,181,230,29
71,302,181,230,29
72,302,181,230,29
73,302,181,230,29
74,302,181,230,29
75,302,181,230,29
76,302,181,230,29
77,302,181,230,29
78,302,181,230,29
79,302,181,230,29
80,302,181,230,29
81,302,181,230,29
82,302,181,230,29
83,302,181,230,29
84,302,181,230,29
85,302,181,230,29
86,302,181,230,29
87,302,181,230,29
88,302,181,230,29
89,302,181,230,29
90,302,181,230,29
91,302,181,230,29
92,302,182,230,32
93,302,188,232,51
94,302,195,235,72
57,303,195,235,72
58,303,182,230,32
59,303,181,230,29
60,303,181,230,29
61,303,181,230,29
62,303,181,230,29
63,303,181,230,29
64,303,181,230,29
65,303,181,230,29
66,303,181,230,29
67,303,181,230,29
68,303,181,230,29
69,303,181,230,29
70,303,181,230,29
71,303,181,230,29
72,303,181,230,29
73,303,181,230,29
74,303,181,230,29
75,303,181,230,29
76,303,181,230,29
77,303,181,230,29
78,303,181,230,29
79,303,181,230,29
80,303,181,230,29
81,303,181,230,29
82,303,181,230,29
83,303,181,230,29
84,303,181,230,29
85,303,181,230,29
86,303,181,230,29
87,303,181,230,29
88,303,181,230,29
89,303,181,230,29
90,303,181,230,29
91,303,181,230,29
92,303,181,230,29
93,303,181,230,29
94,303,182,230,32
95,303,195,235,72
57,304,189,233,53
58,304,181,230,29
59,304,181,230,29
60,304,181,230,29
61,304,181,230,29
62,304,181,230,29
63,304,181,230,29
64,304,181,230,29
65,304,181,230,29
66,304,181,230,29
67,304,181,230,29
68,304,181,230,29
69,304,181,230,29
70,304,181,230,29
71,304,181,230,29
72,304,181,230,29
73,304,181,230,29
74,304,181,230,29
75,304,181,230,29
76,304,181,230,29
77,304,181,230,29
78,304,181,230,29
79,304,181,230,29
80,304,181,230,29
81,304,181,230,29
82,304,181,230,29
83,304,181,230,29
84,304,181,230,29
85,304,181,230,29
86,304,181,230,29
87,304,181,230,29
88,304,181,230,29
89,304,181,230,29
90,304,181,230,29
91,304,181,230,29
92,304,181,230,29
93,304,181,230,29
94,304,181,230,29
95,304,189,233,53
57,305,195,235,72
58,305,182,230,32
59,305,181,230,29
60,305,181,230,29
61,305,181,230,29
62,305,181,230,29
63,305,181,230,29
64,305,181,230,29
65,305,181,230,29
66,305,181,230,29
67,305,181,230,29
68,305,181,230,29
69,305,181,230,29
70,305,181,230,29
71,305,181,230,29
72,305,181,230,29
73,305,181,230,29
74,305,181,230,29
75,305,181,230,29
76,305,181,230,29
77,305,181,230,29
78,305,181,230,29
79,305,181,230,29
80,305,181,230,29
81,305,181,230,29
82,305,181,230,29
83,305,181,230,29
84,305,181,230,29
85,305,181,230,29
86,305,181,230,29
87,305,181,230,29
88,305,181,230,29
89,305,181,230,29
90,305,181,230,29
91,305,181,230,29
92,305,181,230,29
93,305,181,230,29
94,305,182,230,32
95,305,195,235,72
58,306,195,235,72
59,306,188,232,51
60,306,182,230,32
61,306,181,230,29
62,306,181,230,29
63,306,181,230,29
64,306,181,230,29
65,306,181,230,29
66,306,181,230,29
67,306,181,230,29
68,306,181,230,29
69,306,181,230,29
70,306,181,230,29
71,306,181,230,29
72,306,181,230,29
73,306,181,230,29
74,306,181,230,29
75,306,181,230,29
76,306,181,230,29
77,306,181,230,29
78,306,181,230,29
79,306,181,230,29
80,306,181,230,29
81,306,181,230,29
82,306,181,230,29
83,306,181,230,29
84,306,181,230,29
85,306,181,230,29
86,306,181,230,29
87,306,181,230,29
88,306,181,230,29
89,306,181,230,29
90,306,181,230,29
91,306,181,230,29
92,306,182,230,32
93,306,188,232,51
94,306,195,235,72
60,307,195,235,72
61,307,189,233,53
62,307,188,232,51
63,307,182,230,32
64,307,181,230,29
65,307,181,230,29
66,307,181,230,29
67,307,181,230,29
68,307,181,230,29
69,307,181,230,29
70,307,181,230,29
71,307,181,230,29
72,307,181,230,29
73,307,181,230,29
74,307,181,230,29
75,307,181,230,29
76,307,181,230,29
77,307,181,230,29
78,307,181,230,29
79,307,181,230,29
80,307,181,230,29
81,307,181,230,29
82,307,181,230,29
83,307,181,230,29
84,307,181,230,29
85,307,181,230,29
86,307,181,230,29
87,307,181,230,29
88,307,181,230,29
89,307,182,230,32
90,307,188,232,51
91,307,189,233,53
92,307,195,235,72
63,308,195,235,72
64,308,189,233,53
65,308,188,232,51
66,308,182,230,32
67,308,181,230,29
68,308,181,230,29
69,308,181,230,29
70,308,181,230,29
71,308,181,230,29
72,308,181,230,29
73,308,181,230,29
74,308,181,230,29
75,308,181,230,29
76,308,181,230,29
77,308,181,230,29
78,308,181,230,29
79,308,181,230,29
80,308,181,230,29
81,308,181,230,29
82,308,181,230,29
83,308,181,230,29
84,308,181,230,29
85,308,181,230,29
86,308,182,230,32
87,308,188,232,51
88,308,189,233,53
89,308,195,235,72
66,309,195,235,72
67,309,188,232,51
68,309,182,230,32
69,309,181,230,29
70,309,181,230,29
71,309,181,230,29
72,309,181,230,29
73,309,181,230,29
74,309,181,230,29
75,309,181,230,29
76,309,181,230,29
77,309,181,230,29
78,309,181,230,29
79,309,181,230,29
80,309,181,230,29
81,309,181,230,29
82,309,181,230,29
83,309,181,230,29
84,309,182,230,32
85,309,188,232,51
86,309,195,235,72
68,310,195,235,72
69,310,188,232,51
70,310,182,230,32
71,310,181,230,29
72,310,181,230,29
73,310,181,230,29
74,310,181,230,29
75,310,181,230,29
76,310,181,230,29
77,310,181,230,29
78,310,181,230,29
79,310,181,230,29
80,310,181,230,29
81,310,181,230,29
82,310,182,230,32
83,310,188,232,51
84,310,195,235,72
70,311,194,234,69
71,311,182,230,32
72,311,181,230,29
73,311,181,230,29
74,311,181,230,29
75,311,181,230,29
76,311,181,230,29
77,311,181,230,29
78,311,181,230,29
79,311,181,230,29
80,311,181,230,29
81,311,182,230,32
82,311,194,234,69
71,312,188,232,51
72,312,181,230,29
73,312,181,230,29
74,312,181,230,29
75,312,181,230,29
76,312,181,230,29
77,312,181,230,29
78,312,181,230,29
79,312,181,230,29
80,312,181,230,29
81,312,188,232,51
71,313,189,233,53
72,313,181,230,29
73,313,181,230,29
74,313,181,230,29
75,313,181,230,29
76,313,181,230,29
77,313,181,230,29
78,313,181,230,29
79,313,181,230,29
80,313,181,230,29
81,313,189,233,53
71,314,195,235,72
72,314,182,230,32
73,314,181,230,29
74,314,181,230,29
75,314,181,230,29
76,314,181,230,29
77,314,181,230,29
78,314,181,230,29
79,314,181,230,29
80,314,181,230,29
81,314,189,233,53
72,315,188,232,51
73,315,181,230,29
74,315,181,230,29
75,315,181,230,29
76,315,181,230,29
77,315,181,230,29
78,315,181,230,29
79,315,181,230,29
80,315,182,230,32
81,315,195,235,72
72,316,189,233,53
73,316,181,230,29
74,316,181,230,29
75,316,181,230,29
76,316,181,230,29
77,316,181,230,29
78,316,181,230,29
79,316,181,230,29
80,316,188,232,51
72,317,189,233,53
73,317,181,230,29
74,317,181,230,29
75,317,181,230,29
76,317,181,230,29
77,317,181,230,29
78,317,181,230,29
79,317,181,230,29
80,317,189,233,53
72,318,195,235,72
73,318,182,230,32
74,318,181,230,29
75,318,181,230,29
76,318,181,230,29
77,318,181,230,29
78,318,181,230,29
79,318,182,230,32
80,318,195,235,72
73,319,188,232,51
74,319,181,230,29
75,319,181,230,29
76,319,181,230,29
77,319,181,230,29
78,319,181,230,29
79,319,188,232,51
73,320,189,233,53
74,320,181,230,29
75,320,181,230,29
76,320,181,230,29
77,320,181,230,29
78,320,181,230,29
79,320,189,233,53
73,321,189,233,53
74,321,181,230,29
75,321,181,230,29
76,321,181,230,29
77,321,181,230,29
78,321,181,230,29
79,321,189,233,53
73,322,195,235,72
74,322,182,230,32
75,322,181,230,29
76,322,181,230,29
77,322,181,230,29
78,322,182,230,32
79,322,195,235,72
74,323,188,232,51
75,323,181,230,29
76,323,181,230,29
77,323,181,230,29
78,323,188,232,51
74,324,189,233,53
75,324,181,230,29
76,324,181,230,29
77,324,181,230,29
78,324,189,233,53
74,325,195,235,72
75,325,182,230,32
76,325,181,230,29
77,325,182,230,32
78,325,195,235,72
75,326,195,235,72
76,326,189,233,53
77,326,195,235,72
