470,289,195,235,72
471,289,189,233,53
472,289,195,235,72
468,290,195,235,72
469,290,188,232,51
470,290,182,230,32
471,290,181,230,29
472,290,182,230,32
473,290,195,235,72
466,291,195,235,72
467,291,188,232,51
468,291,182,230,32
469,291,181,230,29
470,291,181,230,29
471,291,181,230,29
472,291,181,230,29
473,291,189,233,53
465,292,194,234,69
466,292,182,230,32
467,292,181,230,29
468,292,181,230,29
469,292,181,230,29
470,292,181,230,29
471,292,181,230,29
472,292,182,230,32
473,292,195,235,72
463,293,195,235,72
464,293,188,232,51
465,293,182,230,32
466,293,181,230,29
467,293,181,230,29
468,293,181,230,29
469,293,181,230,29
470,293,182,230,32
471,293,188,232,51
472,293,195,235,72
461,294,195,235,72
462,294,188,232,51
463,294,182,230,32
464,294,181,230,29
465,294,181,230,29
466,294,181,230,29
467,294,181,230,29
468,294,181,230,29
469,294,182,230,32
470,294,194,234,69
459,295,195,235,72
460,295,188,232,51
461,295,182,230,32
462,295,181,230,29
463,295,181,230,29
464,295,181,230,29
465,295,181,230,29
466,295,181,230,29
467,295,182,230,32
468,295,188,232,51
469,295,195,235,72
457,296,195,235,72
458,296,188,232,51
459,296,182,230,32
460,296,181,230,29
461,296,181,230,29
462,296,181,230,29
463,296,181,230,29
464,296,181,230,29
465,296,182,230,32
466,296,188,232,51
467,296,195,235,72
455,297,195,235,72
456,297,188,232,51
457,297,182,230,32
458,297,181,230,29
459,297,181,230,29
460,297,181,230,29
461,297,181,230,29
462,297,181,230,29
463,297,182,230,32
464,297,188,232,51
465,297,195,235,72
454,298,194,234,69
455,298,182,230,32
456,298,181,230,29
457,298,181,230,29
458,298,181,230,29
459,298,181,230,29
460,298,181,230,29
461,298,182,230,32
462,298,188,232,51
463,298,195,235,72
452,299,195,235,72
453,299,188,232,51
454,299,182,230,32
455,299,181,230,29
456,299,181,230,29
457,299,181,230,29
458,299,181,230,29
459,299,182,230,32
460,299,188,232,51
461,299,195,235,72
450,300,195,235,72
451,300,188,232,51
452,300,182,230,32
453,300,181,230,29
454,300,181,230,29
455,300,181,230,29
456,300,181,230,29
457,300,181,230,29
458,300,182,230,32
459,300,194,234,69
448,301,195,235,72
449,301,188,232,51
450,301,182,230,32
451,301,181,230,29
452,301,181,230,29
453,301,181,230,29
454,301,181,230,29
455,301,181,230,29
456,301,182,230,32
457,301,188,232,51
458,301,195,235,72
447,302,194,234,69
448,302,182,230,32
449,302,181,230,29
450,302,181,230,29
451,302,181,230,29
452,302,181,230,29
453,302,181,230,29
454,302,182,230,32
455,302,188,232,51
456,302,195,235,72
445,303,195,235,72
446,303,188,232,51
447,303,182,230,32
448,303,181,230,29
449,303,181,230,29
450,303,181,230,29
451,303,181,230,29
452,303,182,230,32
453,303,188,232,51
454,303,195,235,72
443,304,195,235,72
444,304,188,232,51
445,304,182,230,32
446,304,181,230,29
447,304,181,230,29
448,304,181,230,29
449,304,181,230,29
450,304,182,230,32
451,304,188,232,51
452,304,195,235,72
441,305,195,235,72
442,305,188,232,51
443,305,182,230,32
444,305,181,230,29
445,305,181,230,29
446,305,181,230,29
447,305,181,230,29
448,305,181,230,29
449,305,182,230,32
450,305,194,234,69
440,306,194,234,69
441,306,182,230,32
442,306,181,230,29
443,306,181,230,29
444,306,181,230,29
445,306,181,230,29
446,306,181,230,29
447,306,182,230,32
448,306,188,232,51
449,306,195,235,72
438,307,195,235,72
439,307,188,232,51
440,307,182,230,32
441,307,181,230,29
442,307,181,230,29
443,307,181,230,29
444,307,181,230,29
445,307,182,230,32
446,307,188,232,51
447,307,195,235,72
436,308,195,235,72
437,308,188,232,51
438,308,182,230,32
439,308,181,230,29
440,308,181,230,29
441,308,181,230,29
442,308,181,230,29
443,308,182,230,32
444,308,188,232,51
445,308,195,235,72
435,309,194,234,69
436,309,182,230,32
437,309,181,230,29
438,309,181,230,29
439,309,181,230,29
440,309,181,230,29
441,309,181,230,29
442,309,182,230,32
443,309,194,234,69
433,310,195,235,72
434,310,188,232,51
435,310,182,230,32
436,310,181,230,29
437,310,181,230,29
438,310,181,230,29
439,310,181,230,29
440,310,182,230,32
441,310,188,232,51
442,310,195,235,72
431,311,195,235,72
432,311,188,232,51
433,311,182,230,32
434,311,181,230,29
435,311,181,230,29
436,311,181,230,29
437,311,181,230,29
438,311,182,230,32
439,311,188,232,51
440,311,195,235,72
430,312,194,234,69
431,312,182,230,32
432,312,181,230,29
433,312,181,230,29
434,312,181,230,29
435,312,181,230,29
436,312,181,230,29
437,312,182,230,32
438,312,194,234,69
428,313,195,235,72
429,313,188,232,51
430,313,182,230,32
431,313,181,230,29
432,313,181,230,29
433,313,181,230,29
434,313,181,230,29
435,313,182,230,32
436,313,188,232,51
437,313,195,235,72
426,314,195,235,72
427,314,188,232,51
428,314,182,230,32
429,314,181,230,29
430,314,181,230,29
431,314,181,230,29
432,314,181,230,29
433,314,182,230,32
434,314,188,232,51
435,314,195,235,72
425,315,194,234,69
426,315,182,230,32
427,315,181,230,29
428,315,181,230,29
429,315,181,230,29
430,315,181,230,29
431,315,181,230,29
432,315,182,230,32
433,315,194,234,69
423,316,195,235,72
424,316,188,232,51
425,316,182,230,32
426,316,181,230,29
427,316,181,230,29
428,316,181,230,29
429,316,181,230,29
430,316,182,230,32
431,316,188,232,51
432,316,195,235,72
421,317,195,235,72
422,317,188,232,51
423,317,182,230,32
424,317,181,230,29
425,317,181,230,29
426,317,181,230,29
427,317,181,230,29
428,317,182,230,32
429,317,188,232,51
430,317,195,235,72
420,318,194,234,69
421,318,182,230,32
422,318,181,230,29
423,318,181,230,29
424,318,181,230,29
425,318,181,230,29
426,318,181,230,29
427,318,182,230,32
428,318,194,234,69
418,319,195,235,72
419,319,188,232,51
420,319,182,230,32
421,319,181,230,29
422,319,181,230,29
423,319,181,230,29
424,319,181,230,29
425,319,182,230,32
426,319,188,232,51
427,319,195,235,72
417,320,194,234,69
418,320,182,230,32
419,320,181,230,29
420,320,181,230,29
421,320,181,230,29
422,320,181,230,29
423,320,181,230,29
424,320,182,230,32
425,320,194,234,69
415,321,195,235,72
416,321,188,232,51
417,321,182,230,32
418,321,181,230,29
419,321,181,230,29
420,321,181,230,29
421,321,181,230,29
422,321,182,230,32
423,321,188,232,51
424,321,195,235,72
414,322,194,234,69
415,322,182,230,32
416,322,181,230,29
417,322,181,230,29
418,322,181,230,29
419,322,181,230,29
420,322,182,230,32
421,322,188,232,51
422,322,195,235,72
412,323,195,235,72
413,323,188,232,51
414,323,182,230,32
415,323,181,230,29
416,323,181,230,29
417,323,181,230,29
418,323,181,230,29
419,323,182,230,32
420,323,194,234,69
411,324,194,234,69
412,324,182,230,32
413,324,181,230,29
414,324,181,230,29
415,324,181,230,29
416,324,181,230,29
417,324,182,230,32
418,324,188,232,51
419,324,195,235,72
409,325,195,235,72
410,325,188,232,51
411,325,182,230,32
412,325,181,230,29
413,325,181,230,29
414,325,181,230,29
415,325,181,230,29
416,325,182,230,32
417,325,194,234,69
408,326,194,234,69
409,326,182,230,32
410,326,181,230,29
411,326,181,230,29
412,326,181,230,29
413,326,181,230,29
414,326,182,230,32
415,326,188,232,51
416,326,195,235,72
406,327,195,235,72
407,327,188,232,51
408,327,182,230,32
409,327,181,230,29
410,327,181,230,29
411,327,181,230,29
412,327,181,230,29
413,327,182,230,32
414,327,194,234,69
405,328,194,234,69
406,328,182,230,32
407,328,181,230,29
408,328,181,230,29
409,328,181,230,29
410,328,181,230,29
411,328,182,230,32
412,328,188,232,51
413,328,195,235,72
403,329,195,235,72
404,329,188,232,51
405,329,182,230,32
406,329,181,230,29
407,329,181,230,29
408,329,181,230,29
409,329,182,230,32
410,329,188,232,51
411,329,195,235,72
402,330,194,234,69
403,330,182,230,32
404,330,181,230,29
405,330,181,230,29
406,330,181,230,29
407,330,181,230,29
408,330,182,230,32
409,330,194,234,69
400,331,195,235,72
401,331,188,232,51
402,331,182,230,32
403,331,181,230,29
404,331,181,230,29
405,331,181,230,29
406,331,181,230,29
407,331,182,230,32
408,331,194,234,69
399,332,194,234,69
400,332,182,230,32
401,332,181,230,29
402,332,181,230,29
403,332,181,230,29
404,332,181,230,29
405,332,182,230,32
406,332,188,232,51
407,332,195,235,72
397,333,195,235,72
398,333,188,232,51
399,333,182,230,32
400,333,181,230,29
401,333,181,230,29
402,333,181,230,29
403,333,181,230,29
404,333,182,230,32
405,333,194,234,69
396,334,194,234,69
397,334,182,230,32
398,334,181,230,29
399,334,181,230,29
400,334,181,230,29
401,334,181,230,29
402,334,182,230,32
403,334,188,232,51
404,334,195,235,72
394,335,195,235,72
395,335,188,232,51
396,335,182,230,32
397,335,181,230,29
398,335,181,230,29
399,335,181,230,29
400,335,181,230,29
401,335,182,230,32
402,335,194,234,69
393,336,194,234,69
394,336,182,230,32
395,336,181,230,29
396,336,181,230,29
397,336,181,230,29
398,336,181,230,29
399,336,182,230,32
400,336,188,232,51
401,336,195,235,72
392,337,194,234,69
393,337,182,230,32
394,337,181,230,29
395,337,181,230,29
396,337,181,230,29
397,337,181,230,29
398,337,182,230,32
399,337,194,234,69
390,338,195,235,72
391,338,188,232,51
392,338,182,230,32
393,338,181,230,29
394,338,181,230,29
395,338,181,230,29
396,338,182,230,32
397,338,188,232,51
398,338,195,235,72
389,339,194,234,69
390,339,182,230,32
391,339,181,230,29
392,339,181,230,29
393,339,181,230,29
394,339,181,230,29
395,339,182,230,32
396,339,194,234,69
387,340,195,235,72
388,340,188,232,51
389,340,182,230,32
390,340,181,230,29
391,340,181,230,29
392,340,181,230,29
393,340,181,230,29
394,340,182,230,32
395,340,194,234,69
386,341,194,234,69
387,341,182,230,32
388,341,181,230,29
389,341,181,230,29
390,341,181,230,29
391,341,181,230,29
392,341,182,230,32
393,341,188,232,51
394,341,195,235,72
385,342,194,234,69
386,342,182,230,32
387,342,181,230,29
388,342,181,230,29
389,342,181,230,29
390,342,181,230,29
391,342,182,230,32
392,342,194,234,69
383,343,195,235,72
384,343,188,232,51
385,343,182,230,32
386,343,181,230,29
387,343,181,230,29
388,343,181,230,29
389,343,182,230,32
390,343,188,232,51
391,343,195,235,72
382,344,194,234,69
383,344,182,230,32
384,344,181,230,29
385,344,181,230,29
386,344,181,230,29
387,344,181,230,29
388,344,182,230,32
389,344,194,234,69
381,345,194,234,69
382,345,182,230,32
383,345,181,230,29
384,345,181,230,29
385,345,181,230,29
386,345,181,230,29
387,345,182,230,32
388,345,194,234,69
379,346,195,235,72
380,346,188,232,51
381,346,182,230,32
382,346,181,230,29
383,346,181,230,29
384,346,181,230,29
385,346,182,230,32
386,346,188,232,51
387,346,195,235,72
378,347,194,234,69
379,347,182,230,32
380,347,181,230,29
381,347,181,230,29
382,347,181,230,29
383,347,181,230,29
384,347,182,230,32
385,347,194,234,69
377,348,194,234,69
378,348,182,230,32
379,348,181,230,29
380,348,181,230,29
381,348,181,230,29
382,348,181,230,29
383,348,182,230,32
384,348,194,234,69
376,349,194,234,69
377,349,182,230,32
378,349,181,230,29
379,349,181,230,29
380,349,181,230,29
381,349,182,230,32
382,349,188,232,51
383,349,195,235,72
374,350,195,235,72
375,350,188,232,51
376,350,182,230,32
377,350,181,230,29
378,350,181,230,29
379,350,181,230,29
380,350,182,230,32
381,350,194,234,69
373,351,194,234,69
374,351,182,230,32
375,351,181,230,29
376,351,181,230,29
377,351,181,230,29
378,351,181,230,29
379,351,182,230,32
380,351,194,234,69
372,352,194,234,69
373,352,182,230,32
374,352,181,230,29
375,352,181,230,29
376,352,181,230,29
377,352,182,230,32
378,352,188,232,51
379,352,195,235,72
371,353,194,234,69
372,353,182,230,32
373,353,181,230,29
374,353,181,230,29
375,353,181,230,29
376,353,182,230,32
377,353,194,234,69
369,354,195,235,72
370,354,188,232,51
371,354,182,230,32
372,354,181,230,29
373,354,181,230,29
374,354,181,230,29
375,354,182,230,32
376,354,194,234,69
368,355,194,234,69
369,355,182,230,32
370,355,181,230,29
371,355,181,230,29
372,355,181,230,29
373,355,181,230,29
374,355,182,230,32
375,355,194,234,69
367,356,194,234,69
368,356,182,230,32
369,356,181,230,29
370,356,181,230,29
371,356,181,230,29
372,356,181,230,29
373,356,182,230,32
374,356,194,234,69
366,357,194,234,69
367,357,182,230,32
368,357,181,230,29
369,357,181,230,29
370,357,181,230,29
371,357,182,230,32
372,357,188,232,51
373,357,195,235,72
365,358,194,234,69
366,358,182,230,32
367,358,181,230,29
368,358,181,230,29
369,358,181,230,29
370,358,182,230,32
371,358,194,234,69
364,359,194,234,69
365,359,182,230,32
366,359,181,230,29
367,359,181,230,29
368,359,181,230,29
369,359,182,230,32
370,359,194,234,69
362,360,195,235,72
363,360,188,232,51
364,360,182,230,32
365,360,181,230,29
366,360,181,230,29
367,360,181,230,29
368,360,182,230,32
369,360,194,234,69
361,361,194,234,69
362,361,182,230,32
363,361,181,230,29
364,361,181,230,29
365,361,181,230,29
366,361,181,230,29
367,361,182,230,32
368,361,194,234,69
360,362,194,234,69
361,362,182,230,32
362,362,181,230,29
363,362,181,230,29
364,362,181,230,29
365,362,181,230,29
366,362,182,230,32
367,362,194,234,69
359,363,194,234,69
360,363,182,230,32
361,363,181,230,29
362,363,181,230,29
363,363,181,230,29
364,363,182,230,32
365,363,188,232,51
366,363,195,235,72
358,364,194,234,69
359,364,182,230,32
360,364,181,230,29
361,364,181,230,29
362,364,181,230,29
363,364,182,230,32
364,364,194,234,69
357,365,194,234,69
358,365,182,230,32
359,365,181,230,29
360,365,181,230,29
361,365,181,230,29
362,365,182,230,32
363,365,194,234,69
356,366,194,234,69
357,366,182,230,32
358,366,181,230,29
359,366,181,230,29
360,366,181,230,29
361,366,182,230,32
362,366,194,234,69
355,367,194,234,69
356,367,182,230,32
357,367,181,230,29
358,367,181,230,29
359,367,181,230,29
360,367,182,230,32
361,367,194,234,69
353,368,195,235,72
354,368,188,232,51
355,368,182,230,32
356,368,181,230,29
357,368,181,230,29
358,368,181,230,29
359,368,182,230,32
360,368,194,234,69
352,369,194,234,69
353,369,182,230,32
354,369,181,230,29
355,369,181,230,29
356,369,181,230,29
357,369,181,230,29
358,369,182,230,32
359,369,194,234,69
351,370,194,234,69
352,370,182,230,32
353,370,181,230,29
354,370,181,230,29
355,370,181,230,29
356,370,181,230,29
357,370,182,230,32
358,370,194,234,69
350,371,194,234,69
351,371,182,230,32
352,371,181,230,29
353,371,181,230,29
354,371,181,230,29
355,371,181,230,29
356,371,182,230,32
357,371,194,234,69
349,372,194,234,69
350,372,182,230,32
351,372,181,230,29
352,372,181,230,29
353,372,181,230,29
354,372,182,230,32
355,372,188,232,51
356,372,195,235,72
348,373,194,234,69
349,373,182,230,32
350,373,181,230,29
351,373,181,230,29
352,373,181,230,29
353,373,182,230,32
354,373,194,234,69
347,374,194,234,69
348,374,182,230,32
349,374,181,230,29
350,374,181,230,29
351,374,181,230,29
352,374,182,230,32
353,374,194,234,69
346,375,194,234,69
347,375,182,230,32
348,375,181,230,29
349,375,181,230,29
350,375,181,230,29
351,375,182,230,32
352,375,194,234,69
345,376,194,234,69
346,376,182,230,32
347,376,181,230,29
348,376,181,230,29
349,376,181,230,29
350,376,182,230,32
351,376,194,234,69
344,377,194,234,69
345,377,182,230,32
346,377,181,230,29
347,377,181,230,29
348,377,181,230,29
349,377,182,230,32
350,377,194,234,69
343,378,194,234,69
344,378,182,230,32
345,378,181,230,29
346,378,181,230,29
347,378,181,230,29
348,378,182,230,32
349,378,194,234,69
342,379,194,234,69
343,379,182,230,32
344,379,181,230,29
345,379,181,230,29
346,379,181,230,29
347,379,182,230,32
348,379,194,234,69
341,380,194,234,69
342,380,182,230,32
343,380,181,230,29
344,380,181,230,29
345,380,181,230,29
346,380,182,230,32
347,380,194,234,69
340,381,194,234,69
341,381,182,230,32
342,381,181,230,29
343,381,181,230,29
344,381,181,230,29
345,381,182,230,32
346,381,194,234,69
339,382,194,234,69
340,382,182,230,32
341,382,181,230,29
342,382,181,230,29
343,382,181,230,29
344,382,182,230,32
345,382,194,234,69
338,383,194,234,69
339,383,182,230,32
340,383,181,230,29
341,383,181,230,29
342,383,181,230,29
343,383,182,230,32
344,383,194,234,69
337,384,195,235,72
338,384,182,230,32
339,384,181,230,29
340,384,181,230,29
341,384,181,230,29
342,384,182,230,32
343,384,194,234,69
337,385,188,232,51
338,385,181,230,29
339,385,181,230,29
340,385,181,230,29
341,385,182,230,32
342,385,194,234,69
336,386,194,234,69
337,386,182,230,32
338,386,181,230,29
339,386,181,230,29
340,386,181,230,29
341,386,188,232,51
335,387,194,234,69
336,387,182,230,32
337,387,181,230,29
338,387,181,230,29
339,387,181,230,29
340,387,182,230,32
341,387,195,235,72
334,388,194,234,69
335,388,182,230,32
336,388,181,230,29
337,388,181,230,29
338,388,181,230,29
339,388,182,230,32
340,388,194,234,69
333,389,194,234,69
334,389,182,230,32
335,389,181,230,29
336,389,181,230,29
337,389,181,230,29
338,389,182,230,32
339,389,194,234,69
332,390,194,234,69
333,390,182,230,32
334,390,181,230,29
335,390,181,230,29
336,390,181,230,29
337,390,182,230,32
338,390,194,234,69
331,391,194,234,69
332,391,182,230,32
333,391,181,230,29
334,391,181,230,29
335,391,181,230,29
336,391,182,230,32
337,391,194,234,69
330,392,194,234,69
331,392,182,230,32
332,392,181,230,29
333,392,181,230,29
334,392,181,230,29
335,392,182,230,32
336,392,194,234,69
329,393,195,235,72
330,393,182,230,32
331,393,181,230,29
332,393,181,230,29
333,393,181,230,29
334,393,182,230,32
335,393,194,234,69
329,394,188,232,51
330,394,181,230,29
331,394,181,230,29
332,394,181,230,29
333,394,182,230,32
334,394,194,234,69
328,395,194,234,69
329,395,182,230,32
330,395,181,230,29
331,395,181,230,29
332,395,182,230,32
333,395,194,234,69
327,396,194,234,69
328,396,182,230,32
329,396,181,230,29
330,396,181,230,29
331,396,181,230,29
332,396,188,232,51
326,397,194,234,69
327,397,182,230,32
328,397,181,230,29
329,397,181,230,29
330,397,181,230,29
331,397,182,230,32
332,397,195,235,72
325,398,194,234,69
326,398,182,230,32
327,398,181,230,29
328,398,181,230,29
329,398,181,230,29
330,398,182,230,32
331,398,194,234,69
324,399,195,235,72
325,399,182,230,32
326,399,181,230,29
327,399,181,230,29
328,399,181,230,29
329,399,182,230,32
330,399,194,234,69
324,400,188,232,51
325,400,181,230,29
326,400,181,230,29
327,400,181,230,29
328,400,182,230,32
329,400,194,234,69
323,401,194,234,69
324,401,182,230,32
325,401,181,230,29
326,401,181,230,29
327,401,182,230,32
328,401,194,234,69
322,402,194,234,69
323,402,182,230,32
324,402,181,230,29
325,402,181,230,29
326,402,181,230,29
327,402,188,232,51
321,403,194,234,69
322,403,182,230,32
323,403,181,230,29
324,403,181,230,29
325,403,181,230,29
326,403,182,230,32
327,403,195,235,72
320,404,195,235,72
321,404,182,230,32
322,404,181,230,29
323,404,181,230,29
324,404,181,230,29
325,404,182,230,32
326,404,194,234,69
320,405,188,232,51
321,405,181,230,29
322,405,181,230,29
323,405,181,230,29
324,405,182,230,32
325,405,194,234,69
319,406,194,234,69
320,406,182,230,32
321,406,181,230,29
322,406,181,230,29
323,406,182,230,32
324,406,194,234,69
318,407,194,234,69
319,407,182,230,32
320,407,181,230,29
321,407,181,230,29
322,407,181,230,29
323,407,188,232,51
317,408,195,235,72
318,408,182,230,32
319,408,181,230,29
320,408,181,230,29
321,408,181,230,29
322,408,182,230,32
323,408,195,235,72
317,409,188,232,51
318,409,181,230,29
319,409,181,230,29
320,409,181,230,29
321,409,182,230,32
322,409,194,234,69
316,410,194,234,69
317,410,182,230,32
318,410,181,230,29
319,410,181,230,29
320,410,182,230,32
321,410,194,234,69
315,411,194,234,69
316,411,182,230,32
317,411,181,230,29
318,411,181,230,29
319,411,181,230,29
320,411,188,232,51
314,412,195,235,72
315,412,182,230,32
316,412,181,230,29
317,412,181,230,29
318,412,181,230,29
319,412,182,230,32
320,412,195,235,72
314,413,188,232,51
315,413,181,230,29
316,413,181,230,29
317,413,181,230,29
318,413,182,230,32
319,413,194,234,69
313,414,194,234,69
314,414,182,230,32
315,414,181,230,29
316,414,181,230,29
317,414,182,230,32
318,414,194,234,69
312,415,194,234,69
313,415,182,230,32
314,415,181,230,29
315,415,181,230,29
316,415,181,230,29
317,415,188,232,51
311,416,195,235,72
312,416,182,230,32
313,416,181,230,29
314,416,181,230,29
315,416,181,230,29
316,416,182,230,32
317,416,195,235,72
311,417,188,232,51
312,417,181,230,29
313,417,181,230,29
314,417,181,230,29
315,417,182,230,32
316,417,194,234,69
310,418,194,234,69
311,418,182,230,32
312,418,181,230,29
313,418,181,230,29
314,418,182,230,32
315,418,194,234,69
309,419,194,234,69
310,419,182,230,32
311,419,181,230,29
312,419,181,230,29
313,419,181,230,29
314,419,188,232,51
308,420,195,235,72
309,420,182,230,32
310,420,181,230,29
311,420,181,230,29
312,420,181,230,29
313,420,182,230,32
314,420,195,235,72
308,421,188,232,51
309,421,181,230,29
310,421,181,230,29
311,421,181,230,29
312,421,182,230,32
313,421,194,234,69
307,422,194,234,69
308,422,182,230,32
309,422,181,230,29
310,422,181,230,29
311,422,182,230,32
312,422,194,234,69
306,423,194,234,69
307,423,182,230,32
308,423,181,230,29
309,423,181,230,29
310,423,181,230,29
311,423,188,232,51
305,424,195,235,72
306,424,182,230,32
307,424,181,230,29
308,424,181,230,29
309,424,181,230,29
310,424,182,230,32
311,424,195,235,72
305,425,188,232,51
306,425,181,230,29
307,425,181,230,29
308,425,181,230,29
309,425,182,230,32
310,425,194,234,69
304,426,194,234,69
305,426,182,230,32
306,426,181,230,29
307,426,181,230,29
308,426,182,230,32
309,426,194,234,69
303,427,195,235,72
304,427,182,230,32
305,427,181,230,29
306,427,181,230,29
307,427,181,230,29
308,427,188,232,51
303,428,188,232,51
304,428,181,230,29
305,428,181,230,29
306,428,181,230,29
307,428,182,230,32
308,428,195,235,72
302,429,194,234,69
303,429,182,230,32
304,429,181,230,29
305,429,181,230,29
306,429,182,230,32
307,429,194,234,69
301,430,194,234,69
302,430,182,230,32
303,430,181,230,29
304,430,181,230,29
305,430,181,230,29
306,430,188,232,51
300,431,195,235,72
301,431,182,230,32
302,431,181,230,29
303,431,181,230,29
304,431,181,230,29
305,431,182,230,32
306,431,195,235,72
300,432,188,232,51
301,432,181,230,29
302,432,181,230,29
303,432,181,230,29
304,432,182,230,32
305,432,194,234,69
299,433,194,234,69
300,433,182,230,32
301,433,181,230,29
302,433,181,230,29
303,433,182,230,32
304,433,194,234,69
298,434,194,234,69
299,434,182,230,32
300,434,181,230,29
301,434,181,230,29
302,434,181,230,29
303,434,188,232,51
297,435,195,235,72
298,435,182,230,32
299,435,181,230,29
300,435,181,230,29
301,435,181,230,29
302,435,182,230,32
303,435,195,235,72
297,436,188,232,51
298,436,181,230,29
299,436,181,230,29
300,436,181,230,29
301,436,182,230,32
302,436,194,234,69
296,437,194,234,69
297,437,182,230,32
298,437,181,230,29
299,437,181,230,29
300,437,182,230,32
301,437,194,234,69
295,438,195,235,72
296,438,182,230,32
297,438,181,230,29
298,438,181,230,29
299,438,181,230,29
300,438,188,232,51
295,439,188,232,51
296,439,181,230,29
297,439,181,230,29
298,439,181,230,29
299,439,182,230,32
300,439,195,235,72
294,440,194,234,69
295,440,182,230,32
296,440,181,230,29
297,440,181,230,29
298,440,182,230,32
299,440,194,234,69
293,441,194,234,69
294,441,182,230,32
295,441,181,230,29
296,441,181,230,29
297,441,181,230,29
298,441,188,232,51
292,442,195,235,72
293,442,182,230,32
294,442,181,230,29
295,442,181,230,29
296,442,181,230,29
297,442,182,230,32
298,442,195,235,72
292,443,188,232,51
293,443,181,230,29
294,443,181,230,29
295,443,181,230,29
296,443,182,230,32
297,443,194,234,69
291,444,194,234,69
292,444,182,230,32
293,444,181,230,29
294,444,181,230,29
295,444,182,230,32
296,444,194,234,69
290,445,194,234,69
291,445,182,230,32
292,445,181,230,29
293,445,181,230,29
294,445,181,230,29
295,445,188,232,51
289,446,195,235,72
290,446,182,230,32
291,446,181,230,29
292,446,181,230,29
293,446,181,230,29
294,446,182,230,32
295,446,195,235,72
289,447,188,232,51
290,447,181,230,29
291,447,181,230,29
292,447,181,230,29
293,447,182,230,32
294,447,194,234,69
288,448,194,234,69
289,448,182,230,32
290,448,181,230,29
291,448,181,230,29
292,448,182,230,32
293,448,194,234,69
287,449,194,234,69
288,449,182,230,32
289,449,181,230,29
290,449,181,230,29
291,449,181,230,29
292,449,188,232,51
286,450,195,235,72
287,450,182,230,32
288,450,181,230,29
289,450,181,230,29
290,450,181,230,29
291,450,182,230,32
292,450,195,235,72
286,451,188,232,51
287,451,181,230,29
288,451,181,230,29
289,451,181,230,29
290,451,182,230,32
291,451,194,234,69
285,452,194,234,69
286,452,182,230,32
287,452,181,230,29
288,452,181,230,29
289,452,182,230,32
290,452,194,234,69
284,453,194,234,69
285,453,182,230,32
286,453,181,230,29
287,453,181,230,29
288,453,181,230,29
289,453,188,232,51
283,454,195,235,72
284,454,182,230,32
285,454,181,230,29
286,454,181,230,29
287,454,181,230,29
288,454,182,230,32
289,454,195,235,72
283,455,188,232,51
284,455,181,230,29
285,455,181,230,29
286,455,181,230,29
287,455,182,230,32
288,455,194,234,69
282,456,194,234,69
283,456,182,230,32
284,456,181,230,29
285,456,181,230,29
286,456,182,230,32
287,456,194,234,69
281,457,194,234,69
282,457,182,230,32
283,457,181,230,29
284,457,181,230,29
285,457,181,230,29
286,457,188,232,51
280,458,194,234,69
281,458,182,230,32
282,458,181,230,29
283,458,181,230,29
284,458,181,230,29
285,458,182,230,32
286,458,195,235,72
279,459,195,235,72
280,459,182,230,32
281,459,181,230,29
282,459,181,230,29
283,459,181,230,29
284,459,182,230,32
285,459,194,234,69
279,460,188,232,51
280,460,181,230,29
281,460,181,230,29
282,460,181,230,29
283,460,182,230,32
284,460,194,234,69
278,461,194,234,69
279,461,182,230,32
280,461,181,230,29
281,461,181,230,29
282,461,182,230,32
283,461,194,234,69
277,462,194,234,69
278,462,182,230,32
279,462,181,230,29
280,462,181,230,29
281,462,181,230,29
282,462,188,232,51
276,463,194,234,69
277,463,182,230,32
278,463,181,230,29
279,463,181,230,29
280,463,181,230,29
281,463,182,230,32
282,463,195,235,72
275,464,195,235,72
276,464,182,230,32
277,464,181,230,29
278,464,181,230,29
279,464,181,230,29
280,464,182,230,32
281,464,194,234,69
275,465,188,232,51
276,465,181,230,29
277,465,181,230,29
278,465,181,230,29
279,465,182,230,32
280,465,194,234,69
274,466,194,234,69
275,466,182,230,32
276,466,181,230,29
277,466,181,230,29
278,466,182,230,32
279,466,194,234,69
273,467,194,234,69
274,467,182,230,32
275,467,181,230,29
276,467,181,230,29
277,467,181,230,29
278,467,188,232,51
272,468,194,234,69
273,468,182,230,32
274,468,181,230,29
275,468,181,230,29
276,468,181,230,29
277,468,182,230,32
278,468,195,235,72
271,469,194,234,69
272,469,182,230,32
273,469,181,230,29
274,469,181,230,29
275,469,181,230,29
276,469,182,230,32
277,469,194,234,69
270,470,194,234,69
271,470,182,230,32
272,470,181,230,29
273,470,181,230,29
274,470,181,230,29
275,470,182,230,32
276,470,194,234,69
269,471,195,235,72
270,471,182,230,32
271,471,181,230,29
272,471,181,230,29
273,471,181,230,29
274,471,182,230,32
275,471,194,234,69
269,472,188,232,51
270,472,181,230,29
271,472,181,230,29
272,472,181,230,29
273,472,182,230,32
274,472,194,234,69
268,473,194,234,69
269,473,182,230,32
270,473,181,230,29
271,473,181,230,29
272,473,182,230,32
273,473,194,234,69
267,474,194,234,69
268,474,182,230,32
269,474,181,230,29
270,474,181,230,29
271,474,181,230,29
272,474,188,232,51
266,475,194,234,69
267,475,182,230,32
268,475,181,230,29
269,475,181,230,29
270,475,181,230,29
271,475,182,230,32
272,475,195,235,72
265,476,194,234,69
266,476,182,230,32
267,476,181,230,29
268,476,181,230,29
269,476,181,230,29
270,476,182,230,32
271,476,194,234,69
264,477,194,234,69
265,477,182,230,32
266,477,181,230,29
267,477,181,230,29
268,477,181,230,29
269,477,182,230,32
270,477,194,234,69
263,478,194,234,69
264,478,182,230,32
265,478,181,230,29
266,478,181,230,29
267,478,181,230,29
268,478,182,230,32
269,478,194,234,69
262,479,194,234,69
263,479,182,230,32
264,479,181,230,29
265,479,181,230,29
266,479,181,230,29
267,479,182,230,32
268,479,194,234,69
261,480,194,234,69
262,480,182,230,32
263,480,181,230,29
264,480,181,230,29
265,480,181,230,29
266,480,182,230,32
267,480,194,234,69
260,481,194,234,69
261,481,182,230,32
262,481,181,230,29
263,481,181,230,29
264,481,181,230,29
265,481,182,230,32
266,481,194,234,69
259,482,194,234,69
260,482,182,230,32
261,482,181,230,29
262,482,181,230,29
263,482,181,230,29
264,482,182,230,32
265,482,194,234,69
258,483,194,234,69
259,483,182,230,32
260,483,181,230,29
261,483,181,230,29
262,483,181,230,29
263,483,182,230,32
264,483,194,234,69
257,484,194,234,69
258,484,182,230,32
259,484,181,230,29
260,484,181,230,29
261,484,181,230,29
262,484,182,230,32
263,484,194,234,69
256,485,194,234,69
257,485,182,230,32
258,485,181,230,29
259,485,181,230,29
260,485,181,230,29
261,485,182,230,32
262,485,194,234,69
255,486,194,234,69
256,486,182,230,32
257,486,181,230,29
258,486,181,230,29
259,486,181,230,29
260,486,182,230,32
261,486,194,234,69
254,487,194,234,69
255,487,182,230,32
256,487,181,230,29
257,487,181,230,29
258,487,181,230,29
259,487,182,230,32
260,487,194,234,69
253,488,194,234,69
254,488,182,230,32
255,488,181,230,29
256,488,181,230,29
257,488,181,230,29
258,488,182,230,32
259,488,194,234,69
252,489,194,234,69
253,489,182,230,32
254,489,181,230,29
255,489,181,230,29
256,489,181,230,29
257,489,182,230,32
258,489,194,234,69
251,490,194,234,69
252,490,182,230,32
253,490,181,230,29
254,490,181,230,29
255,490,181,230,29
256,490,182,230,32
257,490,194,234,69
250,491,194,234,69
251,491,182,230,32
252,491,181,230,29
253,491,181,230,29
254,491,181,230,29
255,491,182,230,32
256,491,194,234,69
249,492,194,234,69
250,492,182,230,32
251,492,181,230,29
252,492,181,230,29
253,492,181,230,29
254,492,182,230,32
255,492,194,234,69
248,493,194,234,69
249,493,182,230,32
250,493,181,230,29
251,493,181,230,29
252,493,181,230,29
253,493,182,230,32
254,493,194,234,69
247,494,194,234,69
248,494,182,230,32
249,494,181,230,29
250,494,181,230,29
251,494,181,230,29
252,494,182,230,32
253,494,194,234,69
246,495,194,234,69
247,495,182,230,32
248,495,181,230,29
249,495,181,230,29
250,495,181,230,29
251,495,182,230,32
252,495,194,234,69
245,496,194,234,69
246,496,182,230,32
247,496,181,230,29
248,496,181,230,29
249,496,181,230,29
250,496,182,230,32
251,496,194,234,69
244,497,194,234,69
245,497,182,230,32
246,497,181,230,29
247,497,181,230,29
248,497,181,230,29
249,497,182,230,32
250,497,194,234,69
243,498,194,234,69
244,498,182,230,32
245,498,181,230,29
246,498,181,230,29
247,498,181,230,29
248,498,182,230,32
249,498,194,234,69
242,499,194,234,69
243,499,182,230,32
244,499,181,230,29
245,499,181,230,29
246,499,181,230,29
247,499,182,230,32
248,499,194,234,69
240,500,195,235,72
241,500,188,232,51
242,500,182,230,32
243,500,181,230,29
244,500,181,230,29
245,500,181,230,29
246,500,182,230,32
247,500,194,234,69
239,501,194,234,69
240,501,182,230,32
241,501,181,230,29
242,501,181,230,29
243,501,181,230,29
244,501,181,230,29
245,501,182,230,32
246,501,194,234,69
238,502,194,234,69
239,502,182,230,32
240,502,181,230,29
241,502,181,230,29
242,502,181,230,29
243,502,181,230,29
244,502,182,230,32
245,502,194,234,69
237,503,194,234,69
238,503,182,230,32
239,503,181,230,29
240,503,181,230,29
241,503,181,230,29
242,503,181,230,29
243,503,182,230,32
244,503,194,234,69
236,504,194,234,69
237,504,182,230,32
238,504,181,230,29
239,504,181,230,29
240,504,181,230,29
241,504,182,230,32
242,504,188,232,51
243,504,195,235,72
235,505,194,234,69
236,505,182,230,32
237,505,181,230,29
238,505,181,230,29
239,505,181,230,29
240,505,182,230,32
241,505,194,234,69
234,506,194,234,69
235,506,182,230,32
236,506,181,230,29
237,506,181,230,29
238,506,181,230,29
239,506,182,230,32
240,506,194,234,69
232,507,195,235,72
233,507,188,232,51
234,507,182,230,32
235,507,181,230,29
236,507,181,230,29
237,507,181,230,29
238,507,182,230,32
239,507,194,234,69
231,508,194,234,69
232,508,182,230,32
233,508,181,230,29
234,508,181,230,29
235,508,181,230,29
236,508,181,230,29
237,508,182,230,32
238,508,194,234,69
230,509,194,234,69
231,509,182,230,32
232,509,181,230,29
233,509,181,230,29
234,509,181,230,29
235,509,181,230,29
236,509,182,230,32
237,509,194,234,69
229,510,194,234,69
230,510,182,230,32
231,510,181,230,29
232,510,181,230,29
233,510,181,230,29
234,510,182,230,32
235,510,188,232,51
236,510,195,235,72
228,511,194,234,69
229,511,182,230,32
230,511,181,230,29
231,511,181,230,29
232,511,181,230,29
233,511,182,230,32
234,511,194,234,69
226,512,195,235,72
227,512,188,232,51
228,512,182,230,32
229,512,181,230,29
230,512,181,230,29
231,512,181,230,29
232,512,182,230,32
233,512,194,234,69
225,513,194,234,69
226,513,182,230,32
227,513,181,230,29
228,513,181,230,29
229,513,181,230,29
230,513,181,230,29
231,513,182,230,32
232,513,194,234,69
224,514,194,234,69
225,514,182,230,32
226,514,181,230,29
227,514,181,230,29
228,514,181,230,29
229,514,181,230,29
230,514,182,230,32
231,514,194,234,69
223,515,194,234,69
224,515,182,230,32
225,515,181,230,29
226,515,181,230,29
227,515,181,230,29
228,515,182,230,32
229,515,188,232,51
230,515,195,235,72
221,516,195,235,72
222,516,188,232,51
223,516,182,230,32
224,516,181,230,29
225,516,181,230,29
226,516,181,230,29
227,516,182,230,32
228,516,194,234,69
220,517,194,234,69
221,517,182,230,32
222,517,181,230,29
223,517,181,230,29
224,517,181,230,29
225,517,181,230,29
226,517,182,230,32
227,517,194,234,69
219,518,194,234,69
220,518,182,230,32
221,518,181,230,29
222,518,181,230,29
223,518,181,230,29
224,518,181,230,29
225,518,182,230,32
226,518,194,234,69
217,519,195,235,72
218,519,188,232,51
219,519,182,230,32
220,519,181,230,29
221,519,181,230,29
222,519,181,230,29
223,519,182,230,32
224,519,188,232,51
225,519,195,235,72
216,520,194,234,69
217,520,182,230,32
218,520,181,230,29
219,520,181,230,29
220,520,181,230,29
221,520,181,230,29
222,520,182,230,32
223,520,194,234,69
215,521,194,234,69
216,521,182,230,32
217,521,181,230,29
218,521,181,230,29
219,521,181,230,29
220,521,181,230,29
221,521,182,230,32
222,521,194,234,69
213,522,195,235,72
214,522,188,232,51
215,522,182,230,32
216,522,181,230,29
217,522,181,230,29
218,522,181,230,29
219,522,182,230,32
220,522,188,232,51
221,522,195,235,72
212,523,194,234,69
213,523,182,230,32
214,523,181,230,29
215,523,181,230,29
216,523,181,230,29
217,523,181,230,29
218,523,182,230,32
219,523,194,234,69
211,524,194,234,69
212,524,182,230,32
213,524,181,230,29
214,524,181,230,29
215,524,181,230,29
216,524,181,230,29
217,524,182,230,32
218,524,194,234,69
209,525,195,235,72
210,525,188,232,51
211,525,182,230,32
212,525,181,230,29
213,525,181,230,29
214,525,181,230,29
215,525,182,230,32
216,525,188,232,51
217,525,195,235,72
208,526,194,234,69
209,526,182,230,32
210,526,181,230,29
211,526,181,230,29
212,526,181,230,29
213,526,181,230,29
214,526,182,230,32
215,526,194,234,69
207,527,194,234,69
208,527,182,230,32
209,527,181,230,29
210,527,181,230,29
211,527,181,230,29
212,527,181,230,29
213,527,182,230,32
214,527,194,234,69
205,528,195,235,72
206,528,188,232,51
207,528,182,230,32
208,528,181,230,29
209,528,181,230,29
210,528,181,230,29
211,528,182,230,32
212,528,188,232,51
213,528,195,235,72
204,529,194,234,69
205,529,182,230,32
206,529,181,230,29
207,529,181,230,29
208,529,181,230,29
209,529,181,230,29
210,529,182,230,32
211,529,194,234,69
202,530,195,235,72
203,530,188,232,51
204,530,182,230,32
205,530,181,230,29
206,530,181,230,29
207,530,181,230,29
208,530,181,230,29
209,530,182,230,32
210,530,194,234,69
201,531,194,234,69
202,531,182,230,32
203,531,181,230,29
204,531,181,230,29
205,531,181,230,29
206,531,181,230,29
207,531,182,230,32
208,531,188,232,51
209,531,195,235,72
200,532,195,235,72
201,532,182,230,32
202,532,181,230,29
203,532,181,230,29
204,532,181,230,29
205,532,181,230,29
206,532,182,230,32
207,532,194,234,69
200,533,189,233,53
201,533,181,230,29
202,533,181,230,29
203,533,181,230,29
204,533,182,230,32
205,533,188,232,51
206,533,195,235,72
200,534,195,235,72
201,534,182,230,32
202,534,181,230,29
203,534,182,230,32
204,534,194,234,69
201,535,195,235,72
202,535,189,233,53
203,535,195,235,72
