105,622,195,235,72
106,622,189,233,53
107,622,195,235,72
103,623,195,235,72
104,623,188,232,51
105,623,182,230,32
106,623,181,230,29
107,623,182,230,32
108,623,195,235,72
101,624,195,235,72
102,624,188,232,51
103,624,182,230,32
104,624,181,230,29
105,624,181,230,29
106,624,181,230,29
107,624,181,230,29
108,624,189,233,53
99,625,195,235,72
100,625,188,232,51
101,625,182,230,32
102,625,181,230,29
103,625,181,230,29
104,625,181,230,29
105,625,181,230,29
106,625,181,230,29
107,625,181,230,29
108,625,189,233,53
98,626,194,234,69
99,626,182,230,32
100,626,181,230,29
101,626,181,230,29
102,626,181,230,29
103,626,181,230,29
104,626,181,230,29
105,626,181,230,29
106,626,181,230,29
107,626,181,230,29
108,626,189,233,53
96,627,195,235,72
97,627,188,232,51
98,627,182,230,32
99,627,181,230,29
100,627,181,230,29
101,627,181,230,29
102,627,181,230,29
103,627,181,230,29
104,627,181,230,29
105,627,181,230,29
106,627,181,230,29
107,627,181,230,29
108,627,189,233,53
94,628,195,235,72
95,628,188,232,51
96,628,182,230,32
97,628,181,230,29
98,628,181,230,29
99,628,181,230,29
100,628,181,230,29
101,628,181,230,29
102,628,181,230,29
103,628,181,230,29
104,628,181,230,29
105,628,181,230,29
106,628,181,230,29
107,628,181,230,29
108,628,189,233,53
92,629,195,235,72
93,629,188,232,51
94,629,182,230,32
95,629,181,230,29
96,629,181,230,29
97,629,181,230,29
98,629,181,230,29
99,629,181,230,29
100,629,181,230,29
101,629,181,230,29
102,629,181,230,29
103,629,181,230,29
104,629,181,230,29
105,629,181,230,29
106,629,181,230,29
107,629,181,230,29
108,629,189,233,53
90,630,195,235,72
91,630,188,232,51
92,630,182,230,32
93,630,181,230,29
94,630,181,230,29
95,630,181,230,29
96,630,181,230,29
97,630,181,230,29
98,630,181,230,29
99,630,181,230,29
100,630,181,230,29
101,630,181,230,29
102,630,181,230,29
103,630,181,230,29
104,630,181,230,29
105,630,181,230,29
106,630,181,230,29
107,630,181,230,29
108,630,189,233,53
88,631,195,235,72
89,631,188,232,51
90,631,182,230,32
91,631,181,230,29
92,631,181,230,29
93,631,181,230,29
94,631,181,230,29
95,631,181,230,29
96,631,181,230,29
97,631,181,230,29
98,631,181,230,29
99,631,181,230,29
100,631,181,230,29
101,631,181,230,29
102,631,181,230,29
103,631,181,230,29
104,631,181,230,29
105,631,181,230,29
106,631,181,230,29
107,631,181,230,29
108,631,189,233,53
87,632,194,234,69
88,632,182,230,32
89,632,181,230,29
90,632,181,230,29
91,632,181,230,29
92,632,181,230,29
93,632,181,230,29
94,632,181,230,29
95,632,181,230,29
96,632,181,230,29
97,632,181,230,29
98,632,181,230,29
99,632,181,230,29
100,632,181,230,29
101,632,181,230,29
102,632,181,230,29
103,632,181,230,29
104,632,181,230,29
105,632,181,230,29
106,632,181,230,29
107,632,181,230,29
108,632,189,233,53
85,633,195,235,72
86,633,188,232,51
87,633,182,230,32
88,633,181,230,29
89,633,181,230,29
90,633,181,230,29
91,633,181,230,29
92,633,181,230,29
93,633,181,230,29
94,633,181,230,29
95,633,181,230,29
96,633,181,230,29
97,633,181,230,29
98,633,181,230,29
99,633,181,230,29
100,633,181,230,29
101,633,181,230,29
102,633,181,230,29
103,633,181,230,29
104,633,181,230,29
105,633,181,230,29
106,633,181,230,29
107,633,181,230,29
108,633,189,233,53
83,634,195,235,72
84,634,188,232,51
85,634,182,230,32
86,634,181,230,29
87,634,181,230,29
88,634,181,230,29
89,634,181,230,29
90,634,181,230,29
91,634,181,230,29
92,634,181,230,29
93,634,181,230,29
94,634,181,230,29
95,634,181,230,29
96,634,181,230,29
97,634,181,230,29
98,634,181,230,29
99,634,181,230,29
100,634,181,230,29
101,634,181,230,29
102,634,181,230,29
103,634,181,230,29
104,634,181,230,29
105,634,181,230,29
106,634,181,230,29
107,634,181,230,29
108,634,189,233,53
81,635,195,235,72
82,635,188,232,51
83,635,182,230,32
84,635,181,230,29
85,635,181,230,29
86,635,181,230,29
87,635,181,230,29
88,635,181,230,29
89,635,181,230,29
90,635,181,230,29
91,635,181,230,29
92,635,181,230,29
93,635,181,230,29
94,635,181,230,29
95,635,181,230,29
96,635,181,230,29
97,635,181,230,29
98,635,181,230,29
99,635,181,230,29
100,635,181,230,29
101,635,181,230,29
102,635,181,230,29
103,635,181,230,29
104,635,181,230,29
105,635,181,230,29
106,635,181,230,29
107,635,181,230,29
108,635,189,233,53
79,636,195,235,72
80,636,188,232,51
81,636,182,230,32
82,636,181,230,29
83,636,181,230,29
84,636,181,230,29
85,636,181,230,29
86,636,181,230,29
87,636,181,230,29
88,636,181,230,29
89,636,181,230,29
90,636,181,230,29
91,636,181,230,29
92,636,181,230,29
93,636,181,230,29
94,636,181,230,29
95,636,181,230,29
96,636,181,230,29
97,636,181,230,29
98,636,181,230,29
99,636,181,230,29
100,636,181,230,29
101,636,181,230,29
102,636,181,230,29
103,636,181,230,29
104,636,181,230,29
105,636,181,230,29
106,636,181,230,29
107,636,181,230,29
108,636,189,233,53
78,637,194,234,69
79,637,182,230,32
80,637,181,230,29
81,637,181,230,29
82,637,181,230,29
83,637,181,230,29
84,637,181,230,29
85,637,181,230,29
86,637,181,230,29
87,637,181,230,29
88,637,181,230,29
89,637,181,230,29
90,637,181,230,29
91,637,181,230,29
92,637,181,230,29
93,637,181,230,29
94,637,181,230,29
95,637,181,230,29
96,637,181,230,29
97,637,181,230,29
98,637,181,230,29
99,637,181,230,29
100,637,181,230,29
101,637,181,230,29
102,637,181,230,29
103,637,181,230,29
104,637,181,230,29
105,637,181,230,29
106,637,181,230,29
107,637,181,230,29
108,637,189,233,53
76,638,195,235,72
77,638,188,232,51
78,638,182,230,32
79,638,181,230,29
80,638,181,230,29
81,638,181,230,29
82,638,181,230,29
83,638,181,230,29
84,638,181,230,29
85,638,181,230,29
86,638,181,230,29
87,638,181,230,29
88,638,181,230,29
89,638,181,230,29
90,638,181,230,29
91,638,181,230,29
92,638,181,230,29
93,638,181,230,29
94,638,181,230,29
95,638,181,230,29
96,638,181,230,29
97,638,181,230,29
98,638,181,230,29
99,638,181,230,29
100,638,181,230,29
101,638,181,230,29
102,638,181,230,29
103,638,181,230,29
104,638,181,230,29
105,638,181,230,29
106,638,181,230,29
107,638,181,230,29
108,638,189,233,53
74,639,195,235,72
75,639,188,232,51
76,639,182,230,32
77,639,181,230,29
78,639,181,230,29
79,639,181,230,29
80,639,181,230,29
81,639,181,230,29
82,639,181,230,29
83,639,181,230,29
84,639,181,230,29
85,639,181,230,29
86,639,181,230,29
87,639,181,230,29
88,639,181,230,29
89,639,181,230,29
90,639,181,230,29
91,639,181,230,29
92,639,181,230,29
93,639,181,230,29
94,639,181,230,29
95,639,181,230,29
96,639,181,230,29
97,639,181,230,29
98,639,181,230,29
99,639,181,230,29
100,639,181,230,29
101,639,181,230,29
102,639,181,230,29
103,639,181,230,29
104,639,181,230,29
105,639,181,230,29
106,639,181,230,29
107,639,181,230,29
108,639,189,233,53
72,640,195,235,72
73,640,188,232,51
74,640,182,230,32
75,640,181,230,29
76,640,181,230,29
77,640,181,230,29
78,640,181,230,29
79,640,181,230,29
80,640,181,230,29
81,640,181,230,29
82,640,181,230,29
83,640,181,230,29
84,640,181,230,29
85,640,181,230,29
86,640,181,230,29
87,640,181,230,29
88,640,181,230,29
89,640,181,230,29
90,640,181,230,29
91,640,181,230,29
92,640,181,230,29
93,640,181,230,29
94,640,181,230,29
95,640,181,230,29
96,640,181,230,29
97,640,181,230,29
98,640,181,230,29
99,640,181,230,29
100,640,181,230,29
101,640,181,230,29
102,640,181,230,29
103,640,181,230,29
104,640,181,230,29
105,640,181,230,29
106,640,181,230,29
107,640,181,230,29
108,640,189,233,53
70,641,195,235,72
71,641,188,232,51
72,641,182,230,32
73,641,181,230,29
74,641,181,230,29
75,641,181,230,29
76,641,181,230,29
77,641,181,230,29
78,641,181,230,29
79,641,181,230,29
80,641,181,230,29
81,641,181,230,29
82,641,181,230,29
83,641,181,230,29
84,641,181,230,29
85,641,181,230,29
86,641,181,230,29
87,641,181,230,29
88,641,181,230,29
89,641,181,230,29
90,641,181,230,29
91,641,181,230,29
92,641,181,230,29
93,641,181,230,29
94,641,181,230,29
95,641,181,230,29
96,641,181,230,29
97,641,181,230,29
98,641,181,230,29
99,641,181,230,29
100,641,181,230,29
101,641,181,230,29
102,641,181,230,29
103,641,181,230,29
104,641,181,230,29
105,641,181,230,29
106,641,181,230,29
107,641,181,230,29
108,641,189,233,53
68,642,195,235,72
69,642,188,232,51
70,642,182,230,32
71,642,181,230,29
72,642,181,230,29
73,642,181,230,29
74,642,181,230,29
75,642,181,230,29
76,642,181,230,29
77,642,181,230,29
78,642,181,230,29
79,642,181,230,29
80,642,181,230,29
81,642,181,230,29
82,642,181,230,29
83,642,181,230,29
84,642,181,230,29
85,642,181,230,29
86,642,181,230,29
87,642,181,230,29
88,642,181,230,29
89,642,181,230,29
90,642,181,230,29
91,642,181,230,29
92,642,181,230,29
93,642,181,230,29
94,642,181,230,29
95,642,181,230,29
96,642,181,230,29
97,642,181,230,29
98,642,181,230,29
99,642,181,230,29
100,642,181,230,29
101,642,181,230,29
102,642,181,230,29
103,642,181,230,29
104,642,181,230,29
105,642,181,230,29
106,642,181,230,29
107,642,181,230,29
108,642,189,233,53
67,643,194,234,69
68,643,182,230,32
69,643,181,230,29
70,643,181,230,29
71,643,181,230,29
72,643,181,230,29
73,643,181,230,29
74,643,181,230,29
75,643,181,230,29
76,643,181,230,29
77,643,181,230,29
78,643,181,230,29
79,643,181,230,29
80,643,181,230,29
81,643,181,230,29
82,643,181,230,29
83,643,181,230,29
84,643,181,230,29
85,643,181,230,29
86,643,181,230,29
87,643,181,230,29
88,643,181,230,29
89,643,181,230,29
90,643,181,230,29
91,643,181,230,29
92,643,181,230,29
93,643,181,230,29
94,643,181,230,29
95,643,181,230,29
96,643,181,230,29
97,643,181,230,29
98,643,181,230,29
99,643,181,230,29
100,643,181,230,29
101,643,181,230,29
102,643,181,230,29
103,643,181,230,29
104,643,181,230,29
105,643,181,230,29
106,643,181,230,29
107,643,181,230,29
108,643,189,233,53
65,644,195,235,72
66,644,188,232,51
67,644,182,230,32
68,644,181,230,29
69,644,181,230,29
70,644,181,230,29
71,644,181,230,29
72,644,181,230,29
73,644,181,230,29
74,644,181,230,29
75,644,181,230,29
76,644,181,230,29
77,644,181,230,29
78,644,181,230,29
79,644,181,230,29
80,644,181,230,29
81,644,181,230,29
82,644,181,230,29
83,644,181,230,29
84,644,181,230,29
85,644,181,230,29
86,644,181,230,29
87,644,181,230,29
88,644,181,230,29
89,644,181,230,29
90,644,181,230,29
91,644,181,230,29
92,644,181,230,29
93,644,181,230,29
94,644,181,230,29
95,644,181,230,29
96,644,181,230,29
97,644,181,230,29
98,644,181,230,29
99,644,181,230,29
100,644,181,230,29
101,644,181,230,29
102,644,181,230,29
103,644,181,230,29
104,644,181,230,29
105,644,181,230,29
106,644,181,230,29
107,644,181,230,29
108,644,189,233,53
63,645,195,235,72
64,645,188,232,51
65,645,182,230,32
66,645,181,230,29
67,645,181,230,29
68,645,181,230,29
69,645,181,230,29
70,645,181,230,29
71,645,181,230,29
72,645,181,230,29
73,645,181,230,29
74,645,181,230,29
75,645,181,230,29
76,645,181,230,29
77,645,181,230,29
78,645,181,230,29
79,645,181,230,29
80,645,181,230,29
81,645,181,230,29
82,645,181,230,29
83,645,181,230,29
84,645,181,230,29
85,645,181,230,29
86,645,181,230,29
87,645,181,230,29
88,645,181,230,29
89,645,181,230,29
90,645,181,230,29
91,645,181,230,29
92,645,181,230,29
93,645,181,230,29
94,645,181,230,29
95,645,181,230,29
96,645,181,230,29
97,645,181,230,29
98,645,181,230,29
99,645,181,230,29
100,645,181,230,29
101,645,181,230,29
102,645,181,230,29
103,645,181,230,29
104,645,181,230,29
105,645,181,230,29
106,645,181,230,29
107,645,181,230,29
108,645,189,233,53
61,646,195,235,72
62,646,188,232,51
63,646,182,230,32
64,646,181,230,29
65,646,181,230,29
66,646,181,230,29
67,646,181,230,29
68,646,181,230,29
69,646,181,230,29
70,646,181,230,29
71,646,181,230,29
72,646,181,230,29
73,646,181,230,29
74,646,181,230,29
75,646,181,230,29
76,646,181,230,29
77,646,181,230,29
78,646,181,230,29
79,646,181,230,29
80,646,181,230,29
81,646,181,230,29
82,646,181,230,29
83,646,181,230,29
84,646,181,230,29
85,646,181,230,29
86,646,181,230,29
87,646,181,230,29
88,646,181,230,29
89,646,181,230,29
90,646,181,230,29
91,646,181,230,29
92,646,181,230,29
93,646,181,230,29
94,646,181,230,29
95,646,181,230,29
96,646,181,230,29
97,646,181,230,29
98,646,181,230,29
99,646,181,230,29
100,646,181,230,29
101,646,181,230,29
102,646,181,230,29
103,646,181,230,29
104,646,181,230,29
105,646,181,230,29
106,646,181,230,29
107,646,181,230,29
108,646,189,233,53
59,647,195,235,72
60,647,188,232,51
61,647,182,230,32
62,647,181,230,29
63,647,181,230,29
64,647,181,230,29
65,647,181,230,29
66,647,181,230,29
67,647,181,230,29
68,647,181,230,29
69,647,181,230,29
70,647,181,230,29
71,647,181,230,29
72,647,181,230,29
73,647,181,230,29
74,647,181,230,29
75,647,181,230,29
76,647,181,230,29
77,647,181,230,29
78,647,181,230,29
79,647,181,230,29
80,647,181,230,29
81,647,181,230,29
82,647,181,230,29
83,647,181,230,29
84,647,181,230,29
85,647,181,230,29
86,647,181,230,29
87,647,181,230,29
88,647,181,230,29
89,647,181,230,29
90,647,181,230,29
91,647,181,230,29
92,647,181,230,29
93,647,181,230,29
94,647,181,230,29
95,647,181,230,29
96,647,181,230,29
97,647,181,230,29
98,647,181,230,29
99,647,181,230,29
100,647,181,230,29
101,647,181,230,29
102,647,181,230,29
103,647,181,230,29
104,647,181,230,29
105,647,181,230,29
106,647,181,230,29
107,647,181,230,29
108,647,189,233,53
57,648,195,235,72
58,648,188,232,51
59,648,182,230,32
60,648,181,230,29
61,648,181,230,29
62,648,181,230,29
63,648,181,230,29
64,648,181,230,29
65,648,181,230,29
66,648,181,230,29
67,648,181,230,29
68,648,181,230,29
69,648,181,230,29
70,648,181,230,29
71,648,181,230,29
72,648,181,230,29
73,648,181,230,29
74,648,181,230,29
75,648,181,230,29
76,648,181,230,29
77,648,181,230,29
78,648,181,230,29
79,648,181,230,29
80,648,181,230,29
81,648,181,230,29
82,648,181,230,29
83,648,181,230,29
84,648,181,230,29
85,648,181,230,29
86,648,181,230,29
87,648,181,230,29
88,648,181,230,29
89,648,181,230,29
90,648,181,230,29
91,648,181,230,29
92,648,181,230,29
93,648,181,230,29
94,648,181,230,29
95,648,181,230,29
96,648,181,230,29
97,648,181,230,29
98,648,181,230,29
99,648,181,230,29
100,648,181,230,29
101,648,181,230,29
102,648,181,230,29
103,648,181,230,29
104,648,181,230,29
105,648,181,230,29
106,648,181,230,29
107,648,181,230,29
108,648,189,233,53
56,649,194,234,69
57,649,182,230,32
58,649,181,230,29
59,649,181,230,29
60,649,181,230,29
61,649,181,230,29
62,649,181,230,29
63,649,181,230,29
64,649,181,230,29
65,649,181,230,29
66,649,181,230,29
67,649,181,230,29
68,649,181,230,29
69,649,181,230,29
70,649,181,230,29
71,649,181,230,29
72,649,181,230,29
73,649,181,230,29
74,649,181,230,29
75,649,181,230,29
76,649,181,230,29
77,649,181,230,29
78,649,181,230,29
79,649,181,230,29
80,649,181,230,29
81,649,181,230,29
82,649,181,230,29
83,649,181,230,29
84,649,181,230,29
85,649,181,230,29
86,649,181,230,29
87,649,181,230,29
88,649,181,230,29
89,649,181,230,29
90,649,181,230,29
91,649,181,230,29
92,649,181,230,29
93,649,181,230,29
94,649,181,230,29
95,649,181,230,29
96,649,181,230,29
97,649,181,230,29
98,649,181,230,29
99,649,181,230,29
100,649,181,230,29
101,649,181,230,29
102,649,181,230,29
103,649,181,230,29
104,649,181,230,29
105,649,181,230,29
106,649,181,230,29
107,649,181,230,29
108,649,189,233,53
54,650,195,235,72
55,650,188,232,51
56,650,182,230,32
57,650,181,230,29
58,650,181,230,29
59,650,181,230,29
60,650,181,230,29
61,650,181,230,29
62,650,181,230,29
63,650,181,230,29
64,650,181,230,29
65,650,181,230,29
66,650,181,230,29
67,650,181,230,29
68,650,181,230,29
69,650,181,230,29
70,650,181,230,29
71,650,181,230,29
72,650,181,230,29
73,650,181,230,29
74,650,181,230,29
75,650,181,230,29
76,650,181,230,29
77,650,181,230,29
78,650,181,230,29
79,650,181,230,29
80,650,181,230,29
81,650,181,230,29
82,650,181,230,29
83,650,181,230,29
84,650,181,230,29
85,650,181,230,29
86,650,181,230,29
87,650,181,230,29
88,650,181,230,29
89,650,181,230,29
90,650,181,230,29
91,650,181,230,29
92,650,181,230,29
93,650,181,230,29
94,650,181,230,29
95,650,181,230,29
96,650,181,230,29
97,650,181,230,29
98,650,181,230,29
99,650,181,230,29
100,650,181,230,29
101,650,181,230,29
102,650,181,230,29
103,650,181,230,29
104,650,181,230,29
105,650,181,230,29
106,650,181,230,29
107,650,181,230,29
108,650,189,233,53
52,651,195,235,72
53,651,188,232,51
54,651,182,230,32
55,651,181,230,29
56,651,181,230,29
57,651,181,230,29
58,651,181,230,29
59,651,181,230,29
60,651,181,230,29
61,651,181,230,29
62,651,181,230,29
63,651,181,230,29
64,651,181,230,29
65,651,181,230,29
66,651,181,230,29
67,651,181,230,29
68,651,181,230,29
69,651,181,230,29
70,651,181,230,29
71,651,181,230,29
72,651,181,230,29
73,651,181,230,29
74,651,181,230,29
75,651,181,230,29
76,651,181,230,29
77,651,181,230,29
78,651,181,230,29
79,651,181,230,29
80,651,181,230,29
81,651,181,230,29
82,651,181,230,29
83,651,181,230,29
84,651,181,230,29
85,651,181,230,29
86,651,181,230,29
87,651,181,230,29
88,651,181,230,29
89,651,181,230,29
90,651,181,230,29
91,651,181,230,29
92,651,181,230,29
93,651,181,230,29
94,651,181,230,29
95,651,181,230,29
96,651,181,230,29
97,651,181,230,29
98,651,181,230,29
99,651,181,230,29
100,651,181,230,29
101,651,181,230,29
102,651,181,230,29
103,651,181,230,29
104,651,181,230,29
105,651,181,230,29
106,651,181,230,29
107,651,181,230,29
108,651,189,233,53
50,652,195,235,72
51,652,188,232,51
52,652,182,230,32
53,652,181,230,29
54,652,181,230,29
55,652,181,230,29
56,652,181,230,29
57,652,181,230,29
58,652,181,230,29
59,652,181,230,29
60,652,181,230,29
61,652,181,230,29
62,652,181,230,29
63,652,181,230,29
64,652,181,230,29
65,652,181,230,29
66,652,181,230,29
67,652,181,230,29
68,652,181,230,29
69,652,181,230,29
70,652,181,230,29
71,652,181,230,29
72,652,181,230,29
73,652,181,230,29
74,652,181,230,29
75,652,181,230,29
76,652,181,230,29
77,652,181,230,29
78,652,181,230,29
79,652,181,230,29
80,652,181,230,29
81,652,181,230,29
82,652,181,230,29
83,652,181,230,29
84,652,181,230,29
85,652,181,230,29
86,652,181,230,29
87,652,181,230,29
88,652,181,230,29
89,652,181,230,29
90,652,181,230,29
91,652,181,230,29
92,652,181,230,29
93,652,181,230,29
94,652,181,230,29
95,652,181,230,29
96,652,181,230,29
97,652,181,230,29
98,652,181,230,29
99,652,181,230,29
100,652,181,230,29
101,652,181,230,29
102,652,181,230,29
103,652,181,230,29
104,652,181,230,29
105,652,181,230,29
106,652,181,230,29
107,652,181,230,29
108,652,189,233,53
48,653,195,235,72
49,653,188,232,51
50,653,182,230,32
51,653,181,230,29
52,653,181,230,29
53,653,181,230,29
54,653,181,230,29
55,653,181,230,29
56,653,181,230,29
57,653,181,230,29
58,653,181,230,29
59,653,181,230,29
60,653,181,230,29
61,653,181,230,29
62,653,181,230,29
63,653,181,230,29
64,653,181,230,29
65,653,181,230,29
66,653,181,230,29
67,653,181,230,29
68,653,181,230,29
69,653,181,230,29
70,653,181,230,29
71,653,181,230,29
72,653,181,230,29
73,653,181,230,29
74,653,181,230,29
75,653,181,230,29
76,653,181,230,29
77,653,181,230,29
78,653,181,230,29
79,653,181,230,29
80,653,181,230,29
81,653,181,230,29
82,653,181,230,29
83,653,181,230,29
84,653,181,230,29
85,653,181,230,29
86,653,181,230,29
87,653,181,230,29
88,653,181,230,29
89,653,181,230,29
90,653,181,230,29
91,653,181,230,29
92,653,181,230,29
93,653,181,230,29
94,653,181,230,29
95,653,181,230,29
96,653,181,230,29
97,653,181,230,29
98,653,181,230,29
99,653,181,230,29
100,653,181,230,29
101,653,181,230,29
102,653,181,230,29
103,653,181,230,29
104,653,181,230,29
105,653,181,230,29
106,653,181,230,29
107,653,181,230,29
108,653,189,233,53
46,654,195,235,72
47,654,188,232,51
48,654,182,230,32
49,654,181,230,29
50,654,181,230,29
51,654,181,230,29
52,654,181,230,29
53,654,181,230,29
54,654,181,230,29
55,654,181,230,29
56,654,181,230,29
57,654,181,230,29
58,654,181,230,29
59,654,181,230,29
60,654,181,230,29
61,654,181,230,29
62,654,181,230,29
63,654,181,230,29
64,654,181,230,29
65,654,181,230,29
66,654,181,230,29
67,654,181,230,29
68,654,181,230,29
69,654,181,230,29
70,654,181,230,29
71,654,181,230,29
72,654,181,230,29
73,654,181,230,29
74,654,181,230,29
75,654,181,230,29
76,654,181,230,29
77,654,181,230,29
78,654,181,230,29
79,654,181,230,29
80,654,181,230,29
81,654,181,230,29
82,654,181,230,29
83,654,181,230,29
84,654,181,230,29
85,654,181,230,29
86,654,181,230,29
87,654,181,230,29
88,654,181,230,29
89,654,181,230,29
90,654,181,230,29
91,654,181,230,29
92,654,181,230,29
93,654,181,230,29
94,654,181,230,29
95,654,181,230,29
96,654,181,230,29
97,654,181,230,29
98,654,181,230,29
99,654,181,230,29
100,654,181,230,29
101,654,181,230,29
102,654,181,230,29
103,654,181,230,29
104,654,181,230,29
105,654,181,230,29
106,654,181,230,29
107,654,181,230,29
108,654,189,233,53
45,655,194,234,69
46,655,182,230,32
47,655,181,230,29
48,655,181,230,29
49,655,181,230,29
50,655,181,230,29
51,655,181,230,29
52,655,181,230,29
53,655,181,230,29
54,655,181,230,29
55,655,181,230,29
56,655,181,230,29
57,655,181,230,29
58,655,181,230,29
59,655,181,230,29
60,655,181,230,29
61,655,181,230,29
62,655,181,230,29
63,655,181,230,29
64,655,181,230,29
65,655,181,230,29
66,655,181,230,29
67,655,181,230,29
68,655,181,230,29
69,655,181,230,29
70,655,181,230,29
71,655,181,230,29
72,655,181,230,29
73,655,181,230,29
74,655,181,230,29
75,655,181,230,29
76,655,181,230,29
77,655,181,230,29
78,655,181,230,29
79,655,181,230,29
80,655,181,230,29
81,655,181,230,29
82,655,181,230,29
83,655,181,230,29
84,655,181,230,29
85,655,181,230,29
86,655,181,230,29
87,655,181,230,29
88,655,181,230,29
89,655,181,230,29
90,655,181,230,29
91,655,181,230,29
92,655,181,230,29
93,655,181,230,29
94,655,181,230,29
95,655,181,230,29
96,655,181,230,29
97,655,181,230,29
98,655,181,230,29
99,655,181,230,29
100,655,181,230,29
101,655,181,230,29
102,655,181,230,29
103,655,181,230,29
104,655,181,230,29
105,655,181,230,29
106,655,181,230,29
107,655,181,230,29
108,655,189,233,53
43,656,195,235,72
44,656,188,232,51
45,656,182,230,32
46,656,181,230,29
47,656,181,230,29
48,656,181,230,29
49,656,181,230,29
50,656,181,230,29
51,656,181,230,29
52,656,181,230,29
53,656,181,230,29
54,656,181,230,29
55,656,181,230,29
56,656,181,230,29
57,656,181,230,29
58,656,181,230,29
59,656,181,230,29
60,656,181,230,29
61,656,181,230,29
62,656,181,230,29
63,656,181,230,29
64,656,181,230,29
65,656,181,230,29
66,656,181,230,29
67,656,181,230,29
68,656,181,230,29
69,656,181,230,29
70,656,181,230,29
71,656,181,230,29
72,656,181,230,29
73,656,181,230,29
74,656,181,230,29
75,656,181,230,29
76,656,181,230,29
77,656,181,230,29
78,656,181,230,29
79,656,181,230,29
80,656,181,230,29
81,656,181,230,29
82,656,181,230,29
83,656,181,230,29
84,656,181,230,29
85,656,181,230,29
86,656,181,230,29
87,656,181,230,29
88,656,181,230,29
89,656,181,230,29
90,656,181,230,29
91,656,181,230,29
92,656,181,230,29
93,656,181,230,29
94,656,181,230,29
95,656,181,230,29
96,656,181,230,29
97,656,181,230,29
98,656,181,230,29
99,656,181,230,29
100,656,181,230,29
101,656,181,230,29
102,656,181,230,29
103,656,181,230,29
104,656,181,230,29
105,656,181,230,29
106,656,181,230,29
107,656,181,230,29
108,656,189,233,53
41,657,195,235,72
42,657,188,232,51
43,657,182,230,32
44,657,181,230,29
45,657,181,230,29
46,657,181,230,29
47,657,181,230,29
48,657,181,230,29
49,657,181,230,29
50,657,181,230,29
51,657,181,230,29
52,657,181,230,29
53,657,181,230,29
54,657,181,230,29
55,657,181,230,29
56,657,181,230,29
57,657,181,230,29
58,657,181,230,29
59,657,181,230,29
60,657,181,230,29
61,657,181,230,29
62,657,181,230,29
63,657,181,230,29
64,657,181,230,29
65,657,181,230,29
66,657,181,230,29
67,657,181,230,29
68,657,181,230,29
69,657,181,230,29
70,657,181,230,29
71,657,181,230,29
72,657,181,230,29
73,657,181,230,29
74,657,181,230,29
75,657,181,230,29
76,657,181,230,29
77,657,181,230,29
78,657,181,230,29
79,657,181,230,29
80,657,181,230,29
81,657,181,230,29
82,657,181,230,29
83,657,181,230,29
84,657,181,230,29
85,657,181,230,29
86,657,181,230,29
87,657,181,230,29
88,657,181,230,29
89,657,181,230,29
90,657,181,230,29
91,657,181,230,29
92,657,181,230,29
93,657,181,230,29
94,657,181,230,29
95,657,181,230,29
96,657,181,230,29
97,657,181,230,29
98,657,181,230,29
99,657,181,230,29
100,657,181,230,29
101,657,181,230,29
102,657,181,230,29
103,657,181,230,29
104,657,181,230,29
105,657,181,230,29
106,657,181,230,29
107,657,181,230,29
108,657,189,233,53
40,658,194,234,69
41,658,182,230,32
42,658,181,230,29
43,658,181,230,29
44,658,181,230,29
45,658,181,230,29
46,658,181,230,29
47,658,181,230,29
48,658,181,230,29
49,658,181,230,29
50,658,181,230,29
51,658,181,230,29
52,658,181,230,29
53,658,181,230,29
54,658,181,230,29
55,658,181,230,29
56,658,181,230,29
57,658,181,230,29
58,658,181,230,29
59,658,181,230,29
60,658,181,230,29
61,658,181,230,29
62,658,181,230,29
63,658,181,230,29
64,658,181,230,29
65,658,181,230,29
66,658,181,230,29
67,658,181,230,29
68,658,181,230,29
69,658,181,230,29
70,658,181,230,29
71,658,181,230,29
72,658,181,230,29
73,658,181,230,29
74,658,181,230,29
75,658,181,230,29
76,658,181,230,29
77,658,181,230,29
78,658,181,230,29
79,658,181,230,29
80,658,181,230,29
81,658,181,230,29
82,658,181,230,29
83,658,181,230,29
84,658,181,230,29
85,658,181,230,29
86,658,181,230,29
87,658,181,230,29
88,658,181,230,29
89,658,181,230,29
90,658,181,230,29
91,658,181,230,29
92,658,181,230,29
93,658,181,230,29
94,658,181,230,29
95,658,181,230,29
96,658,181,230,29
97,658,181,230,29
98,658,181,230,29
99,658,181,230,29
100,658,181,230,29
101,658,181,230,29
102,658,181,230,29
103,658,181,230,29
104,658,181,230,29
105,658,181,230,29
106,658,181,230,29
107,658,181,230,29
108,658,189,233,53
39,659,195,235,72
40,659,182,230,32
41,659,181,230,29
42,659,181,230,29
43,659,181,230,29
44,659,181,230,29
45,659,181,230,29
46,659,181,230,29
47,659,181,230,29
48,659,181,230,29
49,659,181,230,29
50,659,181,230,29
51,659,181,230,29
52,659,181,230,29
53,659,181,230,29
54,659,181,230,29
55,659,181,230,29
56,659,181,230,29
57,659,181,230,29
58,659,181,230,29
59,659,181,230,29
60,659,181,230,29
61,659,181,230,29
62,659,181,230,29
63,659,181,230,29
64,659,181,230,29
65,659,181,230,29
66,659,181,230,29
67,659,181,230,29
68,659,181,230,29
69,659,181,230,29
70,659,181,230,29
71,659,181,230,29
72,659,181,230,29
73,659,181,230,29
74,659,181,230,29
75,659,181,230,29
76,659,181,230,29
77,659,181,230,29
78,659,181,230,29
79,659,181,230,29
80,659,181,230,29
81,659,181,230,29
82,659,181,230,29
83,659,181,230,29
84,659,181,230,29
85,659,181,230,29
86,659,181,230,29
87,659,181,230,29
88,659,181,230,29
89,659,181,230,29
90,659,181,230,29
91,659,181,230,29
92,659,181,230,29
93,659,181,230,29
94,659,181,230,29
95,659,181,230,29
96,659,181,230,29
97,659,181,230,29
98,659,181,230,29
99,659,181,230,29
100,659,181,230,29
101,659,181,230,29
102,659,181,230,29
103,659,181,230,29
104,659,181,230,29
105,659,181,230,29
106,659,181,230,29
107,659,181,230,29
108,659,189,233,53
39,660,195,235,72
40,660,182,230,32
41,660,181,230,29
42,660,181,230,29
43,660,181,230,29
44,660,181,230,29
45,660,181,230,29
46,660,181,230,29
47,660,181,230,29
48,660,181,230,29
49,660,181,230,29
50,660,181,230,29
51,660,181,230,29
52,660,181,230,29
53,660,181,230,29
54,660,181,230,29
55,660,181,230,29
56,660,181,230,29
57,660,181,230,29
58,660,181,230,29
59,660,181,230,29
60,660,181,230,29
61,660,181,230,29
62,660,181,230,29
63,660,181,230,29
64,660,181,230,29
65,660,181,230,29
66,660,181,230,29
67,660,181,230,29
68,660,181,230,29
69,660,181,230,29
70,660,181,230,29
71,660,181,230,29
72,660,181,230,29
73,660,181,230,29
74,660,181,230,29
75,660,181,230,29
76,660,181,230,29
77,660,181,230,29
78,660,181,230,29
79,660,181,230,29
80,660,181,230,29
81,660,181,230,29
82,660,181,230,29
83,660,181,230,29
84,660,181,230,29
85,660,181,230,29
86,660,181,230,29
87,660,181,230,29
88,660,181,230,29
89,660,181,230,29
90,660,181,230,29
91,660,181,230,29
92,660,181,230,29
93,660,181,230,29
94,660,181,230,29
95,660,181,230,29
96,660,181,230,29
97,660,181,230,29
98,660,181,230,29
99,660,181,230,29
100,660,181,230,29
101,660,181,230,29
102,660,181,230,29
103,660,181,230,29
104,660,181,230,29
105,660,181,230,29
106,660,181,230,29
107,660,181,230,29
108,660,189,233,53
40,661,194,234,69
41,661,182,230,32
42,661,181,230,29
43,661,181,230,29
44,661,181,230,29
45,661,181,230,29
46,661,181,230,29
47,661,181,230,29
48,661,181,230,29
49,661,181,230,29
50,661,181,230,29
51,661,181,230,29
52,661,181,230,29
53,661,181,230,29
54,661,181,230,29
55,661,181,230,29
56,661,181,230,29
57,661,181,230,29
58,661,181,230,29
59,661,181,230,29
60,661,181,230,29
61,661,181,230,29
62,661,181,230,29
63,661,181,230,29
64,661,181,230,29
65,661,181,230,29
66,661,181,230,29
67,661,181,230,29
68,661,181,230,29
69,661,181,230,29
70,661,181,230,29
71,661,181,230,29
72,661,181,230,29
73,661,181,230,29
74,661,181,230,29
75,661,181,230,29
76,661,181,230,29
77,661,181,230,29
78,661,181,230,29
79,661,181,230,29
80,661,181,230,29
81,661,181,230,29
82,661,181,230,29
83,661,181,230,29
84,661,181,230,29
85,661,181,230,29
86,661,181,230,29
87,661,181,230,29
88,661,181,230,29
89,661,181,230,29
90,661,181,230,29
91,661,181,230,29
92,661,181,230,29
93,661,181,230,29
94,661,181,230,29
95,661,181,230,29
96,661,181,230,29
97,661,181,230,29
98,661,181,230,29
99,661,181,230,29
100,661,181,230,29
101,661,181,230,29
102,661,181,230,29
103,661,181,230,29
104,661,181,230,29
105,661,181,230,29
106,661,181,230,29
107,661,181,230,29
108,661,189,233,53
41,662,195,235,72
42,662,188,232,51
43,662,182,230,32
44,662,181,230,29
45,662,181,230,29
46,662,181,230,29
47,662,181,230,29
48,662,181,230,29
49,662,181,230,29
50,662,181,230,29
51,662,181,230,29
52,662,181,230,29
53,662,181,230,29
54,662,181,230,29
55,662,181,230,29
56,662,181,230,29
57,662,181,230,29
58,662,181,230,29
59,662,181,230,29
60,662,181,230,29
61,662,181,230,29
62,662,181,230,29
63,662,181,230,29
64,662,181,230,29
65,662,181,230,29
66,662,181,230,29
67,662,181,230,29
68,662,181,230,29
69,662,181,230,29
70,662,181,230,29
71,662,181,230,29
72,662,181,230,29
73,662,181,230,29
74,662,181,230,29
75,662,181,230,29
76,662,181,230,29
77,662,181,230,29
78,662,181,230,29
79,662,181,230,29
80,662,181,230,29
81,662,181,230,29
82,662,181,230,29
83,662,181,230,29
84,662,181,230,29
85,662,181,230,29
86,662,181,230,29
87,662,181,230,29
88,662,181,230,29
89,662,181,230,29
90,662,181,230,29
91,662,181,230,29
92,662,181,230,29
93,662,181,230,29
94,662,181,230,29
95,662,181,230,29
96,662,181,230,29
97,662,181,230,29
98,662,181,230,29
99,662,181,230,29
100,662,181,230,29
101,662,181,230,29
102,662,181,230,29
103,662,181,230,29
104,662,181,230,29
105,662,181,230,29
106,662,181,230,29
107,662,181,230,29
108,662,189,233,53
43,663,194,234,69
44,663,182,230,32
45,663,181,230,29
46,663,181,230,29
47,663,181,230,29
48,663,181,230,29
49,663,181,230,29
50,663,181,230,29
51,663,181,230,29
52,663,181,230,29
53,663,181,230,29
54,663,181,230,29
55,663,181,230,29
56,663,181,230,29
57,663,181,230,29
58,663,181,230,29
59,663,181,230,29
60,663,181,230,29
61,663,181,230,29
62,663,181,230,29
63,663,181,230,29
64,663,181,230,29
65,663,181,230,29
66,663,181,230,29
67,663,181,230,29
68,663,181,230,29
69,663,181,230,29
70,663,181,230,29
71,663,181,230,29
72,663,181,230,29
73,663,181,230,29
74,663,181,230,29
75,663,181,230,29
76,663,181,230,29
77,663,181,230,29
78,663,181,230,29
79,663,181,230,29
80,663,181,230,29
81,663,181,230,29
82,663,181,230,29
83,663,181,230,29
84,663,181,230,29
85,663,181,230,29
86,663,181,230,29
87,663,181,230,29
88,663,181,230,29
89,663,181,230,29
90,663,181,230,29
91,663,181,230,29
92,663,181,230,29
93,663,181,230,29
94,663,181,230,29
95,663,181,230,29
96,663,181,230,29
97,663,181,230,29
98,663,181,230,29
99,663,181,230,29
100,663,181,230,29
101,663,181,230,29
102,663,181,230,29
103,663,181,230,29
104,663,181,230,29
105,663,181,230,29
106,663,181,230,29
107,663,181,230,29
108,663,189,233,53
44,664,195,235,72
45,664,188,232,51
46,664,182,230,32
47,664,181,230,29
48,664,181,230,29
49,664,181,230,29
50,664,181,230,29
51,664,181,230,29
52,664,181,230,29
53,664,181,230,29
54,664,181,230,29
55,664,181,230,29
56,664,181,230,29
57,664,181,230,29
58,664,181,230,29
59,664,181,230,29
60,664,181,230,29
61,664,181,230,29
62,664,181,230,29
63,664,181,230,29
64,664,181,230,29
65,664,181,230,29
66,664,181,230,29
67,664,181,230,29
68,664,181,230,29
69,664,181,230,29
70,664,181,230,29
71,664,181,230,29
72,664,181,230,29
73,664,181,230,29
74,664,181,230,29
75,664,181,230,29
76,664,181,230,29
77,664,181,230,29
78,664,181,230,29
79,664,181,230,29
80,664,181,230,29
81,664,181,230,29
82,664,181,230,29
83,664,181,230,29
84,664,181,230,29
85,664,181,230,29
86,664,181,230,29
87,664,181,230,29
88,664,181,230,29
89,664,181,230,29
90,664,181,230,29
91,664,181,230,29
92,664,181,230,29
93,664,181,230,29
94,664,181,230,29
95,664,181,230,29
96,664,181,230,29
97,664,181,230,29
98,664,181,230,29
99,664,181,230,29
100,664,181,230,29
101,664,181,230,29
102,664,181,230,29
103,664,181,230,29
104,664,181,230,29
105,664,181,230,29
106,664,181,230,29
107,664,181,230,29
108,664,189,233,53
46,665,195,235,72
47,665,188,232,51
48,665,182,230,32
49,665,181,230,29
50,665,181,230,29
51,665,181,230,29
52,665,181,230,29
53,665,181,230,29
54,665,181,230,29
55,665,181,230,29
56,665,181,230,29
57,665,181,230,29
58,665,181,230,29
59,665,181,230,29
60,665,181,230,29
61,665,181,230,29
62,665,181,230,29
63,665,181,230,29
64,665,181,230,29
65,665,181,230,29
66,665,181,230,29
67,665,181,230,29
68,665,181,230,29
69,665,181,230,29
70,665,181,230,29
71,665,181,230,29
72,665,181,230,29
73,665,181,230,29
74,665,181,230,29
75,665,181,230,29
76,665,181,230,29
77,665,181,230,29
78,665,181,230,29
79,665,181,230,29
80,665,181,230,29
81,665,181,230,29
82,665,181,230,29
83,665,181,230,29
84,665,181,230,29
85,665,181,230,29
86,665,181,230,29
87,665,181,230,29
88,665,181,230,29
89,665,181,230,29
90,665,181,230,29
91,665,181,230,29
92,665,181,230,29
93,665,181,230,29
94,665,181,230,29
95,665,181,230,29
96,665,181,230,29
97,665,181,230,29
98,665,181,230,29
99,665,181,230,29
100,665,181,230,29
101,665,181,230,29
102,665,181,230,29
103,665,181,230,29
104,665,181,230,29
105,665,181,230,29
106,665,181,230,29
107,665,181,230,29
108,665,189,233,53
48,666,195,235,72
49,666,188,232,51
50,666,182,230,32
51,666,181,230,29
52,666,181,230,29
53,666,181,230,29
54,666,181,230,29
55,666,181,230,29
56,666,181,230,29
57,666,181,230,29
58,666,181,230,29
59,666,181,230,29
60,666,181,230,29
61,666,181,230,29
62,666,181,230,29
63,666,181,230,29
64,666,181,230,29
65,666,181,230,29
66,666,181,230,29
67,666,181,230,29
68,666,181,230,29
69,666,181,230,29
70,666,181,230,29
71,666,181,230,29
72,666,181,230,29
73,666,181,230,29
74,666,181,230,29
75,666,181,230,29
76,666,181,230,29
77,666,181,230,29
78,666,181,230,29
79,666,181,230,29
80,666,181,230,29
81,666,181,230,29
82,666,181,230,29
83,666,181,230,29
84,666,181,230,29
85,666,181,230,29
86,666,181,230,29
87,666,181,230,29
88,666,181,230,29
89,666,181,230,29
90,666,181,230,29
91,666,181,230,29
92,666,181,230,29
93,666,181,230,29
94,666,181,230,29
95,666,181,230,29
96,666,181,230,29
97,666,181,230,29
98,666,181,230,29
99,666,181,230,29
100,666,181,230,29
101,666,181,230,29
102,666,181,230,29
103,666,181,230,29
104,666,181,230,29
105,666,181,230,29
106,666,181,230,29
107,666,181,230,29
108,666,189,233,53
50,667,195,235,72
51,667,188,232,51
52,667,182,230,32
53,667,181,230,29
54,667,181,230,29
55,667,181,230,29
56,667,181,230,29
57,667,181,230,29
58,667,181,230,29
59,667,181,230,29
60,667,181,230,29
61,667,181,230,29
62,667,181,230,29
63,667,181,230,29
64,667,181,230,29
65,667,181,230,29
66,667,181,230,29
67,667,181,230,29
68,667,181,230,29
69,667,181,230,29
70,667,181,230,29
71,667,181,230,29
72,667,181,230,29
73,667,181,230,29
74,667,181,230,29
75,667,181,230,29
76,667,181,230,29
77,667,181,230,29
78,667,181,230,29
79,667,181,230,29
80,667,181,230,29
81,667,181,230,29
82,667,181,230,29
83,667,181,230,29
84,667,181,230,29
85,667,181,230,29
86,667,181,230,29
87,667,181,230,29
88,667,181,230,29
89,667,181,230,29
90,667,181,230,29
91,667,181,230,29
92,667,181,230,29
93,667,181,230,29
94,667,181,230,29
95,667,181,230,29
96,667,181,230,29
97,667,181,230,29
98,667,181,230,29
99,667,181,230,29
100,667,181,230,29
101,667,181,230,29
102,667,181,230,29
103,667,181,230,29
104,667,181,230,29
105,667,181,230,29
106,667,181,230,29
107,667,181,230,29
108,667,189,233,53
52,668,195,235,72
53,668,188,232,51
54,668,182,230,32
55,668,181,230,29
56,668,181,230,29
57,668,181,230,29
58,668,181,230,29
59,668,181,230,29
60,668,181,230,29
61,668,181,230,29
62,668,181,230,29
63,668,181,230,29
64,668,181,230,29
65,668,181,230,29
66,668,181,230,29
67,668,181,230,29
68,668,181,230,29
69,668,181,230,29
70,668,181,230,29
71,668,181,230,29
72,668,181,230,29
73,668,181,230,29
74,668,181,230,29
75,668,181,230,29
76,668,181,230,29
77,668,181,230,29
78,668,181,230,29
79,668,181,230,29
80,668,181,230,29
81,668,181,230,29
82,668,181,230,29
83,668,181,230,29
84,668,181,230,29
85,668,181,230,29
86,668,181,230,29
87,668,181,230,29
88,668,181,230,29
89,668,181,230,29
90,668,181,230,29
91,668,181,230,29
92,668,181,230,29
93,668,181,230,29
94,668,181,230,29
95,668,181,230,29
96,668,181,230,29
97,668,181,230,29
98,668,181,230,29
99,668,181,230,29
100,668,181,230,29
101,668,181,230,29
102,668,181,230,29
103,668,181,230,29
104,668,181,230,29
105,668,181,230,29
106,668,181,230,29
107,668,181,230,29
108,668,189,233,53
54,669,194,234,69
55,669,182,230,32
56,669,181,230,29
57,669,181,230,29
58,669,181,230,29
59,669,181,230,29
60,669,181,230,29
61,669,181,230,29
62,669,181,230,29
63,669,181,230,29
64,669,181,230,29
65,669,181,230,29
66,669,181,230,29
67,669,181,230,29
68,669,181,230,29
69,669,181,230,29
70,669,181,230,29
71,669,181,230,29
72,669,181,230,29
73,669,181,230,29
74,669,181,230,29
75,669,181,230,29
76,669,181,230,29
77,669,181,230,29
78,669,181,230,29
79,669,181,230,29
80,669,181,230,29
81,669,181,230,29
82,669,181,230,29
83,669,181,230,29
84,669,181,230,29
85,669,181,230,29
86,669,181,230,29
87,669,181,230,29
88,669,181,230,29
89,669,181,230,29
90,669,181,230,29
91,669,181,230,29
92,669,181,230,29
93,669,181,230,29
94,669,181,230,29
95,669,181,230,29
96,669,181,230,29
97,669,181,230,29
98,669,181,230,29
99,669,181,230,29
100,669,181,230,29
101,669,181,230,29
102,669,181,230,29
103,669,181,230,29
104,669,181,230,29
105,669,181,230,29
106,669,181,230,29
107,669,181,230,29
108,669,189,233,53
55,670,195,235,72
56,670,188,232,51
57,670,182,230,32
58,670,181,230,29
59,670,181,230,29
60,670,181,230,29
61,670,181,230,29
62,670,181,230,29
63,670,181,230,29
64,670,181,230,29
65,670,181,230,29
66,670,181,230,29
67,670,181,230,29
68,670,181,230,29
69,670,181,230,29
70,670,181,230,29
71,670,181,230,29
72,670,181,230,29
73,670,181,230,29
74,670,181,230,29
75,670,181,230,29
76,670,181,230,29
77,670,181,230,29
78,670,181,230,29
79,670,181,230,29
80,670,181,230,29
81,670,181,230,29
82,670,181,230,29
83,670,181,230,29
84,670,181,230,29
85,670,181,230,29
86,670,181,230,29
87,670,181,230,29
88,670,181,230,29
89,670,181,230,29
90,670,181,230,29
91,670,181,230,29
92,670,181,230,29
93,670,181,230,29
94,670,181,230,29
95,670,181,230,29
96,670,181,230,29
97,670,181,230,29
98,670,181,230,29
99,670,181,230,29
100,670,181,230,29
101,670,181,230,29
102,670,181,230,29
103,670,181,230,29
104,670,181,230,29
105,670,181,230,29
106,670,181,230,29
107,670,181,230,29
108,670,189,233,53
57,671,195,235,72
58,671,188,232,51
59,671,182,230,32
60,671,181,230,29
61,671,181,230,29
62,671,181,230,29
63,671,181,230,29
64,671,181,230,29
65,671,181,230,29
66,671,181,230,29
67,671,181,230,29
68,671,181,230,29
69,671,181,230,29
70,671,181,230,29
71,671,181,230,29
72,671,181,230,29
73,671,181,230,29
74,671,181,230,29
75,671,181,230,29
76,671,181,230,29
77,671,181,230,29
78,671,181,230,29
79,671,181,230,29
80,671,181,230,29
81,671,181,230,29
82,671,181,230,29
83,671,181,230,29
84,671,181,230,29
85,671,181,230,29
86,671,181,230,29
87,671,181,230,29
88,671,181,230,29
89,671,181,230,29
90,671,181,230,29
91,671,181,230,29
92,671,181,230,29
93,671,181,230,29
94,671,181,230,29
95,671,181,230,29
96,671,181,230,29
97,671,181,230,29
98,671,181,230,29
99,671,181,230,29
100,671,181,230,29
101,671,181,230,29
102,671,181,230,29
103,671,181,230,29
104,671,181,230,29
105,671,181,230,29
106,671,181,230,29
107,671,181,230,29
108,671,189,233,53
59,672,195,235,72
60,672,188,232,51
61,672,182,230,32
62,672,181,230,29
63,672,181,230,29
64,672,181,230,29
65,672,181,230,29
66,672,181,230,29
67,672,181,230,29
68,672,181,230,29
69,672,181,230,29
70,672,181,230,29
71,672,181,230,29
72,672,181,230,29
73,672,181,230,29
74,672,181,230,29
75,672,181,230,29
76,672,181,230,29
77,672,181,230,29
78,672,181,230,29
79,672,181,230,29
80,672,181,230,29
81,672,181,230,29
82,672,181,230,29
83,672,181,230,29
84,672,181,230,29
85,672,181,230,29
86,672,181,230,29
87,672,181,230,29
88,672,181,230,29
89,672,181,230,29
90,672,181,230,29
91,672,181,230,29
92,672,181,230,29
93,672,181,230,29
94,672,181,230,29
95,672,181,230,29
96,672,181,230,29
97,672,181,230,29
98,672,181,230,29
99,672,181,230,29
100,672,181,230,29
101,672,181,230,29
102,672,181,230,29
103,672,181,230,29
104,672,181,230,29
105,672,181,230,29
106,672,181,230,29
107,672,181,230,29
108,672,189,233,53
61,673,195,235,72
62,673,188,232,51
63,673,182,230,32
64,673,181,230,29
65,673,181,230,29
66,673,181,230,29
67,673,181,230,29
68,673,181,230,29
69,673,181,230,29
70,673,181,230,29
71,673,181,230,29
72,673,181,230,29
73,673,181,230,29
74,673,181,230,29
75,673,181,230,29
76,673,181,230,29
77,673,181,230,29
78,673,181,230,29
79,673,181,230,29
80,673,181,230,29
81,673,181,230,29
82,673,181,230,29
83,673,181,230,29
84,673,181,230,29
85,673,181,230,29
86,673,181,230,29
87,673,181,230,29
88,673,181,230,29
89,673,181,230,29
90,673,181,230,29
91,673,181,230,29
92,673,181,230,29
93,673,181,230,29
94,673,181,230,29
95,673,181,230,29
96,673,181,230,29
97,673,181,230,29
98,673,181,230,29
99,673,181,230,29
100,673,181,230,29
101,673,181,230,29
102,673,181,230,29
103,673,181,230,29
104,673,181,230,29
105,673,181,230,29
106,673,181,230,29
107,673,181,230,29
108,673,189,233,53
63,674,195,235,72
64,674,188,232,51
65,674,182,230,32
66,674,181,230,29
67,674,181,230,29
68,674,181,230,29
69,674,181,230,29
70,674,181,230,29
71,674,181,230,29
72,674,181,230,29
73,674,181,230,29
74,674,181,230,29
75,674,181,230,29
76,674,181,230,29
77,674,181,230,29
78,674,181,230,29
79,674,181,230,29
80,674,181,230,29
81,674,181,230,29
82,674,181,230,29
83,674,181,230,29
84,674,181,230,29
85,674,181,230,29
86,674,181,230,29
87,674,181,230,29
88,674,181,230,29
89,674,181,230,29
90,674,181,230,29
91,674,181,230,29
92,674,181,230,29
93,674,181,230,29
94,674,181,230,29
95,674,181,230,29
96,674,181,230,29
97,674,181,230,29
98,674,181,230,29
99,674,181,230,29
100,674,181,230,29
101,674,181,230,29
102,674,181,230,29
103,674,181,230,29
104,674,181,230,29
105,674,181,230,29
106,674,181,230,29
107,674,181,230,29
108,674,189,233,53
65,675,194,234,69
66,675,182,230,32
67,675,181,230,29
68,675,181,230,29
69,675,181,230,29
70,675,181,230,29
71,675,181,230,29
72,675,181,230,29
73,675,181,230,29
74,675,181,230,29
75,675,181,230,29
76,675,181,230,29
77,675,181,230,29
78,675,181,230,29
79,675,181,230,29
80,675,181,230,29
81,675,181,230,29
82,675,181,230,29
83,675,181,230,29
84,675,181,230,29
85,675,181,230,29
86,675,181,230,29
87,675,181,230,29
88,675,181,230,29
89,675,181,230,29
90,675,181,230,29
91,675,181,230,29
92,675,181,230,29
93,675,181,230,29
94,675,181,230,29
95,675,181,230,29
96,675,181,230,29
97,675,181,230,29
98,675,181,230,29
99,675,181,230,29
100,675,181,230,29
101,675,181,230,29
102,675,181,230,29
103,675,181,230,29
104,675,181,230,29
105,675,181,230,29
106,675,181,230,29
107,675,181,230,29
108,675,189,233,53
66,676,195,235,72
67,676,188,232,51
68,676,182,230,32
69,676,181,230,29
70,676,181,230,29
71,676,181,230,29
72,676,181,230,29
73,676,181,230,29
74,676,181,230,29
75,676,181,230,29
76,676,181,230,29
77,676,181,230,29
78,676,181,230,29
79,676,181,230,29
80,676,181,230,29
81,676,181,230,29
82,676,181,230,29
83,676,181,230,29
84,676,181,230,29
85,676,181,230,29
86,676,181,230,29
87,676,181,230,29
88,676,181,230,29
89,676,181,230,29
90,676,181,230,29
91,676,181,230,29
92,676,181,230,29
93,676,181,230,29
94,676,181,230,29
95,676,181,230,29
96,676,181,230,29
97,676,181,230,29
98,676,181,230,29
99,676,181,230,29
100,676,181,230,29
101,676,181,230,29
102,676,181,230,29
103,676,181,230,29
104,676,181,230,29
105,676,181,230,29
106,676,181,230,29
107,676,181,230,29
108,676,189,233,53
68,677,195,235,72
69,677,188,232,51
70,677,182,230,32
71,677,181,230,29
72,677,181,230,29
73,677,181,230,29
74,677,181,230,29
75,677,181,230,29
76,677,181,230,29
77,677,181,230,29
78,677,181,230,29
79,677,181,230,29
80,677,181,230,29
81,677,181,230,29
82,677,181,230,29
83,677,181,230,29
84,677,181,230,29
85,677,181,230,29
86,677,181,230,29
87,677,181,230,29
88,677,181,230,29
89,677,181,230,29
90,677,181,230,29
91,677,181,230,29
92,677,181,230,29
93,677,181,230,29
94,677,181,230,29
95,677,181,230,29
96,677,181,230,29
97,677,181,230,29
98,677,181,230,29
99,677,181,230,29
100,677,181,230,29
101,677,181,230,29
102,677,181,230,29
103,677,181,230,29
104,677,181,230,29
105,677,181,230,29
106,677,181,230,29
107,677,181,230,29
108,677,189,233,53
70,678,195,235,72
71,678,188,232,51
72,678,182,230,32
73,678,181,230,29
74,678,181,230,29
75,678,181,230,29
76,678,181,230,29
77,678,181,230,29
78,678,181,230,29
79,678,181,230,29
80,678,181,230,29
81,678,181,230,29
82,678,181,230,29
83,678,181,230,29
84,678,181,230,29
85,678,181,230,29
86,678,181,230,29
87,678,181,230,29
88,678,181,230,29
89,678,181,230,29
90,678,181,230,29
91,678,181,230,29
92,678,181,230,29
93,678,181,230,29
94,678,181,230,29
95,678,181,230,29
96,678,181,230,29
97,678,181,230,29
98,678,181,230,29
99,678,181,230,29
100,678,181,230,29
101,678,181,230,29
102,678,181,230,29
103,678,181,230,29
104,678,181,230,29
105,678,181,230,29
106,678,181,230,29
107,678,181,230,29
108,678,189,233,53
72,679,195,235,72
73,679,188,232,51
74,679,182,230,32
75,679,181,230,29
76,679,181,230,29
77,679,181,230,29
78,679,181,230,29
79,679,181,230,29
80,679,181,230,29
81,679,181,230,29
82,679,181,230,29
83,679,181,230,29
84,679,181,230,29
85,679,181,230,29
86,679,181,230,29
87,679,181,230,29
88,679,181,230,29
89,679,181,230,29
90,679,181,230,29
91,679,181,230,29
92,679,181,230,29
93,679,181,230,29
94,679,181,230,29
95,679,181,230,29
96,679,181,230,29
97,679,181,230,29
98,679,181,230,29
99,679,181,230,29
100,679,181,230,29
101,679,181,230,29
102,679,181,230,29
103,679,181,230,29
104,679,181,230,29
105,679,181,230,29
106,679,181,230,29
107,679,181,230,29
108,679,189,233,53
74,680,195,235,72
75,680,188,232,51
76,680,182,230,32
77,680,181,230,29
78,680,181,230,29
79,680,181,230,29
80,680,181,230,29
81,680,181,230,29
82,680,181,230,29
83,680,181,230,29
84,680,181,230,29
85,680,181,230,29
86,680,181,230,29
87,680,181,230,29
88,680,181,230,29
89,680,181,230,29
90,680,181,230,29
91,680,181,230,29
92,680,181,230,29
93,680,181,230,29
94,680,181,230,29
95,680,181,230,29
96,680,181,230,29
97,680,181,230,29
98,680,181,230,29
99,680,181,230,29
100,680,181,230,29
101,680,181,230,29
102,680,181,230,29
103,680,181,230,29
104,680,181,230,29
105,680,181,230,29
106,680,181,230,29
107,680,181,230,29
108,680,189,233,53
76,681,194,234,69
77,681,182,230,32
78,681,181,230,29
79,681,181,230,29
80,681,181,230,29
81,681,181,230,29
82,681,181,230,29
83,681,181,230,29
84,681,181,230,29
85,681,181,230,29
86,681,181,230,29
87,681,181,230,29
88,681,181,230,29
89,681,181,230,29
90,681,181,230,29
91,681,181,230,29
92,681,181,230,29
93,681,181,230,29
94,681,181,230,29
95,681,181,230,29
96,681,181,230,29
97,681,181,230,29
98,681,181,230,29
99,681,181,230,29
100,681,181,230,29
101,681,181,230,29
102,681,181,230,29
103,681,181,230,29
104,681,181,230,29
105,681,181,230,29
106,681,181,230,29
107,681,181,230,29
108,681,189,233,53
77,682,195,235,72
78,682,188,232,51
79,682,182,230,32
80,682,181,230,29
81,682,181,230,29
82,682,181,230,29
83,682,181,230,29
84,682,181,230,29
85,682,181,230,29
86,682,181,230,29
87,682,181,230,29
88,682,181,230,29
89,682,181,230,29
90,682,181,230,29
91,682,181,230,29
92,682,181,230,29
93,682,181,230,29
94,682,181,230,29
95,682,181,230,29
96,682,181,230,29
97,682,181,230,29
98,682,181,230,29
99,682,181,230,29
100,682,181,230,29
101,682,181,230,29
102,682,181,230,29
103,682,181,230,29
104,682,181,230,29
105,682,181,230,29
106,682,181,230,29
107,682,181,230,29
108,682,189,233,53
79,683,195,235,72
80,683,188,232,51
81,683,182,230,32
82,683,181,230,29
83,683,181,230,29
84,683,181,230,29
85,683,181,230,29
86,683,181,230,29
87,683,181,230,29
88,683,181,230,29
89,683,181,230,29
90,683,181,230,29
91,683,181,230,29
92,683,181,230,29
93,683,181,230,29
94,683,181,230,29
95,683,181,230,29
96,683,181,230,29
97,683,181,230,29
98,683,181,230,29
99,683,181,230,29
100,683,181,230,29
101,683,181,230,29
102,683,181,230,29
103,683,181,230,29
104,683,181,230,29
105,683,181,230,29
106,683,181,230,29
107,683,181,230,29
108,683,189,233,53
81,684,195,235,72
82,684,188,232,51
83,684,182,230,32
84,684,181,230,29
85,684,181,230,29
86,684,181,230,29
87,684,181,230,29
88,684,181,230,29
89,684,181,230,29
90,684,181,230,29
91,684,181,230,29
92,684,181,230,29
93,684,181,230,29
94,684,181,230,29
95,684,181,230,29
96,684,181,230,29
97,684,181,230,29
98,684,181,230,29
99,684,181,230,29
100,684,181,230,29
101,684,181,230,29
102,684,181,230,29
103,684,181,230,29
104,684,181,230,29
105,684,181,230,29
106,684,181,230,29
107,684,181,230,29
108,684,189,233,53
83,685,195,235,72
84,685,188,232,51
85,685,182,230,32
86,685,181,230,29
87,685,181,230,29
88,685,181,230,29
89,685,181,230,29
90,685,181,230,29
91,685,181,230,29
92,685,181,230,29
93,685,181,230,29
94,685,181,230,29
95,685,181,230,29
96,685,181,230,29
97,685,181,230,29
98,685,181,230,29
99,685,181,230,29
100,685,181,230,29
101,685,181,230,29
102,685,181,230,29
103,685,181,230,29
104,685,181,230,29
105,685,181,230,29
106,685,181,230,29
107,685,181,230,29
108,685,189,233,53
85,686,195,235,72
86,686,188,232,51
87,686,182,230,32
88,686,181,230,29
89,686,181,230,29
90,686,181,230,29
91,686,181,230,29
92,686,181,230,29
93,686,181,230,29
94,686,181,230,29
95,686,181,230,29
96,686,181,230,29
97,686,181,230,29
98,686,181,230,29
99,686,181,230,29
100,686,181,230,29
101,686,181,230,29
102,686,181,230,29
103,686,181,230,29
104,686,181,230,29
105,686,181,230,29
106,686,181,230,29
107,686,181,230,29
108,686,189,233,53
87,687,194,234,69
88,687,182,230,32
89,687,181,230,29
90,687,181,230,29
91,687,181,230,29
92,687,181,230,29
93,687,181,230,29
94,687,181,230,29
95,687,181,230,29
96,687,181,230,29
97,687,181,230,29
98,687,181,230,29
99,687,181,230,29
100,687,181,230,29
101,687,181,230,29
102,687,181,230,29
103,687,181,230,29
104,687,181,230,29
105,687,181,230,29
106,687,181,230,29
107,687,181,230,29
108,687,189,233,53
88,688,195,235,72
89,688,188,232,51
90,688,182,230,32
91,688,181,230,29
92,688,181,230,29
93,688,181,230,29
94,688,181,230,29
95,688,181,230,29
96,688,181,230,29
97,688,181,230,29
98,688,181,230,29
99,688,181,230,29
100,688,181,230,29
101,688,181,230,29
102,688,181,230,29
103,688,181,230,29
104,688,181,230,29
105,688,181,230,29
106,688,181,230,29
107,688,181,230,29
108,688,189,233,53
90,689,195,235,72
91,689,188,232,51
92,689,182,230,32
93,689,181,230,29
94,689,181,230,29
95,689,181,230,29
96,689,181,230,29
97,689,181,230,29
98,689,181,230,29
99,689,181,230,29
100,689,181,230,29
101,689,181,230,29
102,689,181,230,29
103,689,181,230,29
104,689,181,230,29
105,689,181,230,29
106,689,181,230,29
107,689,181,230,29
108,689,189,233,53
92,690,195,235,72
93,690,188,232,51
94,690,182,230,32
95,690,181,230,29
96,690,181,230,29
97,690,181,230,29
98,690,181,230,29
99,690,181,230,29
100,690,181,230,29
101,690,181,230,29
102,690,181,230,29
103,690,181,230,29
104,690,181,230,29
105,690,181,230,29
106,690,181,230,29
107,690,181,230,29
108,690,189,233,53
94,691,195,235,72
95,691,188,232,51
96,691,182,230,32
97,691,181,230,29
98,691,181,230,29
99,691,181,230,29
100,691,181,230,29
101,691,181,230,29
102,691,181,230,29
103,691,181,230,29
104,691,181,230,29
105,691,181,230,29
106,691,181,230,29
107,691,181,230,29
108,691,189,233,53
96,692,195,235,72
97,692,188,232,51
98,692,182,230,32
99,692,181,230,29
100,692,181,230,29
101,692,181,230,29
102,692,181,230,29
103,692,181,230,29
104,692,181,230,29
105,692,181,230,29
106,692,181,230,29
107,692,181,230,29
108,692,189,233,53
98,693,194,234,69
99,693,182,230,32
100,693,181,230,29
101,693,181,230,29
102,693,181,230,29
103,693,181,230,29
104,693,181,230,29
105,693,181,230,29
106,693,181,230,29
107,693,181,230,29
108,693,189,233,53
99,694,195,235,72
100,694,188,232,51
101,694,182,230,32
102,694,181,230,29
103,694,181,230,29
104,694,181,230,29
105,694,181,230,29
106,694,181,230,29
107,694,181,230,29
108,694,189,233,53
101,695,195,235,72
102,695,188,232,51
103,695,182,230,32
104,695,181,230,29
105,695,181,230,29
106,695,181,230,29
107,695,181,230,29
108,695,189,233,53
103,696,195,235,72
104,696,188,232,51
105,696,182,230,32
106,696,181,230,29
107,696,182,230,32
108,696,195,235,72
105,697,195,235,72
106,697,189,233,53
107,697,195,235,72
