912,55,195,235,72
913,55,189,233,53
914,55,195,235,72
911,56,195,235,72
912,56,182,230,32
913,56,181,230,29
914,56,182,230,32
915,56,195,235,72
911,57,189,233,53
912,57,181,230,29
913,57,181,230,29
914,57,181,230,29
915,57,189,233,53
911,58,189,233,53
912,58,181,230,29
913,58,181,230,29
914,58,181,230,29
915,58,189,233,53
911,59,189,233,53
912,59,181,230,29
913,59,181,230,29
914,59,181,230,29
915,59,189,233,53
911,60,189,233,53
912,60,181,230,29
913,60,181,230,29
914,60,181,230,29
915,60,189,233,53
911,61,189,233,53
912,61,181,230,29
913,61,181,230,29
914,61,181,230,29
915,61,189,233,53
911,62,189,233,53
912,62,181,230,29
913,62,181,230,29
914,62,181,230,29
915,62,189,233,53
911,63,189,233,53
912,63,181,230,29
913,63,181,230,29
914,63,181,230,29
915,63,189,233,53
911,64,189,233,53
912,64,181,230,29
913,64,181,230,29
914,64,181,230,29
915,64,189,233,53
911,65,195,235,72
912,65,182,230,32
913,65,181,230,29
914,65,181,230,29
915,65,189,233,53
912,66,188,232,51
913,66,181,230,29
914,66,181,230,29
915,66,188,232,51
912,67,189,233,53
913,67,181,230,29
914,67,181,230,29
915,67,182,230,32
916,67,195,235,72
912,68,189,233,53
913,68,181,230,29
914,68,181,230,29
915,68,181,230,29
916,68,189,233,53
912,69,189,233,53
913,69,181,230,29
914,69,181,230,29
915,69,181,230,29
916,69,189,233,53
912,70,189,233,53
913,70,181,230,29
914,70,181,230,29
915,70,181,230,29
916,70,189,233,53
912,71,189,233,53
913,71,181,230,29
914,71,181,230,29
915,71,181,230,29
916,71,189,233,53
912,72,189,233,53
913,72,181,230,29
914,72,181,230,29
915,72,181,230,29
916,72,189,233,53
912,73,189,233,53
913,73,181,230,29
914,73,181,230,29
915,73,181,230,29
916,73,189,233,53
912,74,189,233,53
913,74,181,230,29
914,74,181,230,29
915,74,181,230,29
916,74,189,233,53
912,75,189,233,53
913,75,181,230,29
914,75,181,230,29
915,75,181,230,29
916,75,189,233,53
912,76,189,233,53
913,76,181,230,29
914,76,181,230,29
915,76,181,230,29
916,76,189,233,53
912,77,189,233,53
913,77,181,230,29
914,77,181,230,29
915,77,181,230,29
916,77,189,233,53
912,78,189,233,53
913,78,181,230,29
914,78,181,230,29
915,78,181,230,29
916,78,189,233,53
912,79,189,233,53
913,79,181,230,29
914,79,181,230,29
915,79,181,230,29
916,79,189,233,53
912,80,189,233,53
913,80,181,230,29
914,80,181,230,29
915,80,181,230,29
916,80,189,233,53
912,81,189,233,53
913,81,181,230,29
914,81,181,230,29
915,81,181,230,29
916,81,189,233,53
912,82,189,233,53
913,82,181,230,29
914,82,181,230,29
915,82,181,230,29
916,82,189,233,53
912,83,189,233,53
913,83,181,230,29
914,83,181,230,29
915,83,181,230,29
916,83,189,233,53
912,84,195,235,72
913,84,182,230,32
914,84,181,230,29
915,84,181,230,29
916,84,189,233,53
913,85,188,232,51
914,85,181,230,29
915,85,181,230,29
916,85,188,232,51
913,86,189,233,53
914,86,181,230,29
915,86,181,230,29
916,86,182,230,32
917,86,195,235,72
913,87,189,233,53
914,87,181,230,29
915,87,181,230,29
916,87,181,230,29
917,87,189,233,53
913,88,189,233,53
914,88,181,230,29
915,88,181,230,29
916,88,181,230,29
917,88,189,233,53
913,89,189,233,53
914,89,181,230,29
915,89,181,230,29
916,89,181,230,29
917,89,189,233,53
913,90,189,233,53
914,90,181,230,29
915,90,181,230,29
916,90,181,230,29
917,90,189,233,53
913,91,189,233,53
914,91,181,230,29
915,91,181,230,29
916,91,181,230,29
917,91,189,233,53
913,92,189,233,53
914,92,181,230,29
915,92,181,230,29
916,92,181,230,29
917,92,189,233,53
913,93,189,233,53
914,93,181,230,29
915,93,181,230,29
916,93,181,230,29
917,93,189,233,53
913,94,189,233,53
914,94,181,230,29
915,94,181,230,29
916,94,181,230,29
917,94,189,233,53
913,95,189,233,53
914,95,181,230,29
915,95,181,230,29
916,95,181,230,29
917,95,189,233,53
913,96,189,233,53
914,96,181,230,29
915,96,181,230,29
916,96,181,230,29
917,96,189,233,53
913,97,189,233,53
914,97,181,230,29
915,97,181,230,29
916,97,181,230,29
917,97,189,233,53
913,98,189,233,53
914,98,181,230,29
915,98,181,230,29
916,98,181,230,29
917,98,189,233,53
913,99,189,233,53
914,99,181,230,29
915,99,181,230,29
916,99,181,230,29
917,99,189,233,53
913,100,189,233,53
914,100,181,230,29
915,100,181,230,29
916,100,181,230,29
917,100,189,233,53
913,101,189,233,53
914,101,181,230,29
915,101,181,230,29
916,101,181,230,29
917,101,189,233,53
913,102,189,233,53
914,102,181,230,29
915,102,181,230,29
916,102,181,230,29
917,102,189,233,53
913,103,195,235,72
914,103,182,230,32
915,103,181,230,29
916,103,181,230,29
917,103,189,233,53
914,104,188,232,51
915,104,181,230,29
916,104,181,230,29
917,104,188,232,51
914,105,189,233,53
915,105,181,230,29
916,105,181,230,29
917,105,182,230,32
918,105,195,235,72
914,106,189,233,53
915,106,181,230,29
916,106,181,230,29
917,106,181,230,29
918,106,189,233,53
914,107,189,233,53
915,107,181,230,29
916,107,181,230,29
917,107,181,230,29
918,107,189,233,53
914,108,189,233,53
915,108,181,230,29
916,108,181,230,29
917,108,181,230,29
918,108,189,233,53
914,109,189,233,53
915,109,181,230,29
916,109,181,230,29
917,109,181,230,29
918,109,189,233,53
914,110,189,233,53
915,110,181,230,29
916,110,181,230,29
917,110,181,230,29
918,110,189,233,53
914,111,189,233,53
915,111,181,230,29
916,111,181,230,29
917,111,181,230,29
918,111,189,233,53
914,112,189,233,53
915,112,181,230,29
916,112,181,230,29
917,112,181,230,29
918,112,189,233,53
914,113,189,233,53
915,113,181,230,29
916,113,181,230,29
917,113,181,230,29
918,113,189,233,53
914,114,189,233,53
915,114,181,230,29
916,114,181,230,29
917,114,181,230,29
918,114,189,233,53
914,115,189,233,53
915,115,181,230,29
916,115,181,230,29
917,115,181,230,29
918,115,189,233,53
914,116,189,233,53
915,116,181,230,29
916,116,181,230,29
917,116,181,230,29
918,116,189,233,53
914,117,189,233,53
915,117,181,230,29
916,117,181,230,29
917,117,181,230,29
918,117,189,233,53
914,118,189,233,53
915,118,181,230,29
916,118,181,230,29
917,118,181,230,29
918,118,189,233,53
914,119,189,233,53
915,119,181,230,29
916,119,181,230,29
917,119,181,230,29
918,119,189,233,53
914,120,189,233,53
915,120,181,230,29
916,120,181,230,29
917,120,181,230,29
918,120,189,233,53
914,121,189,233,53
915,121,181,230,29
916,121,181,230,29
917,121,181,230,29
918,121,189,233,53
914,122,189,233,53
915,122,181,230,29
916,122,181,230,29
917,122,181,230,29
918,122,189,233,53
914,123,195,235,72
915,123,182,230,32
916,123,181,230,29
917,123,181,230,29
918,123,189,233,53
915,124,188,232,51
916,124,181,230,29
917,124,181,230,29
918,124,188,232,51
915,125,189,233,53
916,125,181,230,29
917,125,181,230,29
918,125,182,230,32
919,125,195,235,72
915,126,189,233,53
916,126,181,230,29
917,126,181,230,29
918,126,181,230,29
919,126,189,233,53
915,127,189,233,53
916,127,181,230,29
917,127,181,230,29
918,127,181,230,29
919,127,189,233,53
915,128,189,233,53
916,128,181,230,29
917,128,181,230,29
918,128,181,230,29
919,128,189,233,53
915,129,189,233,53
916,129,181,230,29
917,129,181,230,29
918,129,181,230,29
919,129,189,233,53
915,130,189,233,53
916,130,181,230,29
917,130,181,230,29
918,130,181,230,29
919,130,189,233,53
915,131,189,233,53
916,131,181,230,29
917,131,181,230,29
918,131,181,230,29
919,131,189,233,53
915,132,189,233,53
916,132,181,230,29
917,132,181,230,29
918,132,181,230,29
919,132,189,233,53
915,133,189,233,53
916,133,181,230,29
917,133,181,230,29
918,133,181,230,29
919,133,189,233,53
915,134,189,233,53
916,134,181,230,29
917,134,181,230,29
918,134,181,230,29
919,134,189,233,53
915,135,189,233,53
916,135,181,230,29
917,135,181,230,29
918,135,181,230,29
919,135,189,233,53
915,136,189,233,53
916,136,181,230,29
917,136,181,230,29
918,136,181,230,29
919,136,189,233,53
915,137,189,233,53
916,137,181,230,29
917,137,181,230,29
918,137,181,230,29
919,137,189,233,53
915,138,189,233,53
916,138,181,230,29
917,138,181,230,29
918,138,181,230,29
919,138,189,233,53
915,139,189,233,53
916,139,181,230,29
917,139,181,230,29
918,139,181,230,29
919,139,189,233,53
915,140,189,233,53
916,140,181,230,29
917,140,181,230,29
918,140,181,230,29
919,140,189,233,53
915,141,189,233,53
916,141,181,230,29
917,141,181,230,29
918,141,181,230,29
919,141,189,233,53
915,142,189,233,53
916,142,181,230,29
917,142,181,230,29
918,142,181,230,29
919,142,189,233,53
915,143,195,235,72
916,143,182,230,32
917,143,181,230,29
918,143,181,230,29
919,143,189,233,53
916,144,188,232,51
917,144,181,230,29
918,144,181,230,29
919,144,188,232,51
916,145,189,233,53
917,145,181,230,29
918,145,181,230,29
919,145,182,230,32
920,145,195,235,72
916,146,189,233,53
917,146,181,230,29
918,146,181,230,29
919,146,181,230,29
920,146,189,233,53
916,147,189,233,53
917,147,181,230,29
918,147,181,230,29
919,147,181,230,29
920,147,189,233,53
916,148,189,233,53
917,148,181,230,29
918,148,181,230,29
919,148,181,230,29
920,148,189,233,53
916,149,189,233,53
917,149,181,230,29
918,149,181,230,29
919,149,181,230,29
920,149,189,233,53
916,150,189,233,53
917,150,181,230,29
918,150,181,230,29
919,150,181,230,29
920,150,189,233,53
916,151,189,233,53
917,151,181,230,29
918,151,181,230,29
919,151,181,230,29
920,151,189,233,53
916,152,189,233,53
917,152,181,230,29
918,152,181,230,29
919,152,181,230,29
920,152,189,233,53
916,153,189,233,53
917,153,181,230,29
918,153,181,230,29
919,153,181,230,29
920,153,189,233,53
916,154,189,233,53
917,154,181,230,29
918,154,181,230,29
919,154,181,230,29
920,154,189,233,53
916,155,189,233,53
917,155,181,230,29
918,155,181,230,29
919,155,181,230,29
920,155,189,233,53
916,156,189,233,53
917,156,181,230,29
918,156,181,230,29
919,156,181,230,29
920,156,189,233,53
916,157,189,233,53
917,157,181,230,29
918,157,181,230,29
919,157,181,230,29
920,157,189,233,53
916,158,189,233,53
917,158,181,230,29
918,158,181,230,29
919,158,181,230,29
920,158,189,233,53
916,159,189,233,53
917,159,181,230,29
918,159,181,230,29
919,159,181,230,29
920,159,189,233,53
916,160,189,233,53
917,160,181,230,29
918,160,181,230,29
919,160,181,230,29
920,160,189,233,53
916,161,189,233,53
917,161,181,230,29
918,161,181,230,29
919,161,181,230,29
920,161,189,233,53
916,162,189,233,53
917,162,181,230,29
918,162,181,230,29
919,162,181,230,29
920,162,189,233,53
916,163,189,233,53
917,163,181,230,29
918,163,181,230,29
919,163,181,230,29
920,163,189,233,53
916,164,195,235,72
917,164,182,230,32
918,164,181,230,29
919,164,181,230,29
920,164,189,233,53
917,165,188,232,51
918,165,181,230,29
919,165,181,230,29
920,165,188,232,51
917,166,189,233,53
918,166,181,230,29
919,166,181,230,29
920,166,182,230,32
921,166,195,235,72
917,167,189,233,53
918,167,181,230,29
919,167,181,230,29
920,167,181,230,29
921,167,189,233,53
917,168,189,233,53
918,168,181,230,29
919,168,181,230,29
920,168,181,230,29
921,168,189,233,53
917,169,189,233,53
918,169,181,230,29
919,169,181,230,29
920,169,181,230,29
921,169,189,233,53
917,170,189,233,53
918,170,181,230,29
919,170,181,230,29
920,170,181,230,29
921,170,189,233,53
917,171,189,233,53
918,171,181,230,29
919,171,181,230,29
920,171,181,230,29
921,171,189,233,53
917,172,189,233,53
918,172,181,230,29
919,172,181,230,29
920,172,181,230,29
921,172,189,233,53
917,173,189,233,53
918,173,181,230,29
919,173,181,230,29
920,173,181,230,29
921,173,189,233,53
917,174,189,233,53
918,174,181,230,29
919,174,181,230,29
920,174,181,230,29
921,174,189,233,53
917,175,189,233,53
918,175,181,230,29
919,175,181,230,29
920,175,181,230,29
921,175,189,233,53
917,176,189,233,53
918,176,181,230,29
919,176,181,230,29
920,176,181,230,29
921,176,189,233,53
917,177,189,233,53
918,177,181,230,29
919,177,181,230,29
920,177,181,230,29
921,177,189,233,53
917,178,189,233,53
918,178,181,230,29
919,178,181,230,29
920,178,181,230,29
921,178,189,233,53
917,179,189,233,53
918,179,181,230,29
919,179,181,230,29
920,179,181,230,29
921,179,189,233,53
917,180,189,233,53
918,180,181,230,29
919,180,181,230,29
920,180,181,230,29
921,180,189,233,53
917,181,189,233,53
918,181,181,230,29
919,181,181,230,29
920,181,181,230,29
921,181,189,233,53
917,182,189,233,53
918,182,181,230,29
919,182,181,230,29
920,182,181,230,29
921,182,189,233,53
917,183,189,233,53
918,183,181,230,29
919,183,181,230,29
920,183,181,230,29
921,183,189,233,53
917,184,189,233,53
918,184,181,230,29
919,184,181,230,29
920,184,181,230,29
921,184,189,233,53
917,185,189,233,53
918,185,181,230,29
919,185,181,230,29
920,185,181,230,29
921,185,189,233,53
917,186,195,235,72
918,186,182,230,32
919,186,181,230,29
920,186,181,230,29
921,186,189,233,53
918,187,188,232,51
919,187,181,230,29
920,187,181,230,29
921,187,188,232,51
918,188,189,233,53
919,188,181,230,29
920,188,181,230,29
921,188,182,230,32
922,188,195,235,72
918,189,189,233,53
919,189,181,230,29
920,189,181,230,29
921,189,181,230,29
922,189,189,233,53
918,190,189,233,53
919,190,181,230,29
920,190,181,230,29
921,190,181,230,29
922,190,189,233,53
918,191,189,233,53
919,191,181,230,29
920,191,181,230,29
921,191,181,230,29
922,191,189,233,53
918,192,189,233,53
919,192,181,230,29
920,192,181,230,29
921,192,181,230,29
922,192,189,233,53
918,193,189,233,53
919,193,181,230,29
920,193,181,230,29
921,193,181,230,29
922,193,189,233,53
918,194,189,233,53
919,194,181,230,29
920,194,181,230,29
921,194,181,230,29
922,194,189,233,53
918,195,189,233,53
919,195,181,230,29
920,195,181,230,29
921,195,181,230,29
922,195,189,233,53
918,196,189,233,53
919,196,181,230,29
920,196,181,230,29
921,196,181,230,29
922,196,189,233,53
918,197,189,233,53
919,197,181,230,29
920,197,181,230,29
921,197,181,230,29
922,197,189,233,53
918,198,189,233,53
919,198,181,230,29
920,198,181,230,29
921,198,181,230,29
922,198,189,233,53
918,199,189,233,53
919,199,181,230,29
920,199,181,230,29
921,199,181,230,29
922,199,189,233,53
918,200,189,233,53
919,200,181,230,29
920,200,181,230,29
921,200,181,230,29
922,200,189,233,53
918,201,189,233,53
919,201,181,230,29
920,201,181,230,29
921,201,181,230,29
922,201,189,233,53
918,202,189,233,53
919,202,181,230,29
920,202,181,230,29
921,202,181,230,29
922,202,189,233,53
918,203,189,233,53
919,203,181,230,29
920,203,181,230,29
921,203,181,230,29
922,203,189,233,53
918,204,189,233,53
919,204,181,230,29
920,204,181,230,29
921,204,181,230,29
922,204,189,233,53
918,205,189,233,53
919,205,181,230,29
920,205,181,230,29
921,205,181,230,29
922,205,189,233,53
918,206,189,233,53
919,206,181,230,29
920,206,181,230,29
921,206,181,230,29
922,206,189,233,53
918,207,189,233,53
919,207,181,230,29
920,207,181,230,29
921,207,181,230,29
922,207,189,233,53
918,208,189,233,53
919,208,181,230,29
920,208,181,230,29
921,208,181,230,29
922,208,189,233,53
918,209,189,233,53
919,209,181,230,29
920,209,181,230,29
921,209,181,230,29
922,209,189,233,53
918,210,189,233,53
919,210,181,230,29
920,210,181,230,29
921,210,181,230,29
922,210,189,233,53
918,211,195,235,72
919,211,182,230,32
920,211,181,230,29
921,211,181,230,29
922,211,188,232,51
919,212,188,232,51
920,212,181,230,29
921,212,181,230,29
922,212,182,230,32
923,212,195,235,72
919,213,189,233,53
920,213,181,230,29
921,213,181,230,29
922,213,181,230,29
923,213,189,233,53
919,214,189,233,53
920,214,181,230,29
921,214,181,230,29
922,214,181,230,29
923,214,189,233,53
919,215,189,233,53
920,215,181,230,29
921,215,181,230,29
922,215,181,230,29
923,215,189,233,53
919,216,189,233,53
920,216,181,230,29
921,216,181,230,29
922,216,181,230,29
923,216,189,233,53
919,217,189,233,53
920,217,181,230,29
921,217,181,230,29
922,217,181,230,29
923,217,189,233,53
919,218,189,233,53
920,218,181,230,29
921,218,181,230,29
922,218,181,230,29
923,218,189,233,53
919,219,189,233,53
920,219,181,230,29
921,219,181,230,29
922,219,181,230,29
923,219,189,233,53
919,220,189,233,53
920,220,181,230,29
921,220,181,230,29
922,220,181,230,29
923,220,189,233,53
919,221,189,233,53
920,221,181,230,29
921,221,181,230,29
922,221,181,230,29
923,221,189,233,53
919,222,189,233,53
920,222,181,230,29
921,222,181,230,29
922,222,181,230,29
923,222,189,233,53
919,223,189,233,53
920,223,181,230,29
921,223,181,230,29
922,223,181,230,29
923,223,189,233,53
919,224,189,233,53
920,224,181,230,29
921,224,181,230,29
922,224,181,230,29
923,224,189,233,53
919,225,189,233,53
920,225,181,230,29
921,225,181,230,29
922,225,181,230,29
923,225,189,233,53
919,226,189,233,53
920,226,181,230,29
921,226,181,230,29
922,226,181,230,29
923,226,189,233,53
919,227,189,233,53
920,227,181,230,29
921,227,181,230,29
922,227,181,230,29
923,227,189,233,53
919,228,189,233,53
920,228,181,230,29
921,228,181,230,29
922,228,181,230,29
923,228,189,233,53
919,229,189,233,53
920,229,181,230,29
921,229,181,230,29
922,229,181,230,29
923,229,189,233,53
919,230,189,233,53
920,230,181,230,29
921,230,181,230,29
922,230,181,230,29
923,230,189,233,53
919,231,189,233,53
920,231,181,230,29
921,231,181,230,29
922,231,181,230,29
923,231,189,233,53
919,232,189,233,53
920,232,181,230,29
921,232,181,230,29
922,232,181,230,29
923,232,189,233,53
919,233,189,233,53
920,233,181,230,29
921,233,181,230,29
922,233,181,230,29
923,233,189,233,53
919,234,189,233,53
920,234,181,230,29
921,234,181,230,29
922,234,181,230,29
923,234,189,233,53
919,235,189,233,53
920,235,181,230,29
921,235,181,230,29
922,235,181,230,29
923,235,189,233,53
919,236,189,233,53
920,236,181,230,29
921,236,181,230,29
922,236,181,230,29
923,236,189,233,53
919,237,189,233,53
920,237,181,230,29
921,237,181,230,29
922,237,181,230,29
923,237,189,233,53
919,238,189,233,53
920,238,181,230,29
921,238,181,230,29
922,238,181,230,29
923,238,189,233,53
919,239,189,233,53
920,239,181,230,29
921,239,181,230,29
922,239,181,230,29
923,239,189,233,53
919,240,189,233,53
920,240,181,230,29
921,240,181,230,29
922,240,181,230,29
923,240,189,233,53
919,241,195,235,72
920,241,182,230,32
921,241,181,230,29
922,241,181,230,29
923,241,188,232,51
920,242,188,232,51
921,242,181,230,29
922,242,181,230,29
923,242,182,230,32
924,242,195,235,72
920,243,189,233,53
921,243,181,230,29
922,243,181,230,29
923,243,181,230,29
924,243,189,233,53
920,244,189,233,53
921,244,181,230,29
922,244,181,230,29
923,244,181,230,29
924,244,189,233,53
920,245,189,233,53
921,245,181,230,29
922,245,181,230,29
923,245,181,230,29
924,245,189,233,53
920,246,189,233,53
921,246,181,230,29
922,246,181,230,29
923,246,181,230,29
924,246,189,233,53
920,247,189,233,53
921,247,181,230,29
922,247,181,230,29
923,247,181,230,29
924,247,189,233,53
920,248,189,233,53
921,248,181,230,29
922,248,181,230,29
923,248,181,230,29
924,248,189,233,53
920,249,189,233,53
921,249,181,230,29
922,249,181,230,29
923,249,181,230,29
924,249,189,233,53
920,250,189,233,53
921,250,181,230,29
922,250,181,230,29
923,250,181,230,29
924,250,189,233,53
920,251,189,233,53
921,251,181,230,29
922,251,181,230,29
923,251,181,230,29
924,251,189,233,53
920,252,189,233,53
921,252,181,230,29
922,252,181,230,29
923,252,181,230,29
924,252,189,233,53
920,253,189,233,53
921,253,181,230,29
922,253,181,230,29
923,253,181,230,29
924,253,189,233,53
920,254,189,233,53
921,254,181,230,29
922,254,181,230,29
923,254,181,230,29
924,254,189,233,53
920,255,189,233,53
921,255,181,230,29
922,255,181,230,29
923,255,181,230,29
924,255,189,233,53
920,256,189,233,53
921,256,181,230,29
922,256,181,230,29
923,256,181,230,29
924,256,189,233,53
920,257,189,233,53
921,257,181,230,29
922,257,181,230,29
923,257,181,230,29
924,257,189,233,53
920,258,189,233,53
921,258,181,230,29
922,258,181,230,29
923,258,181,230,29
924,258,189,233,53
920,259,189,233,53
921,259,181,230,29
922,259,181,230,29
923,259,181,230,29
924,259,189,233,53
920,260,189,233,53
921,260,181,230,29
922,260,181,230,29
923,260,181,230,29
924,260,189,233,53
920,261,189,233,53
921,261,181,230,29
922,261,181,230,29
923,261,181,230,29
924,261,189,233,53
920,262,189,233,53
921,262,181,230,29
922,262,181,230,29
923,262,181,230,29
924,262,189,233,53
920,263,189,233,53
921,263,181,230,29
922,263,181,230,29
923,263,181,230,29
924,263,189,233,53
920,264,189,233,53
921,264,181,230,29
922,264,181,230,29
923,264,181,230,29
924,264,189,233,53
920,265,189,233,53
921,265,181,230,29
922,265,181,230,29
923,265,181,230,29
924,265,189,233,53
920,266,189,233,53
921,266,181,230,29
922,266,181,230,29
923,266,181,230,29
924,266,189,233,53
920,267,189,233,53
921,267,181,230,29
922,267,181,230,29
923,267,181,230,29
924,267,189,233,53
920,268,189,233,53
921,268,181,230,29
922,268,181,230,29
923,268,181,230,29
924,268,189,233,53
920,269,189,233,53
921,269,181,230,29
922,269,181,230,29
923,269,181,230,29
924,269,189,233,53
920,270,189,233,53
921,270,181,230,29
922,270,181,230,29
923,270,181,230,29
924,270,189,233,53
920,271,189,233,53
921,271,181,230,29
922,271,181,230,29
923,271,181,230,29
924,271,189,233,53
920,272,189,233,53
921,272,181,230,29
922,272,181,230,29
923,272,181,230,29
924,272,189,233,53
920,273,189,233,53
921,273,181,230,29
922,273,181,230,29
923,273,181,230,29
924,273,189,233,53
920,274,189,233,53
921,274,181,230,29
922,274,181,230,29
923,274,181,230,29
924,274,189,233,53
920,275,189,233,53
921,275,181,230,29
922,275,181,230,29
923,275,181,230,29
924,275,189,233,53
920,276,189,233,53
921,276,181,230,29
922,276,181,230,29
923,276,181,230,29
924,276,189,233,53
920,277,189,233,53
921,277,181,230,29
922,277,181,230,29
923,277,181,230,29
924,277,189,233,53
920,278,189,233,53
921,278,181,230,29
922,278,181,230,29
923,278,181,230,29
924,278,189,233,53
920,279,189,233,53
921,279,181,230,29
922,279,181,230,29
923,279,181,230,29
924,279,189,233,53
920,280,189,233,53
921,280,181,230,29
922,280,181,230,29
923,280,181,230,29
924,280,189,233,53
920,281,189,233,53
921,281,181,230,29
922,281,181,230,29
923,281,181,230,29
924,281,189,233,53
920,282,189,233,53
921,282,181,230,29
922,282,181,230,29
923,282,181,230,29
924,282,189,233,53
920,283,189,233,53
921,283,181,230,29
922,283,181,230,29
923,283,181,230,29
924,283,189,233,53
920,284,189,233,53
921,284,181,230,29
922,284,181,230,29
923,284,181,230,29
924,284,189,233,53
920,285,189,233,53
921,285,181,230,29
922,285,181,230,29
923,285,181,230,29
924,285,189,233,53
920,286,189,233,53
921,286,181,230,29
922,286,181,230,29
923,286,181,230,29
924,286,189,233,53
920,287,189,233,53
921,287,181,230,29
922,287,181,230,29
923,287,181,230,29
924,287,189,233,53
920,288,189,233,53
921,288,181,230,29
922,288,181,230,29
923,288,181,230,29
924,288,189,233,53
920,289,189,233,53
921,289,181,230,29
922,289,181,230,29
923,289,181,230,29
924,289,189,233,53
920,290,189,233,53
921,290,181,230,29
922,290,181,230,29
923,290,181,230,29
924,290,189,233,53
920,291,189,233,53
921,291,181,230,29
922,291,181,230,29
923,291,181,230,29
924,291,189,233,53
920,292,189,233,53
921,292,181,230,29
922,292,181,230,29
923,292,181,230,29
924,292,189,233,53
920,293,189,233,53
921,293,181,230,29
922,293,181,230,29
923,293,181,230,29
924,293,189,233,53
920,294,189,233,53
921,294,181,230,29
922,294,181,230,29
923,294,181,230,29
924,294,189,233,53
920,295,189,233,53
921,295,181,230,29
922,295,181,230,29
923,295,181,230,29
924,295,189,233,53
920,296,189,233,53
921,296,181,230,29
922,296,181,230,29
923,296,181,230,29
924,296,189,233,53
920,297,189,233,53
921,297,181,230,29
922,297,181,230,29
923,297,181,230,29
924,297,189,233,53
920,298,189,233,53
921,298,181,230,29
922,298,181,230,29
923,298,181,230,29
924,298,189,233,53
920,299,189,233,53
921,299,181,230,29
922,299,181,230,29
923,299,181,230,29
924,299,189,233,53
920,300,189,233,53
921,300,181,230,29
922,300,181,230,29
923,300,181,230,29
924,300,189,233,53
920,301,189,233,53
921,301,181,230,29
922,301,181,230,29
923,301,181,230,29
924,301,189,233,53
920,302,189,233,53
921,302,181,230,29
922,302,181,230,29
923,302,181,230,29
924,302,189,233,53
920,303,189,233,53
921,303,181,230,29
922,303,181,230,29
923,303,181,230,29
924,303,189,233,53
920,304,189,233,53
921,304,181,230,29
922,304,181,230,29
923,304,181,230,29
924,304,189,233,53
920,305,189,233,53
921,305,181,230,29
922,305,181,230,29
923,305,181,230,29
924,305,189,233,53
920,306,189,233,53
921,306,181,230,29
922,306,181,230,29
923,306,181,230,29
924,306,189,233,53
920,307,189,233,53
921,307,181,230,29
922,307,181,230,29
923,307,181,230,29
924,307,189,233,53
920,308,189,233,53
921,308,181,230,29
922,308,181,230,29
923,308,181,230,29
924,308,189,233,53
920,309,189,233,53
921,309,181,230,29
922,309,181,230,29
923,309,181,230,29
924,309,189,233,53
920,310,189,233,53
921,310,181,230,29
922,310,181,230,29
923,310,181,230,29
924,310,189,233,53
920,311,189,233,53
921,311,181,230,29
922,311,181,230,29
923,311,181,230,29
924,311,189,233,53
920,312,189,233,53
921,312,181,230,29
922,312,181,230,29
923,312,181,230,29
924,312,189,233,53
920,313,189,233,53
921,313,181,230,29
922,313,181,230,29
923,313,181,230,29
924,313,189,233,53
920,314,189,233,53
921,314,181,230,29
922,314,181,230,29
923,314,181,230,29
924,314,189,233,53
920,315,189,233,53
921,315,181,230,29
922,315,181,230,29
923,315,181,230,29
924,315,189,233,53
920,316,189,233,53
921,316,181,230,29
922,316,181,230,29
923,316,181,230,29
924,316,189,233,53
920,317,189,233,53
921,317,181,230,29
922,317,181,230,29
923,317,181,230,29
924,317,189,233,53
920,318,189,233,53
921,318,181,230,29
922,318,181,230,29
923,318,181,230,29
924,318,189,233,53
920,319,189,233,53
921,319,181,230,29
922,319,181,230,29
923,319,181,230,29
924,319,189,233,53
920,320,189,233,53
921,320,181,230,29
922,320,181,230,29
923,320,181,230,29
924,320,189,233,53
920,321,189,233,53
921,321,181,230,29
922,321,181,230,29
923,321,181,230,29
924,321,189,233,53
920,322,189,233,53
921,322,181,230,29
922,322,181,230,29
923,322,181,230,29
924,322,189,233,53
920,323,189,233,53
921,323,181,230,29
922,323,181,230,29
923,323,181,230,29
924,323,189,233,53
920,324,189,233,53
921,324,181,230,29
922,324,181,230,29
923,324,181,230,29
924,324,189,233,53
920,325,189,233,53
921,325,181,230,29
922,325,181,230,29
923,325,181,230,29
924,325,189,233,53
920,326,189,233,53
921,326,181,230,29
922,326,181,230,29
923,326,181,230,29
924,326,189,233,53
920,327,189,233,53
921,327,181,230,29
922,327,181,230,29
923,327,181,230,29
924,327,189,233,53
920,328,189,233,53
921,328,181,230,29
922,328,181,230,29
923,328,181,230,29
924,328,189,233,53
920,329,189,233,53
921,329,181,230,29
922,329,181,230,29
923,329,181,230,29
924,329,189,233,53
920,330,189,233,53
921,330,181,230,29
922,330,181,230,29
923,330,181,230,29
924,330,189,233,53
920,331,189,233,53
921,331,181,230,29
922,331,181,230,29
923,331,181,230,29
924,331,189,233,53
920,332,189,233,53
921,332,181,230,29
922,332,181,230,29
923,332,181,230,29
924,332,189,233,53
920,333,189,233,53
921,333,181,230,29
922,333,181,230,29
923,333,181,230,29
924,333,189,233,53
920,334,189,233,53
921,334,181,230,29
922,334,181,230,29
923,334,181,230,29
924,334,189,233,53
920,335,189,233,53
921,335,181,230,29
922,335,181,230,29
923,335,181,230,29
924,335,189,233,53
920,336,189,233,53
921,336,181,230,29
922,336,181,230,29
923,336,181,230,29
924,336,189,233,53
920,337,189,233,53
921,337,181,230,29
922,337,181,230,29
923,337,181,230,29
924,337,189,233,53
920,338,189,233,53
921,338,181,230,29
922,338,181,230,29
923,338,181,230,29
924,338,189,233,53
920,339,189,233,53
921,339,181,230,29
922,339,181,230,29
923,339,181,230,29
924,339,189,233,53
920,340,189,233,53
921,340,181,230,29
922,340,181,230,29
923,340,181,230,29
924,340,189,233,53
920,341,189,233,53
921,341,181,230,29
922,341,181,230,29
923,341,181,230,29
924,341,189,233,53
920,342,189,233,53
921,342,181,230,29
922,342,181,230,29
923,342,181,230,29
924,342,189,233,53
920,343,189,233,53
921,343,181,230,29
922,343,181,230,29
923,343,181,230,29
924,343,189,233,53
920,344,189,233,53
921,344,181,230,29
922,344,181,230,29
923,344,181,230,29
924,344,189,233,53
920,345,189,233,53
921,345,181,230,29
922,345,181,230,29
923,345,181,230,29
924,345,189,233,53
920,346,188,232,51
921,346,181,230,29
922,346,181,230,29
923,346,182,230,32
924,346,195,235,72
919,347,195,235,72
920,347,182,230,32
921,347,181,230,29
922,347,181,230,29
923,347,188,232,51
919,348,189,233,53
920,348,181,230,29
921,348,181,230,29
922,348,181,230,29
923,348,189,233,53
919,349,189,233,53
920,349,181,230,29
921,349,181,230,29
922,349,181,230,29
923,349,189,233,53
919,350,189,233,53
920,350,181,230,29
921,350,181,230,29
922,350,181,230,29
923,350,189,233,53
919,351,189,233,53
920,351,181,230,29
921,351,181,230,29
922,351,181,230,29
923,351,189,233,53
919,352,189,233,53
920,352,181,230,29
921,352,181,230,29
922,352,181,230,29
923,352,189,233,53
919,353,189,233,53
920,353,181,230,29
921,353,181,230,29
922,353,181,230,29
923,353,189,233,53
919,354,189,233,53
920,354,181,230,29
921,354,181,230,29
922,354,181,230,29
923,354,189,233,53
919,355,189,233,53
920,355,181,230,29
921,355,181,230,29
922,355,181,230,29
923,355,189,233,53
919,356,189,233,53
920,356,181,230,29
921,356,181,230,29
922,356,181,230,29
923,356,189,233,53
919,357,189,233,53
920,357,181,230,29
921,357,181,230,29
922,357,181,230,29
923,357,189,233,53
919,358,189,233,53
920,358,181,230,29
921,358,181,230,29
922,358,181,230,29
923,358,189,233,53
919,359,189,233,53
920,359,181,230,29
921,359,181,230,29
922,359,181,230,29
923,359,189,233,53
919,360,189,233,53
920,360,181,230,29
921,360,181,230,29
922,360,181,230,29
923,360,189,233,53
919,361,189,233,53
920,361,181,230,29
921,361,181,230,29
922,361,181,230,29
923,361,189,233,53
919,362,189,233,53
920,362,181,230,29
921,362,181,230,29
922,362,181,230,29
923,362,189,233,53
919,363,189,233,53
920,363,181,230,29
921,363,181,230,29
922,363,181,230,29
923,363,189,233,53
919,364,188,232,51
920,364,181,230,29
921,364,181,230,29
922,364,182,230,32
923,364,195,235,72
918,365,195,235,72
919,365,182,230,32
920,365,181,230,29
921,365,181,230,29
922,365,188,232,51
918,366,189,233,53
919,366,181,230,29
920,366,181,230,29
921,366,181,230,29
922,366,189,233,53
918,367,189,233,53
919,367,181,230,29
920,367,181,230,29
921,367,181,230,29
922,367,189,233,53
918,368,189,233,53
919,368,181,230,29
920,368,181,230,29
921,368,181,230,29
922,368,189,233,53
918,369,189,233,53
919,369,181,230,29
920,369,181,230,29
921,369,181,230,29
922,369,189,233,53
918,370,189,233,53
919,370,181,230,29
920,370,181,230,29
921,370,181,230,29
922,370,189,233,53
918,371,189,233,53
919,371,181,230,29
920,371,181,230,29
921,371,181,230,29
922,371,189,233,53
918,372,189,233,53
919,372,181,230,29
920,372,181,230,29
921,372,181,230,29
922,372,189,233,53
918,373,189,233,53
919,373,181,230,29
920,373,181,230,29
921,373,181,230,29
922,373,189,233,53
918,374,189,233,53
919,374,181,230,29
920,374,181,230,29
921,374,181,230,29
922,374,189,233,53
918,375,189,233,53
919,375,181,230,29
920,375,181,230,29
921,375,181,230,29
922,375,189,233,53
918,376,189,233,53
919,376,181,230,29
920,376,181,230,29
921,376,181,230,29
922,376,189,233,53
918,377,188,232,51
919,377,181,230,29
920,377,181,230,29
921,377,182,230,32
922,377,195,235,72
917,378,195,235,72
918,378,182,230,32
919,378,181,230,29
920,378,181,230,29
921,378,188,232,51
917,379,189,233,53
918,379,181,230,29
919,379,181,230,29
920,379,181,230,29
921,379,189,233,53
917,380,189,233,53
918,380,181,230,29
919,380,181,230,29
920,380,181,230,29
921,380,189,233,53
917,381,189,233,53
918,381,181,230,29
919,381,181,230,29
920,381,181,230,29
921,381,189,233,53
917,382,189,233,53
918,382,181,230,29
919,382,181,230,29
920,382,181,230,29
921,382,189,233,53
917,383,189,233,53
918,383,181,230,29
919,383,181,230,29
920,383,181,230,29
921,383,189,233,53
917,384,189,233,53
918,384,181,230,29
919,384,181,230,29
920,384,181,230,29
921,384,189,233,53
917,385,189,233,53
918,385,181,230,29
919,385,181,230,29
920,385,181,230,29
921,385,189,233,53
917,386,189,233,53
918,386,181,230,29
919,386,181,230,29
920,386,181,230,29
921,386,189,233,53
917,387,189,233,53
918,387,181,230,29
919,387,181,230,29
920,387,182,230,32
921,387,195,235,72
917,388,188,232,51
918,388,181,230,29
919,388,181,230,29
920,388,188,232,51
916,389,195,235,72
917,389,182,230,32
918,389,181,230,29
919,389,181,230,29
920,389,189,233,53
916,390,189,233,53
917,390,181,230,29
918,390,181,230,29
919,390,181,230,29
920,390,189,233,53
916,391,189,233,53
917,391,181,230,29
918,391,181,230,29
919,391,181,230,29
920,391,189,233,53
916,392,189,233,53
917,392,181,230,29
918,392,181,230,29
919,392,181,230,29
920,392,189,233,53
916,393,189,233,53
917,393,181,230,29
918,393,181,230,29
919,393,181,230,29
920,393,189,233,53
916,394,189,233,53
917,394,181,230,29
918,394,181,230,29
919,394,181,230,29
920,394,189,233,53
916,395,189,233,53
917,395,181,230,29
918,395,181,230,29
919,395,181,230,29
920,395,189,233,53
916,396,189,233,53
917,396,181,230,29
918,396,181,230,29
919,396,181,230,29
920,396,189,233,53
916,397,188,232,51
917,397,181,230,29
918,397,181,230,29
919,397,182,230,32
920,397,195,235,72
915,398,195,235,72
916,398,182,230,32
917,398,181,230,29
918,398,181,230,29
919,398,188,232,51
915,399,189,233,53
916,399,181,230,29
917,399,181,230,29
918,399,181,230,29
919,399,189,233,53
915,400,189,233,53
916,400,181,230,29
917,400,181,230,29
918,400,181,230,29
919,400,189,233,53
915,401,189,233,53
916,401,181,230,29
917,401,181,230,29
918,401,181,230,29
919,401,189,233,53
915,402,189,233,53
916,402,181,230,29
917,402,181,230,29
918,402,181,230,29
919,402,189,233,53
915,403,189,233,53
916,403,181,230,29
917,403,181,230,29
918,403,181,230,29
919,403,189,233,53
915,404,189,233,53
916,404,181,230,29
917,404,181,230,29
918,404,181,230,29
919,404,189,233,53
915,405,188,232,51
916,405,181,230,29
917,405,181,230,29
918,405,182,230,32
919,405,195,235,72
914,406,195,235,72
915,406,182,230,32
916,406,181,230,29
917,406,181,230,29
918,406,188,232,51
914,407,189,233,53
915,407,181,230,29
916,407,181,230,29
917,407,181,230,29
918,407,189,233,53
914,408,189,233,53
915,408,181,230,29
916,408,181,230,29
917,408,181,230,29
918,408,189,233,53
914,409,189,233,53
915,409,181,230,29
916,409,181,230,29
917,409,181,230,29
918,409,189,233,53
914,410,189,233,53
915,410,181,230,29
916,410,181,230,29
917,410,181,230,29
918,410,189,233,53
914,411,189,233,53
915,411,181,230,29
916,411,181,230,29
917,411,181,230,29
918,411,189,233,53
914,412,188,232,51
915,412,181,230,29
916,412,181,230,29
917,412,182,230,32
918,412,195,235,72
913,413,195,235,72
914,413,182,230,32
915,413,181,230,29
916,413,181,230,29
917,413,188,232,51
913,414,189,233,53
914,414,181,230,29
915,414,181,230,29
916,414,181,230,29
917,414,189,233,53
913,415,189,233,53
914,415,181,230,29
915,415,181,230,29
916,415,181,230,29
917,415,189,233,53
913,416,189,233,53
914,416,181,230,29
915,416,181,230,29
916,416,181,230,29
917,416,189,233,53
913,417,189,233,53
914,417,181,230,29
915,417,181,230,29
916,417,181,230,29
917,417,189,233,53
913,418,189,233,53
914,418,181,230,29
915,418,181,230,29
916,418,181,230,29
917,418,189,233,53
913,419,188,232,51
914,419,181,230,29
915,419,181,230,29
916,419,182,230,32
917,419,195,235,72
912,420,195,235,72
913,420,182,230,32
914,420,181,230,29
915,420,181,230,29
916,420,188,232,51
912,421,189,233,53
913,421,181,230,29
914,421,181,230,29
915,421,181,230,29
916,421,189,233,53
912,422,189,233,53
913,422,181,230,29
914,422,181,230,29
915,422,181,230,29
916,422,189,233,53
912,423,189,233,53
913,423,181,230,29
914,423,181,230,29
915,423,181,230,29
916,423,189,233,53
912,424,189,233,53
913,424,181,230,29
914,424,181,230,29
915,424,181,230,29
916,424,189,233,53
912,425,188,232,51
913,425,181,230,29
914,425,181,230,29
915,425,182,230,32
916,425,195,235,72
911,426,195,235,72
912,426,182,230,32
913,426,181,230,29
914,426,181,230,29
915,426,188,232,51
911,427,189,233,53
912,427,181,230,29
913,427,181,230,29
914,427,181,230,29
915,427,189,233,53
911,428,189,233,53
912,428,181,230,29
913,428,181,230,29
914,428,181,230,29
915,428,189,233,53
911,429,189,233,53
912,429,181,230,29
913,429,181,230,29
914,429,181,230,29
915,429,189,233,53
911,430,189,233,53
912,430,181,230,29
913,430,181,230,29
914,430,181,230,29
915,430,189,233,53
911,431,188,232,51
912,431,181,230,29
913,431,181,230,29
914,431,182,230,32
915,431,195,235,72
910,432,195,235,72
911,432,182,230,32
912,432,181,230,29
913,432,181,230,29
914,432,188,232,51
910,433,189,233,53
911,433,181,230,29
912,433,181,230,29
913,433,181,230,29
914,433,189,233,53
910,434,189,233,53
911,434,181,230,29
912,434,181,230,29
913,434,181,230,29
914,434,189,233,53
910,435,189,233,53
911,435,181,230,29
912,435,181,230,29
913,435,181,230,29
914,435,189,233,53
910,436,188,232,51
911,436,181,230,29
912,436,181,230,29
913,436,181,230,29
914,436,189,233,53
909,437,195,235,72
910,437,182,230,32
911,437,181,230,29
912,437,181,230,29
913,437,182,230,32
914,437,195,235,72
909,438,189,233,53
910,438,181,230,29
911,438,181,230,29
912,438,181,230,29
913,438,188,232,51
909,439,189,233,53
910,439,181,230,29
911,439,181,230,29
912,439,181,230,29
913,439,189,233,53
909,440,189,233,53
910,440,181,230,29
911,440,181,230,29
912,440,181,230,29
913,440,189,233,53
909,441,188,232,51
910,441,181,230,29
911,441,181,230,29
912,441,181,230,29
913,441,189,233,53
908,442,195,235,72
909,442,182,230,32
910,442,181,230,29
911,442,181,230,29
912,442,182,230,32
913,442,195,235,72
908,443,189,233,53
909,443,181,230,29
910,443,181,230,29
911,443,181,230,29
912,443,188,232,51
908,444,189,233,53
909,444,181,230,29
910,444,181,230,29
911,444,181,230,29
912,444,189,233,53
908,445,189,233,53
909,445,181,230,29
910,445,181,230,29
911,445,181,230,29
912,445,189,233,53
908,446,188,232,51
909,446,181,230,29
910,446,181,230,29
911,446,181,230,29
912,446,189,233,53
907,447,195,235,72
908,447,182,230,32
909,447,181,230,29
910,447,181,230,29
911,447,182,230,32
912,447,195,235,72
907,448,189,233,53
908,448,181,230,29
909,448,181,230,29
910,448,181,230,29
911,448,188,232,51
907,449,189,233,53
908,449,181,230,29
909,449,181,230,29
910,449,181,230,29
911,449,189,233,53
907,450,189,233,53
908,450,181,230,29
909,450,181,230,29
910,450,181,230,29
911,450,189,233,53
907,451,188,232,51
908,451,181,230,29
909,451,181,230,29
910,451,181,230,29
911,451,189,233,53
906,452,195,235,72
907,452,182,230,32
908,452,181,230,29
909,452,181,230,29
910,452,182,230,32
911,452,195,235,72
906,453,189,233,53
907,453,181,230,29
908,453,181,230,29
909,453,181,230,29
910,453,188,232,51
906,454,189,233,53
907,454,181,230,29
908,454,181,230,29
909,454,181,230,29
910,454,189,233,53
906,455,189,233,53
907,455,181,230,29
908,455,181,230,29
909,455,181,230,29
910,455,189,233,53
906,456,188,232,51
907,456,181,230,29
908,456,181,230,29
909,456,181,230,29
910,456,189,233,53
905,457,195,235,72
906,457,182,230,32
907,457,181,230,29
908,457,181,230,29
909,457,182,230,32
910,457,195,235,72
905,458,189,233,53
906,458,181,230,29
907,458,181,230,29
908,458,181,230,29
909,458,188,232,51
905,459,189,233,53
906,459,181,230,29
907,459,181,230,29
908,459,181,230,29
909,459,189,233,53
905,460,188,232,51
906,460,181,230,29
907,460,181,230,29
908,460,181,230,29
909,460,189,233,53
904,461,195,235,72
905,461,182,230,32
906,461,181,230,29
907,461,181,230,29
908,461,182,230,32
909,461,195,235,72
904,462,189,233,53
905,462,181,230,29
906,462,181,230,29
907,462,181,230,29
908,462,188,232,51
904,463,189,233,53
905,463,181,230,29
906,463,181,230,29
907,463,181,230,29
908,463,189,233,53
904,464,188,232,51
905,464,181,230,29
906,464,181,230,29
907,464,181,230,29
908,464,189,233,53
903,465,195,235,72
904,465,182,230,32
905,465,181,230,29
906,465,181,230,29
907,465,182,230,32
908,465,195,235,72
903,466,189,233,53
904,466,181,230,29
905,466,181,230,29
906,466,181,230,29
907,466,188,232,51
903,467,189,233,53
904,467,181,230,29
905,467,181,230,29
906,467,181,230,29
907,467,189,233,53
903,468,189,233,53
904,468,181,230,29
905,468,181,230,29
906,468,181,230,29
907,468,189,233,53
903,469,188,232,51
904,469,181,230,29
905,469,181,230,29
906,469,182,230,32
907,469,195,235,72
902,470,195,235,72
903,470,182,230,32
904,470,181,230,29
905,470,181,230,29
906,470,188,232,51
902,471,189,233,53
903,471,181,230,29
904,471,181,230,29
905,471,181,230,29
906,471,189,233,53
902,472,189,233,53
903,472,181,230,29
904,472,181,230,29
905,472,181,230,29
906,472,189,233,53
902,473,188,232,51
903,473,181,230,29
904,473,181,230,29
905,473,182,230,32
906,473,195,235,72
901,474,195,235,72
902,474,182,230,32
903,474,181,230,29
904,474,181,230,29
905,474,188,232,51
901,475,189,233,53
902,475,181,230,29
903,475,181,230,29
904,475,181,230,29
905,475,189,233,53
901,476,189,233,53
902,476,181,230,29
903,476,181,230,29
904,476,181,230,29
905,476,189,233,53
901,477,188,232,51
902,477,181,230,29
903,477,181,230,29
904,477,182,230,32
905,477,195,235,72
900,478,195,235,72
901,478,182,230,32
902,478,181,230,29
903,478,181,230,29
904,478,188,232,51
900,479,189,233,53
901,479,181,230,29
902,479,181,230,29
903,479,181,230,29
904,479,189,233,53
900,480,189,233,53
901,480,181,230,29
902,480,181,230,29
903,480,181,230,29
904,480,189,233,53
900,481,188,232,51
901,481,181,230,29
902,481,181,230,29
903,481,182,230,32
904,481,195,235,72
899,482,195,235,72
900,482,182,230,32
901,482,181,230,29
902,482,181,230,29
903,482,188,232,51
899,483,189,233,53
900,483,181,230,29
901,483,181,230,29
902,483,181,230,29
903,483,189,233,53
899,484,188,232,51
900,484,181,230,29
901,484,181,230,29
902,484,181,230,29
903,484,189,233,53
898,485,195,235,72
899,485,182,230,32
900,485,181,230,29
901,485,181,230,29
902,485,182,230,32
903,485,195,235,72
898,486,189,233,53
899,486,181,230,29
900,486,181,230,29
901,486,181,230,29
902,486,188,232,51
898,487,189,233,53
899,487,181,230,29
900,487,181,230,29
901,487,181,230,29
902,487,189,233,53
898,488,188,232,51
899,488,181,230,29
900,488,181,230,29
901,488,181,230,29
902,488,189,233,53
897,489,195,235,72
898,489,182,230,32
899,489,181,230,29
900,489,181,230,29
901,489,182,230,32
902,489,195,235,72
897,490,189,233,53
898,490,181,230,29
899,490,181,230,29
900,490,181,230,29
901,490,188,232,51
897,491,189,233,53
898,491,181,230,29
899,491,181,230,29
900,491,181,230,29
901,491,189,233,53
897,492,188,232,51
898,492,181,230,29
899,492,181,230,29
900,492,182,230,32
901,492,195,235,72
896,493,195,235,72
897,493,182,230,32
898,493,181,230,29
899,493,181,230,29
900,493,188,232,51
896,494,189,233,53
897,494,181,230,29
898,494,181,230,29
899,494,181,230,29
900,494,189,233,53
896,495,188,232,51
897,495,181,230,29
898,495,181,230,29
899,495,181,230,29
900,495,189,233,53
895,496,195,235,72
896,496,182,230,32
897,496,181,230,29
898,496,181,230,29
899,496,182,230,32
900,496,195,235,72
895,497,189,233,53
896,497,181,230,29
897,497,181,230,29
898,497,181,230,29
899,497,188,232,51
895,498,189,233,53
896,498,181,230,29
897,498,181,230,29
898,498,181,230,29
899,498,189,233,53
895,499,188,232,51
896,499,181,230,29
897,499,181,230,29
898,499,182,230,32
899,499,195,235,72
894,500,195,235,72
895,500,182,230,32
896,500,181,230,29
897,500,181,230,29
898,500,188,232,51
894,501,189,233,53
895,501,181,230,29
896,501,181,230,29
897,501,181,230,29
898,501,189,233,53
894,502,188,232,51
895,502,181,230,29
896,502,181,230,29
897,502,181,230,29
898,502,189,233,53
893,503,195,235,72
894,503,182,230,32
895,503,181,230,29
896,503,181,230,29
897,503,182,230,32
898,503,195,235,72
893,504,189,233,53
894,504,181,230,29
895,504,181,230,29
896,504,181,230,29
897,504,188,232,51
893,505,189,233,53
894,505,181,230,29
895,505,181,230,29
896,505,181,230,29
897,505,189,233,53
893,506,188,232,51
894,506,181,230,29
895,506,181,230,29
896,506,182,230,32
897,506,195,235,72
892,507,195,235,72
893,507,182,230,32
894,507,181,230,29
895,507,181,230,29
896,507,188,232,51
892,508,189,233,53
893,508,181,230,29
894,508,181,230,29
895,508,181,230,29
896,508,189,233,53
892,509,188,232,51
893,509,181,230,29
894,509,181,230,29
895,509,181,230,29
896,509,189,233,53
891,510,195,235,72
892,510,182,230,32
893,510,181,230,29
894,510,181,230,29
895,510,182,230,32
896,510,195,235,72
891,511,189,233,53
892,511,181,230,29
893,511,181,230,29
894,511,181,230,29
895,511,188,232,51
891,512,188,232,51
892,512,181,230,29
893,512,181,230,29
894,512,181,230,29
895,512,189,233,53
890,513,195,235,72
891,513,182,230,32
892,513,181,230,29
893,513,181,230,29
894,513,182,230,32
895,513,195,235,72
890,514,189,233,53
891,514,181,230,29
892,514,181,230,29
893,514,181,230,29
894,514,188,232,51
890,515,189,233,53
891,515,181,230,29
892,515,181,230,29
893,515,181,230,29
894,515,189,233,53
890,516,188,232,51
891,516,181,230,29
892,516,181,230,29
893,516,182,230,32
894,516,195,235,72
889,517,195,235,72
890,517,182,230,32
891,517,181,230,29
892,517,181,230,29
893,517,188,232,51
889,518,189,233,53
890,518,181,230,29
891,518,181,230,29
892,518,181,230,29
893,518,189,233,53
889,519,188,232,51
890,519,181,230,29
891,519,181,230,29
892,519,181,230,29
893,519,189,233,53
888,520,195,235,72
889,520,182,230,32
890,520,181,230,29
891,520,181,230,29
892,520,182,230,32
893,520,195,235,72
888,521,189,233,53
889,521,181,230,29
890,521,181,230,29
891,521,181,230,29
892,521,188,232,51
888,522,188,232,51
889,522,181,230,29
890,522,181,230,29
891,522,181,230,29
892,522,189,233,53
887,523,195,235,72
888,523,182,230,32
889,523,181,230,29
890,523,181,230,29
891,523,182,230,32
892,523,195,235,72
887,524,189,233,53
888,524,181,230,29
889,524,181,230,29
890,524,181,230,29
891,524,188,232,51
887,525,188,232,51
888,525,181,230,29
889,525,181,230,29
890,525,181,230,29
891,525,189,233,53
886,526,195,235,72
887,526,182,230,32
888,526,181,230,29
889,526,181,230,29
890,526,182,230,32
891,526,195,235,72
886,527,189,233,53
887,527,181,230,29
888,527,181,230,29
889,527,181,230,29
890,527,188,232,51
886,528,188,232,51
887,528,181,230,29
888,528,181,230,29
889,528,181,230,29
890,528,189,233,53
885,529,195,235,72
886,529,182,230,32
887,529,181,230,29
888,529,181,230,29
889,529,182,230,32
890,529,195,235,72
885,530,189,233,53
886,530,181,230,29
887,530,181,230,29
888,530,181,230,29
889,530,188,232,51
885,531,188,232,51
886,531,181,230,29
887,531,181,230,29
888,531,181,230,29
889,531,189,233,53
884,532,195,235,72
885,532,182,230,32
886,532,181,230,29
887,532,181,230,29
888,532,182,230,32
889,532,195,235,72
884,533,189,233,53
885,533,181,230,29
886,533,181,230,29
887,533,181,230,29
888,533,188,232,51
884,534,188,232,51
885,534,181,230,29
886,534,181,230,29
887,534,181,230,29
888,534,189,233,53
883,535,195,235,72
884,535,182,230,32
885,535,181,230,29
886,535,181,230,29
887,535,182,230,32
888,535,195,235,72
883,536,189,233,53
884,536,181,230,29
885,536,181,230,29
886,536,181,230,29
887,536,188,232,51
883,537,188,232,51
884,537,181,230,29
885,537,181,230,29
886,537,181,230,29
887,537,189,233,53
882,538,195,235,72
883,538,182,230,32
884,538,181,230,29
885,538,181,230,29
886,538,182,230,32
887,538,195,235,72
882,539,189,233,53
883,539,181,230,29
884,539,181,230,29
885,539,181,230,29
886,539,188,232,51
882,540,188,232,51
883,540,181,230,29
884,540,181,230,29
885,540,181,230,29
886,540,189,233,53
881,541,195,235,72
882,541,182,230,32
883,541,181,230,29
884,541,181,230,29
885,541,182,230,32
886,541,195,235,72
881,542,189,233,53
882,542,181,230,29
883,542,181,230,29
884,542,181,230,29
885,542,188,232,51
881,543,188,232,51
882,543,181,230,29
883,543,181,230,29
884,543,181,230,29
885,543,189,233,53
880,544,195,235,72
881,544,182,230,32
882,544,181,230,29
883,544,181,230,29
884,544,182,230,32
885,544,195,235,72
880,545,189,233,53
881,545,181,230,29
882,545,181,230,29
883,545,181,230,29
884,545,188,232,51
880,546,188,232,51
881,546,181,230,29
882,546,181,230,29
883,546,181,230,29
884,546,189,233,53
879,547,195,235,72
880,547,182,230,32
881,547,181,230,29
882,547,181,230,29
883,547,182,230,32
884,547,195,235,72
879,548,189,233,53
880,548,181,230,29
881,548,181,230,29
882,548,181,230,29
883,548,188,232,51
879,549,188,232,51
880,549,181,230,29
881,549,181,230,29
882,549,181,230,29
883,549,189,233,53
878,550,195,235,72
879,550,182,230,32
880,550,181,230,29
881,550,181,230,29
882,550,182,230,32
883,550,195,235,72
878,551,189,233,53
879,551,181,230,29
880,551,181,230,29
881,551,181,230,29
882,551,188,232,51
878,552,188,232,51
879,552,181,230,29
880,552,181,230,29
881,552,181,230,29
882,552,189,233,53
877,553,195,235,72
878,553,182,230,32
879,553,181,230,29
880,553,181,230,29
881,553,182,230,32
882,553,195,235,72
877,554,189,233,53
878,554,181,230,29
879,554,181,230,29
880,554,181,230,29
881,554,188,232,51
877,555,188,232,51
878,555,181,230,29
879,555,181,230,29
880,555,181,230,29
881,555,189,233,53
876,556,195,235,72
877,556,182,230,32
878,556,181,230,29
879,556,181,230,29
880,556,182,230,32
881,556,195,235,72
876,557,189,233,53
877,557,181,230,29
878,557,181,230,29
879,557,181,230,29
880,557,188,232,51
876,558,188,232,51
877,558,181,230,29
878,558,181,230,29
879,558,181,230,29
880,558,189,233,53
875,559,195,235,72
876,559,182,230,32
877,559,181,230,29
878,559,181,230,29
879,559,182,230,32
880,559,195,235,72
875,560,189,233,53
876,560,181,230,29
877,560,181,230,29
878,560,181,230,29
879,560,188,232,51
875,561,188,232,51
876,561,181,230,29
877,561,181,230,29
878,561,181,230,29
879,561,189,233,53
874,562,195,235,72
875,562,182,230,32
876,562,181,230,29
877,562,181,230,29
878,562,182,230,32
879,562,195,235,72
874,563,189,233,53
875,563,181,230,29
876,563,181,230,29
877,563,181,230,29
878,563,188,232,51
874,564,188,232,51
875,564,181,230,29
876,564,181,230,29
877,564,181,230,29
878,564,189,233,53
873,565,195,235,72
874,565,182,230,32
875,565,181,230,29
876,565,181,230,29
877,565,182,230,32
878,565,195,235,72
873,566,189,233,53
874,566,181,230,29
875,566,181,230,29
876,566,181,230,29
877,566,188,232,51
873,567,188,232,51
874,567,181,230,29
875,567,181,230,29
876,567,182,230,32
877,567,195,235,72
872,568,195,235,72
873,568,182,230,32
874,568,181,230,29
875,568,181,230,29
876,568,188,232,51
872,569,189,233,53
873,569,181,230,29
874,569,181,230,29
875,569,181,230,29
876,569,189,233,53
872,570,188,232,51
873,570,181,230,29
874,570,181,230,29
875,570,182,230,32
876,570,195,235,72
871,571,195,235,72
872,571,182,230,32
873,571,181,230,29
874,571,181,230,29
875,571,188,232,51
871,572,188,232,51
872,572,181,230,29
873,572,181,230,29
874,572,181,230,29
875,572,189,233,53
870,573,195,235,72
871,573,182,230,32
872,573,181,230,29
873,573,181,230,29
874,573,182,230,32
875,573,195,235,72
870,574,189,233,53
871,574,181,230,29
872,574,181,230,29
873,574,181,230,29
874,574,188,232,51
870,575,188,232,51
871,575,181,230,29
872,575,181,230,29
873,575,181,230,29
874,575,189,233,53
869,576,195,235,72
870,576,182,230,32
871,576,181,230,29
872,576,181,230,29
873,576,182,230,32
874,576,195,235,72
869,577,189,233,53
870,577,181,230,29
871,577,181,230,29
872,577,181,230,29
873,577,188,232,51
869,578,188,232,51
870,578,181,230,29
871,578,181,230,29
872,578,181,230,29
873,578,189,233,53
868,579,195,235,72
869,579,182,230,32
870,579,181,230,29
871,579,181,230,29
872,579,182,230,32
873,579,195,235,72
868,580,189,233,53
869,580,181,230,29
870,580,181,230,29
871,580,181,230,29
872,580,188,232,51
868,581,188,232,51
869,581,181,230,29
870,581,181,230,29
871,581,181,230,29
872,581,189,233,53
867,582,195,235,72
868,582,182,230,32
869,582,181,230,29
870,582,181,230,29
871,582,182,230,32
872,582,195,235,72
867,583,189,233,53
868,583,181,230,29
869,583,181,230,29
870,583,181,230,29
871,583,188,232,51
867,584,188,232,51
868,584,181,230,29
869,584,181,230,29
870,584,182,230,32
871,584,195,235,72
866,585,195,235,72
867,585,182,230,32
868,585,181,230,29
869,585,181,230,29
870,585,188,232,51
866,586,188,232,51
867,586,181,230,29
868,586,181,230,29
869,586,181,230,29
870,586,189,233,53
865,587,195,235,72
866,587,182,230,32
867,587,181,230,29
868,587,181,230,29
869,587,182,230,32
870,587,195,235,72
865,588,189,233,53
866,588,181,230,29
867,588,181,230,29
868,588,181,230,29
869,588,188,232,51
865,589,188,232,51
866,589,181,230,29
867,589,181,230,29
868,589,181,230,29
869,589,189,233,53
864,590,195,235,72
865,590,182,230,32
866,590,181,230,29
867,590,181,230,29
868,590,182,230,32
869,590,195,235,72
864,591,189,233,53
865,591,181,230,29
866,591,181,230,29
867,591,181,230,29
868,591,188,232,51
864,592,188,232,51
865,592,181,230,29
866,592,181,230,29
867,592,181,230,29
868,592,189,233,53
863,593,195,235,72
864,593,182,230,32
865,593,181,230,29
866,593,181,230,29
867,593,182,230,32
868,593,195,235,72
863,594,189,233,53
864,594,181,230,29
865,594,181,230,29
866,594,181,230,29
867,594,188,232,51
863,595,188,232,51
864,595,181,230,29
865,595,181,230,29
866,595,181,230,29
867,595,189,233,53
862,596,195,235,72
863,596,182,230,32
864,596,181,230,29
865,596,181,230,29
866,596,182,230,32
867,596,195,235,72
862,597,188,232,51
863,597,181,230,29
864,597,181,230,29
865,597,181,230,29
866,597,188,232,51
861,598,195,235,72
862,598,182,230,32
863,598,181,230,29
864,598,181,230,29
865,598,182,230,32
866,598,195,235,72
861,599,189,233,53
862,599,181,230,29
863,599,181,230,29
864,599,181,230,29
865,599,188,232,51
861,600,188,232,51
862,600,181,230,29
863,600,181,230,29
864,600,181,230,29
865,600,189,233,53
860,601,195,235,72
861,601,182,230,32
862,601,181,230,29
863,601,181,230,29
864,601,182,230,32
865,601,195,235,72
860,602,189,233,53
861,602,181,230,29
862,602,181,230,29
863,602,181,230,29
864,602,188,232,51
860,603,188,232,51
861,603,181,230,29
862,603,181,230,29
863,603,181,230,29
864,603,189,233,53
859,604,195,235,72
860,604,182,230,32
861,604,181,230,29
862,604,181,230,29
863,604,182,230,32
864,604,195,235,72
859,605,189,233,53
860,605,181,230,29
861,605,181,230,29
862,605,181,230,29
863,605,188,232,51
859,606,188,232,51
860,606,181,230,29
861,606,181,230,29
862,606,182,230,32
863,606,195,235,72
858,607,195,235,72
859,607,182,230,32
860,607,181,230,29
861,607,181,230,29
862,607,188,232,51
858,608,188,232,51
859,608,181,230,29
860,608,181,230,29
861,608,181,230,29
862,608,189,233,53
857,609,195,235,72
858,609,182,230,32
859,609,181,230,29
860,609,181,230,29
861,609,182,230,32
862,609,195,235,72
857,610,189,233,53
858,610,181,230,29
859,610,181,230,29
860,610,181,230,29
861,610,188,232,51
857,611,188,232,51
858,611,181,230,29
859,611,181,230,29
860,611,181,230,29
861,611,189,233,53
856,612,195,235,72
857,612,182,230,32
858,612,181,230,29
859,612,181,230,29
860,612,182,230,32
861,612,195,235,72
856,613,189,233,53
857,613,181,230,29
858,613,181,230,29
859,613,181,230,29
860,613,188,232,51
856,614,188,232,51
857,614,181,230,29
858,614,181,230,29
859,614,181,230,29
860,614,189,233,53
855,615,195,235,72
856,615,182,230,32
857,615,181,230,29
858,615,181,230,29
859,615,182,230,32
860,615,195,235,72
855,616,188,232,51
856,616,181,230,29
857,616,181,230,29
858,616,181,230,29
859,616,188,232,51
854,617,195,235,72
855,617,182,230,32
856,617,181,230,29
857,617,181,230,29
858,617,182,230,32
859,617,195,235,72
854,618,189,233,53
855,618,181,230,29
856,618,181,230,29
857,618,181,230,29
858,618,188,232,51
854,619,188,232,51
855,619,181,230,29
856,619,181,230,29
857,619,181,230,29
858,619,189,233,53
853,620,195,235,72
854,620,182,230,32
855,620,181,230,29
856,620,181,230,29
857,620,182,230,32
858,620,195,235,72
853,621,189,233,53
854,621,181,230,29
855,621,181,230,29
856,621,181,230,29
857,621,188,232,51
853,622,188,232,51
854,622,181,230,29
855,622,181,230,29
856,622,181,230,29
857,622,189,233,53
852,623,195,235,72
853,623,182,230,32
854,623,181,230,29
855,623,181,230,29
856,623,182,230,32
857,623,195,235,72
852,624,188,232,51
853,624,181,230,29
854,624,181,230,29
855,624,181,230,29
856,624,188,232,51
851,625,195,235,72
852,625,182,230,32
853,625,181,230,29
854,625,181,230,29
855,625,182,230,32
856,625,195,235,72
851,626,189,233,53
852,626,181,230,29
853,626,181,230,29
854,626,181,230,29
855,626,188,232,51
851,627,188,232,51
852,627,181,230,29
853,627,181,230,29
854,627,181,230,29
855,627,189,233,53
850,628,195,235,72
851,628,182,230,32
852,628,181,230,29
853,628,181,230,29
854,628,182,230,32
855,628,195,235,72
850,629,189,233,53
851,629,181,230,29
852,629,181,230,29
853,629,181,230,29
854,629,188,232,51
850,630,188,232,51
851,630,181,230,29
852,630,181,230,29
853,630,181,230,29
854,630,189,233,53
849,631,195,235,72
850,631,182,230,32
851,631,181,230,29
852,631,181,230,29
853,631,182,230,32
854,631,195,235,72
849,632,188,232,51
850,632,181,230,29
851,632,181,230,29
852,632,181,230,29
853,632,188,232,51
848,633,195,235,72
849,633,182,230,32
850,633,181,230,29
851,633,181,230,29
852,633,182,230,32
853,633,195,235,72
848,634,189,233,53
849,634,181,230,29
850,634,181,230,29
851,634,181,230,29
852,634,188,232,51
848,635,188,232,51
849,635,181,230,29
850,635,181,230,29
851,635,181,230,29
852,635,189,233,53
847,636,195,235,72
848,636,182,230,32
849,636,181,230,29
850,636,181,230,29
851,636,182,230,32
852,636,195,235,72
847,637,189,233,53
848,637,181,230,29
849,637,181,230,29
850,637,181,230,29
851,637,188,232,51
847,638,188,232,51
848,638,181,230,29
849,638,181,230,29
850,638,181,230,29
851,638,189,233,53
846,639,195,235,72
847,639,182,230,32
848,639,181,230,29
849,639,181,230,29
850,639,182,230,32
851,639,195,235,72
846,640,188,232,51
847,640,181,230,29
848,640,181,230,29
849,640,181,230,29
850,640,188,232,51
845,641,195,235,72
846,641,182,230,32
847,641,181,230,29
848,641,181,230,29
849,641,182,230,32
850,641,195,235,72
845,642,189,233,53
846,642,181,230,29
847,642,181,230,29
848,642,181,230,29
849,642,188,232,51
845,643,188,232,51
846,643,181,230,29
847,643,181,230,29
848,643,181,230,29
849,643,189,233,53
844,644,195,235,72
845,644,182,230,32
846,644,181,230,29
847,644,181,230,29
848,644,182,230,32
849,644,195,235,72
844,645,189,233,53
845,645,181,230,29
846,645,181,230,29
847,645,181,230,29
848,645,188,232,51
844,646,188,232,51
845,646,181,230,29
846,646,181,230,29
847,646,181,230,29
848,646,189,233,53
843,647,195,235,72
844,647,182,230,32
845,647,181,230,29
846,647,181,230,29
847,647,182,230,32
848,647,195,235,72
843,648,188,232,51
844,648,181,230,29
845,648,181,230,29
846,648,181,230,29
847,648,188,232,51
842,649,195,235,72
843,649,182,230,32
844,649,181,230,29
845,649,181,230,29
846,649,182,230,32
847,649,195,235,72
842,650,189,233,53
843,650,181,230,29
844,650,181,230,29
845,650,181,230,29
846,650,188,232,51
842,651,188,232,51
843,651,181,230,29
844,651,181,230,29
845,651,181,230,29
846,651,189,233,53
841,652,195,235,72
842,652,182,230,32
843,652,181,230,29
844,652,181,230,29
845,652,182,230,32
846,652,195,235,72
841,653,189,233,53
842,653,181,230,29
843,653,181,230,29
844,653,181,230,29
845,653,188,232,51
841,654,188,232,51
842,654,181,230,29
843,654,181,230,29
844,654,181,230,29
845,654,189,233,53
840,655,195,235,72
841,655,182,230,32
842,655,181,230,29
843,655,181,230,29
844,655,182,230,32
845,655,195,235,72
840,656,188,232,51
841,656,181,230,29
842,656,181,230,29
843,656,181,230,29
844,656,188,232,51
839,657,195,235,72
840,657,182,230,32
841,657,181,230,29
842,657,181,230,29
843,657,182,230,32
844,657,195,235,72
839,658,189,233,53
840,658,181,230,29
841,658,181,230,29
842,658,181,230,29
843,658,188,232,51
839,659,188,232,51
840,659,181,230,29
841,659,181,230,29
842,659,181,230,29
843,659,189,233,53
838,660,195,235,72
839,660,182,230,32
840,660,181,230,29
841,660,181,230,29
842,660,182,230,32
843,660,195,235,72
838,661,189,233,53
839,661,181,230,29
840,661,181,230,29
841,661,181,230,29
842,661,188,232,51
838,662,188,232,51
839,662,181,230,29
840,662,181,230,29
841,662,181,230,29
842,662,189,233,53
837,663,195,235,72
838,663,182,230,32
839,663,181,230,29
840,663,181,230,29
841,663,182,230,32
842,663,195,235,72
837,664,188,232,51
838,664,181,230,29
839,664,181,230,29
840,664,181,230,29
841,664,188,232,51
836,665,195,235,72
837,665,182,230,32
838,665,181,230,29
839,665,181,230,29
840,665,182,230,32
841,665,195,235,72
836,666,189,233,53
837,666,181,230,29
838,666,181,230,29
839,666,181,230,29
840,666,188,232,51
836,667,188,232,51
837,667,181,230,29
838,667,181,230,29
839,667,181,230,29
840,667,189,233,53
835,668,195,235,72
836,668,182,230,32
837,668,181,230,29
838,668,181,230,29
839,668,182,230,32
840,668,195,235,72
835,669,188,232,51
836,669,181,230,29
837,669,181,230,29
838,669,181,230,29
839,669,188,232,51
834,670,195,235,72
835,670,182,230,32
836,670,181,230,29
837,670,181,230,29
838,670,182,230,32
839,670,195,235,72
834,671,189,233,53
835,671,181,230,29
836,671,181,230,29
837,671,181,230,29
838,671,188,232,51
834,672,188,232,51
835,672,181,230,29
836,672,181,230,29
837,672,181,230,29
838,672,189,233,53
833,673,195,235,72
834,673,182,230,32
835,673,181,230,29
836,673,181,230,29
837,673,182,230,32
838,673,195,235,72
833,674,189,233,53
834,674,181,230,29
835,674,181,230,29
836,674,181,230,29
837,674,188,232,51
833,675,188,232,51
834,675,181,230,29
835,675,181,230,29
836,675,181,230,29
837,675,189,233,53
832,676,195,235,72
833,676,182,230,32
834,676,181,230,29
835,676,181,230,29
836,676,182,230,32
837,676,195,235,72
832,677,188,232,51
833,677,181,230,29
834,677,181,230,29
835,677,181,230,29
836,677,188,232,51
831,678,195,235,72
832,678,182,230,32
833,678,181,230,29
834,678,181,230,29
835,678,182,230,32
836,678,195,235,72
831,679,189,233,53
832,679,181,230,29
833,679,181,230,29
834,679,181,230,29
835,679,188,232,51
831,680,188,232,51
832,680,181,230,29
833,680,181,230,29
834,680,181,230,29
835,680,189,233,53
830,681,195,235,72
831,681,182,230,32
832,681,181,230,29
833,681,181,230,29
834,681,182,230,32
835,681,195,235,72
830,682,189,233,53
831,682,181,230,29
832,682,181,230,29
833,682,181,230,29
834,682,188,232,51
830,683,188,232,51
831,683,181,230,29
832,683,181,230,29
833,683,181,230,29
834,683,189,233,53
829,684,195,235,72
830,684,182,230,32
831,684,181,230,29
832,684,181,230,29
833,684,182,230,32
834,684,195,235,72
829,685,188,232,51
830,685,181,230,29
831,685,181,230,29
832,685,181,230,29
833,685,188,232,51
828,686,195,235,72
829,686,182,230,32
830,686,181,230,29
831,686,181,230,29
832,686,182,230,32
833,686,195,235,72
828,687,189,233,53
829,687,181,230,29
830,687,181,230,29
831,687,181,230,29
832,687,188,232,51
828,688,188,232,51
829,688,181,230,29
830,688,181,230,29
831,688,181,230,29
832,688,189,233,53
827,689,195,235,72
828,689,182,230,32
829,689,181,230,29
830,689,181,230,29
831,689,182,230,32
832,689,195,235,72
827,690,188,232,51
828,690,181,230,29
829,690,181,230,29
830,690,181,230,29
831,690,188,232,51
826,691,195,235,72
827,691,182,230,32
828,691,181,230,29
829,691,181,230,29
830,691,182,230,32
831,691,195,235,72
826,692,189,233,53
827,692,181,230,29
828,692,181,230,29
829,692,181,230,29
830,692,188,232,51
826,693,188,232,51
827,693,181,230,29
828,693,181,230,29
829,693,181,230,29
830,693,189,233,53
825,694,195,235,72
826,694,182,230,32
827,694,181,230,29
828,694,181,230,29
829,694,182,230,32
830,694,195,235,72
825,695,189,233,53
826,695,181,230,29
827,695,181,230,29
828,695,181,230,29
829,695,188,232,51
825,696,188,232,51
826,696,181,230,29
827,696,181,230,29
828,696,181,230,29
829,696,189,233,53
824,697,195,235,72
825,697,182,230,32
826,697,181,230,29
827,697,181,230,29
828,697,182,230,32
829,697,195,235,72
824,698,188,232,51
825,698,181,230,29
826,698,181,230,29
827,698,181,230,29
828,698,188,232,51
823,699,195,235,72
824,699,182,230,32
825,699,181,230,29
826,699,181,230,29
827,699,182,230,32
828,699,195,235,72
823,700,189,233,53
824,700,181,230,29
825,700,181,230,29
826,700,181,230,29
827,700,188,232,51
823,701,188,232,51
824,701,181,230,29
825,701,181,230,29
826,701,181,230,29
827,701,189,233,53
822,702,195,235,72
823,702,182,230,32
824,702,181,230,29
825,702,181,230,29
826,702,182,230,32
827,702,195,235,72
822,703,189,233,53
823,703,181,230,29
824,703,181,230,29
825,703,181,230,29
826,703,188,232,51
822,704,188,232,51
823,704,181,230,29
824,704,181,230,29
825,704,181,230,29
826,704,189,233,53
821,705,195,235,72
822,705,182,230,32
823,705,181,230,29
824,705,181,230,29
825,705,182,230,32
826,705,195,235,72
821,706,188,232,51
822,706,181,230,29
823,706,181,230,29
824,706,181,230,29
825,706,188,232,51
820,707,195,235,72
821,707,182,230,32
822,707,181,230,29
823,707,181,230,29
824,707,182,230,32
825,707,195,235,72
820,708,189,233,53
821,708,181,230,29
822,708,181,230,29
823,708,181,230,29
824,708,188,232,51
820,709,188,232,51
821,709,181,230,29
822,709,181,230,29
823,709,181,230,29
824,709,189,233,53
819,710,195,235,72
820,710,182,230,32
821,710,181,230,29
822,710,181,230,29
823,710,182,230,32
824,710,195,235,72
819,711,189,233,53
820,711,181,230,29
821,711,181,230,29
822,711,181,230,29
823,711,188,232,51
819,712,195,235,72
820,712,182,230,32
821,712,181,230,29
822,712,182,230,32
823,712,195,235,72
820,713,195,235,72
821,713,189,233,53
822,713,195,235,72
