259,908,195,235,72
260,908,189,233,53
261,908,189,233,53
262,908,189,233,53
263,908,189,233,53
264,908,189,233,53
265,908,189,233,53
266,908,195,235,72
255,909,195,235,72
256,909,189,233,53
257,909,189,233,53
258,909,188,232,51
259,909,182,230,32
260,909,181,230,29
261,909,181,230,29
262,909,181,230,29
263,909,181,230,29
264,909,181,230,29
265,909,181,230,29
266,909,182,230,32
267,909,188,232,51
268,909,189,233,53
269,909,189,233,53
270,909,195,235,72
253,910,195,235,72
254,910,188,232,51
255,910,182,230,32
256,910,181,230,29
257,910,181,230,29
258,910,181,230,29
259,910,181,230,29
260,910,181,230,29
261,910,181,230,29
262,910,181,230,29
263,910,181,230,29
264,910,181,230,29
265,910,181,230,29
266,910,181,230,29
267,910,181,230,29
268,910,181,230,29
269,910,181,230,29
270,910,182,230,32
271,910,188,232,51
272,910,195,235,72
251,911,195,235,72
252,911,188,232,51
253,911,182,230,32
254,911,181,230,29
255,911,181,230,29
256,911,181,230,29
257,911,181,230,29
258,911,181,230,29
259,911,181,230,29
260,911,181,230,29
261,911,181,230,29
262,911,181,230,29
263,911,181,230,29
264,911,181,230,29
265,911,181,230,29
266,911,181,230,29
267,911,181,230,29
268,911,181,230,29
269,911,181,230,29
270,911,181,230,29
271,911,181,230,29
272,911,182,230,32
273,911,188,232,51
274,911,195,235,72
250,912,194,234,69
251,912,182,230,32
252,912,181,230,29
253,912,181,230,29
254,912,181,230,29
255,912,181,230,29
256,912,181,230,29
257,912,181,230,29
258,912,181,230,29
259,912,181,230,29
260,912,181,230,29
261,912,181,230,29
262,912,181,230,29
263,912,181,230,29
264,912,181,230,29
265,912,181,230,29
266,912,181,230,29
267,912,181,230,29
268,912,181,230,29
269,912,181,230,29
270,912,181,230,29
271,912,181,230,29
272,912,181,230,29
273,912,181,230,29
274,912,182,230,32
275,912,194,234,69
248,913,195,235,72
249,913,188,232,51
250,913,182,230,32
251,913,181,230,29
252,913,181,230,29
253,913,181,230,29
254,913,181,230,29
255,913,181,230,29
256,913,181,230,29
257,913,181,230,29
258,913,181,230,29
259,913,181,230,29
260,913,181,230,29
261,913,181,230,29
262,913,181,230,29
263,913,181,230,29
264,913,181,230,29
265,913,181,230,29
266,913,181,230,29
267,913,181,230,29
268,913,181,230,29
269,913,181,230,29
270,913,181,230,29
271,913,181,230,29
272,913,181,230,29
273,913,181,230,29
274,913,181,230,29
275,913,182,230,32
276,913,188,232,51
277,913,195,235,72
247,914,194,234,69
248,914,182,230,32
249,914,181,230,29
250,914,181,230,29
251,914,181,230,29
252,914,181,230,29
253,914,181,230,29
254,914,181,230,29
255,914,181,230,29
256,914,181,230,29
257,914,181,230,29
258,914,181,230,29
259,914,181,230,29
260,914,181,230,29
261,914,181,230,29
262,914,181,230,29
263,914,181,230,29
264,914,181,230,29
265,914,181,230,29
266,914,181,230,29
267,914,181,230,29
268,914,181,230,29
269,914,181,230,29
270,914,181,230,29
271,914,181,230,29
272,914,181,230,29
273,914,181,230,29
274,914,181,230,29
275,914,181,230,29
276,914,181,230,29
277,914,182,230,32
278,914,194,234,69
246,915,194,234,69
247,915,182,230,32
248,915,181,230,29
249,915,181,230,29
250,915,181,230,29
251,915,181,230,29
252,915,181,230,29
253,915,181,230,29
254,915,181,230,29
255,915,181,230,29
256,915,181,230,29
257,915,181,230,29
258,915,181,230,29
259,915,181,230,29
260,915,181,230,29
261,915,181,230,29
262,915,181,230,29
263,915,181,230,29
264,915,181,230,29
265,915,181,230,29
266,915,181,230,29
267,915,181,230,29
268,915,181,230,29
269,915,181,230,29
270,915,181,230,29
271,915,181,230,29
272,915,181,230,29
273,915,181,230,29
274,915,181,230,29
275,915,181,230,29
276,915,181,230,29
277,915,181,230,29
278,915,182,230,32
279,915,194,234,69
245,916,194,234,69
246,916,182,230,32
247,916,181,230,29
248,916,181,230,29
249,916,181,230,29
250,916,181,230,29
251,916,181,230,29
252,916,181,230,29
253,916,181,230,29
254,916,181,230,29
255,916,181,230,29
256,916,181,230,29
257,916,181,230,29
258,916,181,230,29
259,916,181,230,29
260,916,181,230,29
261,916,181,230,29
262,916,181,230,29
263,916,181,230,29
264,916,181,230,29
265,916,181,230,29
266,916,181,230,29
267,916,181,230,29
268,916,181,230,29
269,916,181,230,29
270,916,181,230,29
271,916,181,230,29
272,916,181,230,29
273,916,181,230,29
274,916,181,230,29
275,916,181,230,29
276,916,181,230,29
277,916,181,230,29
278,916,181,230,29
279,916,182,230,32
280,916,194,234,69
244,917,194,234,69
245,917,182,230,32
246,917,181,230,29
247,917,181,230,29
248,917,181,230,29
249,917,181,230,29
250,917,181,230,29
251,917,181,230,29
252,917,181,230,29
253,917,181,230,29
254,917,181,230,29
255,917,181,230,29
256,917,181,230,29
257,917,181,230,29
258,917,181,230,29
259,917,181,230,29
260,917,181,230,29
261,917,181,230,29
262,917,181,230,29
263,917,181,230,29
264,917,181,230,29
265,917,181,230,29
266,917,181,230,29
267,917,181,230,29
268,917,181,230,29
269,917,181,230,29
270,917,181,230,29
271,917,181,230,29
272,917,181,230,29
273,917,181,230,29
274,917,181,230,29
275,917,181,230,29
276,917,181,230,29
277,917,181,230,29
278,917,181,230,29
279,917,181,230,29
280,917,182,230,32
281,917,194,234,69
243,918,195,235,72
244,918,182,230,32
245,918,181,230,29
246,918,181,230,29
247,918,181,230,29
248,918,181,230,29
249,918,181,230,29
250,918,181,230,29
251,918,181,230,29
252,918,181,230,29
253,918,181,230,29
254,918,181,230,29
255,918,181,230,29
256,918,181,230,29
257,918,181,230,29
258,918,181,230,29
259,918,181,230,29
260,918,181,230,29
261,918,181,230,29
262,918,181,230,29
263,918,181,230,29
264,918,181,230,29
265,918,181,230,29
266,918,181,230,29
267,918,181,230,29
268,918,181,230,29
269,918,181,230,29
270,918,181,230,29
271,918,181,230,29
272,918,181,230,29
273,918,181,230,29
274,918,181,230,29
275,918,181,230,29
276,918,181,230,29
277,918,181,230,29
278,918,181,230,29
279,918,181,230,29
280,918,181,230,29
281,918,182,230,32
282,918,195,235,72
243,919,188,232,51
244,919,181,230,29
245,919,181,230,29
246,919,181,230,29
247,919,181,230,29
248,919,181,230,29
249,919,181,230,29
250,919,181,230,29
251,919,181,230,29
252,919,181,230,29
253,919,181,230,29
254,919,181,230,29
255,919,181,230,29
256,919,181,230,29
257,919,181,230,29
258,919,181,230,29
259,919,181,230,29
260,919,181,230,29
261,919,181,230,29
262,919,181,230,29
263,919,181,230,29
264,919,181,230,29
265,919,181,230,29
266,919,181,230,29
267,919,181,230,29
268,919,181,230,29
269,919,181,230,29
270,919,181,230,29
271,919,181,230,29
272,919,181,230,29
273,919,181,230,29
274,919,181,230,29
275,919,181,230,29
276,919,181,230,29
277,919,181,230,29
278,919,181,230,29
279,919,181,230,29
280,919,181,230,29
281,919,181,230,29
282,919,188,232,51
242,920,194,234,69
243,920,182,230,32
244,920,181,230,29
245,920,181,230,29
246,920,181,230,29
247,920,181,230,29
248,920,181,230,29
249,920,181,230,29
250,920,181,230,29
251,920,181,230,29
252,920,181,230,29
253,920,181,230,29
254,920,181,230,29
255,920,181,230,29
256,920,181,230,29
257,920,181,230,29
258,920,181,230,29
259,920,181,230,29
260,920,181,230,29
261,920,181,230,29
262,920,181,230,29
263,920,181,230,29
264,920,181,230,29
265,920,181,230,29
266,920,181,230,29
267,920,181,230,29
268,920,181,230,29
269,920,181,230,29
270,920,181,230,29
271,920,181,230,29
272,920,181,230,29
273,920,181,230,29
274,920,181,230,29
275,920,181,230,29
276,920,181,230,29
277,920,181,230,29
278,920,181,230,29
279,920,181,230,29
280,920,181,230,29
281,920,181,230,29
282,920,182,230,32
283,920,194,234,69
241,921,195,235,72
242,921,182,230,32
243,921,181,230,29
244,921,181,230,29
245,921,181,230,29
246,921,181,230,29
247,921,181,230,29
248,921,181,230,29
249,921,181,230,29
250,921,181,230,29
251,921,181,230,29
252,921,181,230,29
253,921,181,230,29
254,921,181,230,29
255,921,181,230,29
256,921,181,230,29
257,921,181,230,29
258,921,181,230,29
259,921,181,230,29
260,921,181,230,29
261,921,181,230,29
262,921,181,230,29
263,921,181,230,29
264,921,181,230,29
265,921,181,230,29
266,921,181,230,29
267,921,181,230,29
268,921,181,230,29
269,921,181,230,29
270,921,181,230,29
271,921,181,230,29
272,921,181,230,29
273,921,181,230,29
274,921,181,230,29
275,921,181,230,29
276,921,181,230,29
277,921,181,230,29
278,921,181,230,29
279,921,181,230,29
280,921,181,230,29
281,921,181,230,29
282,921,181,230,29
283,921,182,230,32
284,921,195,235,72
241,922,189,233,53
242,922,181,230,29
243,922,181,230,29
244,922,181,230,29
245,922,181,230,29
246,922,181,230,29
247,922,181,230,29
248,922,181,230,29
249,922,181,230,29
250,922,181,230,29
251,922,181,230,29
252,922,181,230,29
253,922,181,230,29
254,922,181,230,29
255,922,181,230,29
256,922,181,230,29
257,922,181,230,29
258,922,181,230,29
259,922,181,230,29
260,922,181,230,29
261,922,181,230,29
262,922,181,230,29
263,922,181,230,29
264,922,181,230,29
265,922,181,230,29
266,922,181,230,29
267,922,181,230,29
268,922,181,230,29
269,922,181,230,29
270,922,181,230,29
271,922,181,230,29
272,922,181,230,29
273,922,181,230,29
274,922,181,230,29
275,922,181,230,29
276,922,181,230,29
277,922,181,230,29
278,922,181,230,29
279,922,181,230,29
280,922,181,230,29
281,922,181,230,29
282,922,181,230,29
283,922,181,230,29
284,922,188,232,51
241,923,188,232,51
242,923,181,230,29
243,923,181,230,29
244,923,181,230,29
245,923,181,230,29
246,923,181,230,29
247,923,181,230,29
248,923,181,230,29
249,923,181,230,29
250,923,181,230,29
251,923,181,230,29
252,923,181,230,29
253,923,181,230,29
254,923,181,230,29
255,923,181,230,29
256,923,181,230,29
257,923,181,230,29
258,923,181,230,29
259,923,181,230,29
260,923,181,230,29
261,923,181,230,29
262,923,181,230,29
263,923,181,230,29
264,923,181,230,29
265,923,181,230,29
266,923,181,230,29
267,923,181,230,29
268,923,181,230,29
269,923,181,230,29
270,923,181,230,29
271,923,181,230,29
272,923,181,230,29
273,923,181,230,29
274,923,181,230,29
275,923,181,230,29
276,923,181,230,29
277,923,181,230,29
278,923,181,230,29
279,923,181,230,29
280,923,181,230,29
281,923,181,230,29
282,923,181,230,29
283,923,181,230,29
284,923,182,230,32
285,923,195,235,72
240,924,195,235,72
241,924,182,230,32
242,924,181,230,29
243,924,181,230,29
244,924,181,230,29
245,924,181,230,29
246,924,181,230,29
247,924,181,230,29
248,924,181,230,29
249,924,181,230,29
250,924,181,230,29
251,924,181,230,29
252,924,181,230,29
253,924,181,230,29
254,924,181,230,29
255,924,181,230,29
256,924,181,230,29
257,924,181,230,29
258,924,181,230,29
259,924,181,230,29
260,924,181,230,29
261,924,181,230,29
262,924,181,230,29
263,924,181,230,29
264,924,181,230,29
265,924,181,230,29
266,924,181,230,29
267,924,181,230,29
268,924,181,230,29
269,924,181,230,29
270,924,181,230,29
271,924,181,230,29
272,924,181,230,29
273,924,181,230,29
274,924,181,230,29
275,924,181,230,29
276,924,181,230,29
277,924,181,230,29
278,924,181,230,29
279,924,181,230,29
280,924,181,230,29
281,924,181,230,29
282,924,181,230,29
283,924,181,230,29
284,924,181,230,29
285,924,189,233,53
240,925,188,232,51
241,925,181,230,29
242,925,181,230,29
243,925,181,230,29
244,925,181,230,29
245,925,181,230,29
246,925,181,230,29
247,925,181,230,29
248,925,181,230,29
249,925,181,230,29
250,925,181,230,29
251,925,181,230,29
252,925,181,230,29
253,925,181,230,29
254,925,181,230,29
255,925,181,230,29
256,925,181,230,29
257,925,181,230,29
258,925,181,230,29
259,925,181,230,29
260,925,181,230,29
261,925,181,230,29
262,925,181,230,29
263,925,181,230,29
264,925,181,230,29
265,925,181,230,29
266,925,181,230,29
267,925,181,230,29
268,925,181,230,29
269,925,181,230,29
270,925,181,230,29
271,925,181,230,29
272,925,181,230,29
273,925,181,230,29
274,925,181,230,29
275,925,181,230,29
276,925,181,230,29
277,925,181,230,29
278,925,181,230,29
279,925,181,230,29
280,925,181,230,29
281,925,181,230,29
282,925,181,230,29
283,925,181,230,29
284,925,181,230,29
285,925,188,232,51
239,926,195,235,72
240,926,182,230,32
241,926,181,230,29
242,926,181,230,29
243,926,181,230,29
244,926,181,230,29
245,926,181,230,29
246,926,181,230,29
247,926,181,230,29
248,926,181,230,29
249,926,181,230,29
250,926,181,230,29
251,926,181,230,29
252,926,181,230,29
253,926,181,230,29
254,926,181,230,29
255,926,181,230,29
256,926,181,230,29
257,926,181,230,29
258,926,181,230,29
259,926,181,230,29
260,926,181,230,29
261,926,181,230,29
262,926,181,230,29
263,926,181,230,29
264,926,181,230,29
265,926,181,230,29
266,926,181,230,29
267,926,181,230,29
268,926,181,230,29
269,926,181,230,29
270,926,181,230,29
271,926,181,230,29
272,926,181,230,29
273,926,181,230,29
274,926,181,230,29
275,926,181,230,29
276,926,181,230,29
277,926,181,230,29
278,926,181,230,29
279,926,181,230,29
280,926,181,230,29
281,926,181,230,29
282,926,181,230,29
283,926,181,230,29
284,926,181,230,29
285,926,182,230,32
286,926,195,235,72
239,927,189,233,53
240,927,181,230,29
241,927,181,230,29
242,927,181,230,29
243,927,181,230,29
244,927,181,230,29
245,927,181,230,29
246,927,181,230,29
247,927,181,230,29
248,927,181,230,29
249,927,181,230,29
250,927,181,230,29
251,927,181,230,29
252,927,181,230,29
253,927,181,230,29
254,927,181,230,29
255,927,181,230,29
256,927,181,230,29
257,927,181,230,29
258,927,181,230,29
259,927,181,230,29
260,927,181,230,29
261,927,181,230,29
262,927,181,230,29
263,927,181,230,29
264,927,181,230,29
265,927,181,230,29
266,927,181,230,29
267,927,181,230,29
268,927,181,230,29
269,927,181,230,29
270,927,181,230,29
271,927,181,230,29
272,927,181,230,29
273,927,181,230,29
274,927,181,230,29
275,927,181,230,29
276,927,181,230,29
277,927,181,230,29
278,927,181,230,29
279,927,181,230,29
280,927,181,230,29
281,927,181,230,29
282,927,181,230,29
283,927,181,230,29
284,927,181,230,29
285,927,181,230,29
286,927,189,233,53
239,928,188,232,51
240,928,181,230,29
241,928,181,230,29
242,928,181,230,29
243,928,181,230,29
244,928,181,230,29
245,928,181,230,29
246,928,181,230,29
247,928,181,230,29
248,928,181,230,29
249,928,181,230,29
250,928,181,230,29
251,928,181,230,29
252,928,181,230,29
253,928,181,230,29
254,928,181,230,29
255,928,181,230,29
256,928,181,230,29
257,928,181,230,29
258,928,181,230,29
259,928,181,230,29
260,928,181,230,29
261,928,181,230,29
262,928,181,230,29
263,928,181,230,29
264,928,181,230,29
265,928,181,230,29
266,928,181,230,29
267,928,181,230,29
268,928,181,230,29
269,928,181,230,29
270,928,181,230,29
271,928,181,230,29
272,928,181,230,29
273,928,181,230,29
274,928,181,230,29
275,928,181,230,29
276,928,181,230,29
277,928,181,230,29
278,928,181,230,29
279,928,181,230,29
280,928,181,230,29
281,928,181,230,29
282,928,181,230,29
283,928,181,230,29
284,928,181,230,29
285,928,181,230,29
286,928,188,232,51
238,929,195,235,72
239,929,182,230,32
240,929,181,230,29
241,929,181,230,29
242,929,181,230,29
243,929,181,230,29
244,929,181,230,29
245,929,181,230,29
246,929,181,230,29
247,929,181,230,29
248,929,181,230,29
249,929,181,230,29
250,929,181,230,29
251,929,181,230,29
252,929,181,230,29
253,929,181,230,29
254,929,181,230,29
255,929,181,230,29
256,929,181,230,29
257,929,181,230,29
258,929,181,230,29
259,929,181,230,29
260,929,181,230,29
261,929,181,230,29
262,929,181,230,29
263,929,181,230,29
264,929,181,230,29
265,929,181,230,29
266,929,181,230,29
267,929,181,230,29
268,929,181,230,29
269,929,181,230,29
270,929,181,230,29
271,929,181,230,29
272,929,181,230,29
273,929,181,230,29
274,929,181,230,29
275,929,181,230,29
276,929,181,230,29
277,929,181,230,29
278,929,181,230,29
279,929,181,230,29
280,929,181,230,29
281,929,181,230,29
282,929,181,230,29
283,929,181,230,29
284,929,181,230,29
285,929,181,230,29
286,929,182,230,32
287,929,195,235,72
238,930,189,233,53
239,930,181,230,29
240,930,181,230,29
241,930,181,230,29
242,930,181,230,29
243,930,181,230,29
244,930,181,230,29
245,930,181,230,29
246,930,181,230,29
247,930,181,230,29
248,930,181,230,29
249,930,181,230,29
250,930,181,230,29
251,930,181,230,29
252,930,181,230,29
253,930,181,230,29
254,930,181,230,29
255,930,181,230,29
256,930,181,230,29
257,930,181,230,29
258,930,181,230,29
259,930,181,230,29
260,930,181,230,29
261,930,181,230,29
262,930,181,230,29
263,930,181,230,29
264,930,181,230,29
265,930,181,230,29
266,930,181,230,29
267,930,181,230,29
268,930,181,230,29
269,930,181,230,29
270,930,181,230,29
271,930,181,230,29
272,930,181,230,29
273,930,181,230,29
274,930,181,230,29
275,930,181,230,29
276,930,181,230,29
277,930,181,230,29
278,930,181,230,29
279,930,181,230,29
280,930,181,230,29
281,930,181,230,29
282,930,181,230,29
283,930,181,230,29
284,930,181,230,29
285,930,181,230,29
286,930,181,230,29
287,930,189,233,53
238,931,189,233,53
239,931,181,230,29
240,931,181,230,29
241,931,181,230,29
242,931,181,230,29
243,931,181,230,29
244,931,181,230,29
245,931,181,230,29
246,931,181,230,29
247,931,181,230,29
248,931,181,230,29
249,931,181,230,29
250,931,181,230,29
251,931,181,230,29
252,931,181,230,29
253,931,181,230,29
254,931,181,230,29
255,931,181,230,29
256,931,181,230,29
257,931,181,230,29
258,931,181,230,29
259,931,181,230,29
260,931,181,230,29
261,931,181,230,29
262,931,181,230,29
263,931,181,230,29
264,931,181,230,29
265,931,181,230,29
266,931,181,230,29
267,931,181,230,29
268,931,181,230,29
269,931,181,230,29
270,931,181,230,29
271,931,181,230,29
272,931,181,230,29
273,931,181,230,29
274,931,181,230,29
275,931,181,230,29
276,931,181,230,29
277,931,181,230,29
278,931,181,230,29
279,931,181,230,29
280,931,181,230,29
281,931,181,230,29
282,931,181,230,29
283,931,181,230,29
284,931,181,230,29
285,931,181,230,29
286,931,181,230,29
287,931,189,233,53
238,932,188,232,51
239,932,181,230,29
240,932,181,230,29
241,932,181,230,29
242,932,181,230,29
243,932,181,230,29
244,932,181,230,29
245,932,181,230,29
246,932,181,230,29
247,932,181,230,29
248,932,181,230,29
249,932,181,230,29
250,932,181,230,29
251,932,181,230,29
252,932,181,230,29
253,932,181,230,29
254,932,181,230,29
255,932,181,230,29
256,932,181,230,29
257,932,181,230,29
258,932,181,230,29
259,932,181,230,29
260,932,181,230,29
261,932,181,230,29
262,932,181,230,29
263,932,181,230,29
264,932,181,230,29
265,932,181,230,29
266,932,181,230,29
267,932,181,230,29
268,932,181,230,29
269,932,181,230,29
270,932,181,230,29
271,932,181,230,29
272,932,181,230,29
273,932,181,230,29
274,932,181,230,29
275,932,181,230,29
276,932,181,230,29
277,932,181,230,29
278,932,181,230,29
279,932,181,230,29
280,932,181,230,29
281,932,181,230,29
282,932,181,230,29
283,932,181,230,29
284,932,181,230,29
285,932,181,230,29
286,932,181,230,29
287,932,188,232,51
237,933,195,235,72
238,933,182,230,32
239,933,181,230,29
240,933,181,230,29
241,933,181,230,29
242,933,181,230,29
243,933,181,230,29
244,933,181,230,29
245,933,181,230,29
246,933,181,230,29
247,933,181,230,29
248,933,181,230,29
249,933,181,230,29
250,933,181,230,29
251,933,181,230,29
252,933,181,230,29
253,933,181,230,29
254,933,181,230,29
255,933,181,230,29
256,933,181,230,29
257,933,181,230,29
258,933,181,230,29
259,933,181,230,29
260,933,181,230,29
261,933,181,230,29
262,933,181,230,29
263,933,181,230,29
264,933,181,230,29
265,933,181,230,29
266,933,181,230,29
267,933,181,230,29
268,933,181,230,29
269,933,181,230,29
270,933,181,230,29
271,933,181,230,29
272,933,181,230,29
273,933,181,230,29
274,933,181,230,29
275,933,181,230,29
276,933,181,230,29
277,933,181,230,29
278,933,181,230,29
279,933,181,230,29
280,933,181,230,29
281,933,181,230,29
282,933,181,230,29
283,933,181,230,29
284,933,181,230,29
285,933,181,230,29
286,933,181,230,29
287,933,182,230,32
288,933,195,235,72
237,934,189,233,53
238,934,181,230,29
239,934,181,230,29
240,934,181,230,29
241,934,181,230,29
242,934,181,230,29
243,934,181,230,29
244,934,181,230,29
245,934,181,230,29
246,934,181,230,29
247,934,181,230,29
248,934,181,230,29
249,934,181,230,29
250,934,181,230,29
251,934,181,230,29
252,934,181,230,29
253,934,181,230,29
254,934,181,230,29
255,934,181,230,29
256,934,181,230,29
257,934,181,230,29
258,934,181,230,29
259,934,181,230,29
260,934,181,230,29
261,934,181,230,29
262,934,181,230,29
263,934,181,230,29
264,934,181,230,29
265,934,181,230,29
266,934,181,230,29
267,934,181,230,29
268,934,181,230,29
269,934,181,230,29
270,934,181,230,29
271,934,181,230,29
272,934,181,230,29
273,934,181,230,29
274,934,181,230,29
275,934,181,230,29
276,934,181,230,29
277,934,181,230,29
278,934,181,230,29
279,934,181,230,29
280,934,181,230,29
281,934,181,230,29
282,934,181,230,29
283,934,181,230,29
284,934,181,230,29
285,934,181,230,29
286,934,181,230,29
287,934,181,230,29
288,934,189,233,53
237,935,189,233,53
238,935,181,230,29
239,935,181,230,29
240,935,181,230,29
241,935,181,230,29
242,935,181,230,29
243,935,181,230,29
244,935,181,230,29
245,935,181,230,29
246,935,181,230,29
247,935,181,230,29
248,935,181,230,29
249,935,181,230,29
250,935,181,230,29
251,935,181,230,29
252,935,181,230,29
253,935,181,230,29
254,935,181,230,29
255,935,181,230,29
256,935,181,230,29
257,935,181,230,29
258,935,181,230,29
259,935,181,230,29
260,935,181,230,29
261,935,181,230,29
262,935,181,230,29
263,935,181,230,29
264,935,181,230,29
265,935,181,230,29
266,935,181,230,29
267,935,181,230,29
268,935,181,230,29
269,935,181,230,29
270,935,181,230,29
271,935,181,230,29
272,935,181,230,29
273,935,181,230,29
274,935,181,230,29
275,935,181,230,29
276,935,181,230,29
277,935,181,230,29
278,935,181,230,29
279,935,181,230,29
280,935,181,230,29
281,935,181,230,29
282,935,181,230,29
283,935,181,230,29
284,935,181,230,29
285,935,181,230,29
286,935,181,230,29
287,935,181,230,29
288,935,189,233,53
237,936,189,233,53
238,936,181,230,29
239,936,181,230,29
240,936,181,230,29
241,936,181,230,29
242,936,181,230,29
243,936,181,230,29
244,936,181,230,29
245,936,181,230,29
246,936,181,230,29
247,936,181,230,29
248,936,181,230,29
249,936,181,230,29
250,936,181,230,29
251,936,181,230,29
252,936,181,230,29
253,936,181,230,29
254,936,181,230,29
255,936,181,230,29
256,936,181,230,29
257,936,181,230,29
258,936,181,230,29
259,936,181,230,29
260,936,181,230,29
261,936,181,230,29
262,936,181,230,29
263,936,181,230,29
264,936,181,230,29
265,936,181,230,29
266,936,181,230,29
267,936,181,230,29
268,936,181,230,29
269,936,181,230,29
270,936,181,230,29
271,936,181,230,29
272,936,181,230,29
273,936,181,230,29
274,936,181,230,29
275,936,181,230,29
276,936,181,230,29
277,936,181,230,29
278,936,181,230,29
279,936,181,230,29
280,936,181,230,29
281,936,181,230,29
282,936,181,230,29
283,936,181,230,29
284,936,181,230,29
285,936,181,230,29
286,936,181,230,29
287,936,181,230,29
288,936,189,233,53
237,937,189,233,53
238,937,181,230,29
239,937,181,230,29
240,937,181,230,29
241,937,181,230,29
242,937,181,230,29
243,937,181,230,29
244,937,181,230,29
245,937,181,230,29
246,937,181,230,29
247,937,181,230,29
248,937,181,230,29
249,937,181,230,29
250,937,181,230,29
251,937,181,230,29
252,937,181,230,29
253,937,181,230,29
254,937,181,230,29
255,937,181,230,29
256,937,181,230,29
257,937,181,230,29
258,937,181,230,29
259,937,181,230,29
260,937,181,230,29
261,937,181,230,29
262,937,181,230,29
263,937,181,230,29
264,937,181,230,29
265,937,181,230,29
266,937,181,230,29
267,937,181,230,29
268,937,181,230,29
269,937,181,230,29
270,937,181,230,29
271,937,181,230,29
272,937,181,230,29
273,937,181,230,29
274,937,181,230,29
275,937,181,230,29
276,937,181,230,29
277,937,181,230,29
278,937,181,230,29
279,937,181,230,29
280,937,181,230,29
281,937,181,230,29
282,937,181,230,29
283,937,181,230,29
284,937,181,230,29
285,937,181,230,29
286,937,181,230,29
287,937,181,230,29
288,937,189,233,53
237,938,189,233,53
238,938,181,230,29
239,938,181,230,29
240,938,181,230,29
241,938,181,230,29
242,938,181,230,29
243,938,181,230,29
244,938,181,230,29
245,938,181,230,29
246,938,181,230,29
247,938,181,230,29
248,938,181,230,29
249,938,181,230,29
250,938,181,230,29
251,938,181,230,29
252,938,181,230,29
253,938,181,230,29
254,938,181,230,29
255,938,181,230,29
256,938,181,230,29
257,938,181,230,29
258,938,181,230,29
259,938,181,230,29
260,938,181,230,29
261,938,181,230,29
262,938,181,230,29
263,938,181,230,29
264,938,181,230,29
265,938,181,230,29
266,938,181,230,29
267,938,181,230,29
268,938,181,230,29
269,938,181,230,29
270,938,181,230,29
271,938,181,230,29
272,938,181,230,29
273,938,181,230,29
274,938,181,230,29
275,938,181,230,29
276,938,181,230,29
277,938,181,230,29
278,938,181,230,29
279,938,181,230,29
280,938,181,230,29
281,938,181,230,29
282,938,181,230,29
283,938,181,230,29
284,938,181,230,29
285,938,181,230,29
286,938,181,230,29
287,938,181,230,29
288,938,189,233,53
237,939,189,233,53
238,939,181,230,29
239,939,181,230,29
240,939,181,230,29
241,939,181,230,29
242,939,181,230,29
243,939,181,230,29
244,939,181,230,29
245,939,181,230,29
246,939,181,230,29
247,939,181,230,29
248,939,181,230,29
249,939,181,230,29
250,939,181,230,29
251,939,181,230,29
252,939,181,230,29
253,939,181,230,29
254,939,181,230,29
255,939,181,230,29
256,939,181,230,29
257,939,181,230,29
258,939,181,230,29
259,939,181,230,29
260,939,181,230,29
261,939,181,230,29
262,939,181,230,29
263,939,181,230,29
264,939,181,230,29
265,939,181,230,29
266,939,181,230,29
267,939,181,230,29
268,939,181,230,29
269,939,181,230,29
270,939,181,230,29
271,939,181,230,29
272,939,181,230,29
273,939,181,230,29
274,939,181,230,29
275,939,181,230,29
276,939,181,230,29
277,939,181,230,29
278,939,181,230,29
279,939,181,230,29
280,939,181,230,29
281,939,181,230,29
282,939,181,230,29
283,939,181,230,29
284,939,181,230,29
285,939,181,230,29
286,939,181,230,29
287,939,181,230,29
288,939,189,233,53
237,940,189,233,53
238,940,181,230,29
239,940,181,230,29
240,940,181,230,29
241,940,181,230,29
242,940,181,230,29
243,940,181,230,29
244,940,181,230,29
245,940,181,230,29
246,940,181,230,29
247,940,181,230,29
248,940,181,230,29
249,940,181,230,29
250,940,181,230,29
251,940,181,230,29
252,940,181,230,29
253,940,181,230,29
254,940,181,230,29
255,940,181,230,29
256,940,181,230,29
257,940,181,230,29
258,940,181,230,29
259,940,181,230,29
260,940,181,230,29
261,940,181,230,29
262,940,181,230,29
263,940,181,230,29
264,940,181,230,29
265,940,181,230,29
266,940,181,230,29
267,940,181,230,29
268,940,181,230,29
269,940,181,230,29
270,940,181,230,29
271,940,181,230,29
272,940,181,230,29
273,940,181,230,29
274,940,181,230,29
275,940,181,230,29
276,940,181,230,29
277,940,181,230,29
278,940,181,230,29
279,940,181,230,29
280,940,181,230,29
281,940,181,230,29
282,940,181,230,29
283,940,181,230,29
284,940,181,230,29
285,940,181,230,29
286,940,181,230,29
287,940,181,230,29
288,940,189,233,53
237,941,189,233,53
238,941,181,230,29
239,941,181,230,29
240,941,181,230,29
241,941,181,230,29
242,941,181,230,29
243,941,181,230,29
244,941,181,230,29
245,941,181,230,29
246,941,181,230,29
247,941,181,230,29
248,941,181,230,29
249,941,181,230,29
250,941,181,230,29
251,941,181,230,29
252,941,181,230,29
253,941,181,230,29
254,941,181,230,29
255,941,181,230,29
256,941,181,230,29
257,941,181,230,29
258,941,181,230,29
259,941,181,230,29
260,941,181,230,29
261,941,181,230,29
262,941,181,230,29
263,941,181,230,29
264,941,181,230,29
265,941,181,230,29
266,941,181,230,29
267,941,181,230,29
268,941,181,230,29
269,941,181,230,29
270,941,181,230,29
271,941,181,230,29
272,941,181,230,29
273,941,181,230,29
274,941,181,230,29
275,941,181,230,29
276,941,181,230,29
277,941,181,230,29
278,941,181,230,29
279,941,181,230,29
280,941,181,230,29
281,941,181,230,29
282,941,181,230,29
283,941,181,230,29
284,941,181,230,29
285,941,181,230,29
286,941,181,230,29
287,941,181,230,29
288,941,189,233,53
237,942,189,233,53
238,942,181,230,29
239,942,181,230,29
240,942,181,230,29
241,942,181,230,29
242,942,181,230,29
243,942,181,230,29
244,942,181,230,29
245,942,181,230,29
246,942,181,230,29
247,942,181,230,29
248,942,181,230,29
249,942,181,230,29
250,942,181,230,29
251,942,181,230,29
252,942,181,230,29
253,942,181,230,29
254,942,181,230,29
255,942,181,230,29
256,942,181,230,29
257,942,181,230,29
258,942,181,230,29
259,942,181,230,29
260,942,181,230,29
261,942,181,230,29
262,942,181,230,29
263,942,181,230,29
264,942,181,230,29
265,942,181,230,29
266,942,181,230,29
267,942,181,230,29
268,942,181,230,29
269,942,181,230,29
270,942,181,230,29
271,942,181,230,29
272,942,181,230,29
273,942,181,230,29
274,942,181,230,29
275,942,181,230,29
276,942,181,230,29
277,942,181,230,29
278,942,181,230,29
279,942,181,230,29
280,942,181,230,29
281,942,181,230,29
282,942,181,230,29
283,942,181,230,29
284,942,181,230,29
285,942,181,230,29
286,942,181,230,29
287,942,181,230,29
288,942,189,233,53
237,943,195,235,72
238,943,182,230,32
239,943,181,230,29
240,943,181,230,29
241,943,181,230,29
242,943,181,230,29
243,943,181,230,29
244,943,181,230,29
245,943,181,230,29
246,943,181,230,29
247,943,181,230,29
248,943,181,230,29
249,943,181,230,29
250,943,181,230,29
251,943,181,230,29
252,943,181,230,29
253,943,181,230,29
254,943,181,230,29
255,943,181,230,29
256,943,181,230,29
257,943,181,230,29
258,943,181,230,29
259,943,181,230,29
260,943,181,230,29
261,943,181,230,29
262,943,181,230,29
263,943,181,230,29
264,943,181,230,29
265,943,181,230,29
266,943,181,230,29
267,943,181,230,29
268,943,181,230,29
269,943,181,230,29
270,943,181,230,29
271,943,181,230,29
272,943,181,230,29
273,943,181,230,29
274,943,181,230,29
275,943,181,230,29
276,943,181,230,29
277,943,181,230,29
278,943,181,230,29
279,943,181,230,29
280,943,181,230,29
281,943,181,230,29
282,943,181,230,29
283,943,181,230,29
284,943,181,230,29
285,943,181,230,29
286,943,181,230,29
287,943,182,230,32
288,943,195,235,72
238,944,188,232,51
239,944,181,230,29
240,944,181,230,29
241,944,181,230,29
242,944,181,230,29
243,944,181,230,29
244,944,181,230,29
245,944,181,230,29
246,944,181,230,29
247,944,181,230,29
248,944,181,230,29
249,944,181,230,29
250,944,181,230,29
251,944,181,230,29
252,944,181,230,29
253,944,181,230,29
254,944,181,230,29
255,944,181,230,29
256,944,181,230,29
257,944,181,230,29
258,944,181,230,29
259,944,181,230,29
260,944,181,230,29
261,944,181,230,29
262,944,181,230,29
263,944,181,230,29
264,944,181,230,29
265,944,181,230,29
266,944,181,230,29
267,944,181,230,29
268,944,181,230,29
269,944,181,230,29
270,944,181,230,29
271,944,181,230,29
272,944,181,230,29
273,944,181,230,29
274,944,181,230,29
275,944,181,230,29
276,944,181,230,29
277,944,181,230,29
278,944,181,230,29
279,944,181,230,29
280,944,181,230,29
281,944,181,230,29
282,944,181,230,29
283,944,181,230,29
284,944,181,230,29
285,944,181,230,29
286,944,181,230,29
287,944,188,232,51
238,945,189,233,53
239,945,181,230,29
240,945,181,230,29
241,945,181,230,29
242,945,181,230,29
243,945,181,230,29
244,945,181,230,29
245,945,181,230,29
246,945,181,230,29
247,945,181,230,29
248,945,181,230,29
249,945,181,230,29
250,945,181,230,29
251,945,181,230,29
252,945,181,230,29
253,945,181,230,29
254,945,181,230,29
255,945,181,230,29
256,945,181,230,29
257,945,181,230,29
258,945,181,230,29
259,945,181,230,29
260,945,181,230,29
261,945,181,230,29
262,945,181,230,29
263,945,181,230,29
264,945,181,230,29
265,945,181,230,29
266,945,181,230,29
267,945,181,230,29
268,945,181,230,29
269,945,181,230,29
270,945,181,230,29
271,945,181,230,29
272,945,181,230,29
273,945,181,230,29
274,945,181,230,29
275,945,181,230,29
276,945,181,230,29
277,945,181,230,29
278,945,181,230,29
279,945,181,230,29
280,945,181,230,29
281,945,181,230,29
282,945,181,230,29
283,945,181,230,29
284,945,181,230,29
285,945,181,230,29
286,945,181,230,29
287,945,189,233,53
238,946,189,233,53
239,946,181,230,29
240,946,181,230,29
241,946,181,230,29
242,946,181,230,29
243,946,181,230,29
244,946,181,230,29
245,946,181,230,29
246,946,181,230,29
247,946,181,230,29
248,946,181,230,29
249,946,181,230,29
250,946,181,230,29
251,946,181,230,29
252,946,181,230,29
253,946,181,230,29
254,946,181,230,29
255,946,181,230,29
256,946,181,230,29
257,946,181,230,29
258,946,181,230,29
259,946,181,230,29
260,946,181,230,29
261,946,181,230,29
262,946,181,230,29
263,946,181,230,29
264,946,181,230,29
265,946,181,230,29
266,946,181,230,29
267,946,181,230,29
268,946,181,230,29
269,946,181,230,29
270,946,181,230,29
271,946,181,230,29
272,946,181,230,29
273,946,181,230,29
274,946,181,230,29
275,946,181,230,29
276,946,181,230,29
277,946,181,230,29
278,946,181,230,29
279,946,181,230,29
280,946,181,230,29
281,946,181,230,29
282,946,181,230,29
283,946,181,230,29
284,946,181,230,29
285,946,181,230,29
286,946,181,230,29
287,946,189,233,53
238,947,195,235,72
239,947,182,230,32
240,947,181,230,29
241,947,181,230,29
242,947,181,230,29
243,947,181,230,29
244,947,181,230,29
245,947,181,230,29
246,947,181,230,29
247,947,181,230,29
248,947,181,230,29
249,947,181,230,29
250,947,181,230,29
251,947,181,230,29
252,947,181,230,29
253,947,181,230,29
254,947,181,230,29
255,947,181,230,29
256,947,181,230,29
257,947,181,230,29
258,947,181,230,29
259,947,181,230,29
260,947,181,230,29
261,947,181,230,29
262,947,181,230,29
263,947,181,230,29
264,947,181,230,29
265,947,181,230,29
266,947,181,230,29
267,947,181,230,29
268,947,181,230,29
269,947,181,230,29
270,947,181,230,29
271,947,181,230,29
272,947,181,230,29
273,947,181,230,29
274,947,181,230,29
275,947,181,230,29
276,947,181,230,29
277,947,181,230,29
278,947,181,230,29
279,947,181,230,29
280,947,181,230,29
281,947,181,230,29
282,947,181,230,29
283,947,181,230,29
284,947,181,230,29
285,947,181,230,29
286,947,181,230,29
287,947,189,233,53
239,948,188,232,51
240,948,181,230,29
241,948,181,230,29
242,948,181,230,29
243,948,181,230,29
244,948,181,230,29
245,948,181,230,29
246,948,181,230,29
247,948,181,230,29
248,948,181,230,29
249,948,181,230,29
250,948,181,230,29
251,948,181,230,29
252,948,181,230,29
253,948,181,230,29
254,948,181,230,29
255,948,181,230,29
256,948,181,230,29
257,948,181,230,29
258,948,181,230,29
259,948,181,230,29
260,948,181,230,29
261,948,181,230,29
262,948,181,230,29
263,948,181,230,29
264,948,181,230,29
265,948,181,230,29
266,948,181,230,29
267,948,181,230,29
268,948,181,230,29
269,948,181,230,29
270,948,181,230,29
271,948,181,230,29
272,948,181,230,29
273,948,181,230,29
274,948,181,230,29
275,948,181,230,29
276,948,181,230,29
277,948,181,230,29
278,948,181,230,29
279,948,181,230,29
280,948,181,230,29
281,948,181,230,29
282,948,181,230,29
283,948,181,230,29
284,948,181,230,29
285,948,181,230,29
286,948,182,230,32
287,948,195,235,72
239,949,189,233,53
240,949,181,230,29
241,949,181,230,29
242,949,181,230,29
243,949,181,230,29
244,949,181,230,29
245,949,181,230,29
246,949,181,230,29
247,949,181,230,29
248,949,181,230,29
249,949,181,230,29
250,949,181,230,29
251,949,181,230,29
252,949,181,230,29
253,949,181,230,29
254,949,181,230,29
255,949,181,230,29
256,949,181,230,29
257,949,181,230,29
258,949,181,230,29
259,949,181,230,29
260,949,181,230,29
261,949,181,230,29
262,949,181,230,29
263,949,181,230,29
264,949,181,230,29
265,949,181,230,29
266,949,181,230,29
267,949,181,230,29
268,949,181,230,29
269,949,181,230,29
270,949,181,230,29
271,949,181,230,29
272,949,181,230,29
273,949,181,230,29
274,949,181,230,29
275,949,181,230,29
276,949,181,230,29
277,949,181,230,29
278,949,181,230,29
279,949,181,230,29
280,949,181,230,29
281,949,181,230,29
282,949,181,230,29
283,949,181,230,29
284,949,181,230,29
285,949,181,230,29
286,949,188,232,51
239,950,195,235,72
240,950,182,230,32
241,950,181,230,29
242,950,181,230,29
243,950,181,230,29
244,950,181,230,29
245,950,181,230,29
246,950,181,230,29
247,950,181,230,29
248,950,181,230,29
249,950,181,230,29
250,950,181,230,29
251,950,181,230,29
252,950,181,230,29
253,950,181,230,29
254,950,181,230,29
255,950,181,230,29
256,950,181,230,29
257,950,181,230,29
258,950,181,230,29
259,950,181,230,29
260,950,181,230,29
261,950,181,230,29
262,950,181,230,29
263,950,181,230,29
264,950,181,230,29
265,950,181,230,29
266,950,181,230,29
267,950,181,230,29
268,950,181,230,29
269,950,181,230,29
270,950,181,230,29
271,950,181,230,29
272,950,181,230,29
273,950,181,230,29
274,950,181,230,29
275,950,181,230,29
276,950,181,230,29
277,950,181,230,29
278,950,181,230,29
279,950,181,230,29
280,950,181,230,29
281,950,181,230,29
282,950,181,230,29
283,950,181,230,29
284,950,181,230,29
285,950,181,230,29
286,950,189,233,53
240,951,188,232,51
241,951,181,230,29
242,951,181,230,29
243,951,181,230,29
244,951,181,230,29
245,951,181,230,29
246,951,181,230,29
247,951,181,230,29
248,951,181,230,29
249,951,181,230,29
250,951,181,230,29
251,951,181,230,29
252,951,181,230,29
253,951,181,230,29
254,951,181,230,29
255,951,181,230,29
256,951,181,230,29
257,951,181,230,29
258,951,181,230,29
259,951,181,230,29
260,951,181,230,29
261,951,181,230,29
262,951,181,230,29
263,951,181,230,29
264,951,181,230,29
265,951,181,230,29
266,951,181,230,29
267,951,181,230,29
268,951,181,230,29
269,951,181,230,29
270,951,181,230,29
271,951,181,230,29
272,951,181,230,29
273,951,181,230,29
274,951,181,230,29
275,951,181,230,29
276,951,181,230,29
277,951,181,230,29
278,951,181,230,29
279,951,181,230,29
280,951,181,230,29
281,951,181,230,29
282,951,181,230,29
283,951,181,230,29
284,951,181,230,29
285,951,182,230,32
286,951,195,235,72
240,952,189,233,53
241,952,181,230,29
242,952,181,230,29
243,952,181,230,29
244,952,181,230,29
245,952,181,230,29
246,952,181,230,29
247,952,181,230,29
248,952,181,230,29
249,952,181,230,29
250,952,181,230,29
251,952,181,230,29
252,952,181,230,29
253,952,181,230,29
254,952,181,230,29
255,952,181,230,29
256,952,181,230,29
257,952,181,230,29
258,952,181,230,29
259,952,181,230,29
260,952,181,230,29
261,952,181,230,29
262,952,181,230,29
263,952,181,230,29
264,952,181,230,29
265,952,181,230,29
266,952,181,230,29
267,952,181,230,29
268,952,181,230,29
269,952,181,230,29
270,952,181,230,29
271,952,181,230,29
272,952,181,230,29
273,952,181,230,29
274,952,181,230,29
275,952,181,230,29
276,952,181,230,29
277,952,181,230,29
278,952,181,230,29
279,952,181,230,29
280,952,181,230,29
281,952,181,230,29
282,952,181,230,29
283,952,181,230,29
284,952,181,230,29
285,952,188,232,51
240,953,195,235,72
241,953,182,230,32
242,953,181,230,29
243,953,181,230,29
244,953,181,230,29
245,953,181,230,29
246,953,181,230,29
247,953,181,230,29
248,953,181,230,29
249,953,181,230,29
250,953,181,230,29
251,953,181,230,29
252,953,181,230,29
253,953,181,230,29
254,953,181,230,29
255,953,181,230,29
256,953,181,230,29
257,953,181,230,29
258,953,181,230,29
259,953,181,230,29
260,953,181,230,29
261,953,181,230,29
262,953,181,230,29
263,953,181,230,29
264,953,181,230,29
265,953,181,230,29
266,953,181,230,29
267,953,181,230,29
268,953,181,230,29
269,953,181,230,29
270,953,181,230,29
271,953,181,230,29
272,953,181,230,29
273,953,181,230,29
274,953,181,230,29
275,953,181,230,29
276,953,181,230,29
277,953,181,230,29
278,953,181,230,29
279,953,181,230,29
280,953,181,230,29
281,953,181,230,29
282,953,181,230,29
283,953,181,230,29
284,953,182,230,32
285,953,195,235,72
241,954,188,232,51
242,954,181,230,29
243,954,181,230,29
244,954,181,230,29
245,954,181,230,29
246,954,181,230,29
247,954,181,230,29
248,954,181,230,29
249,954,181,230,29
250,954,181,230,29
251,954,181,230,29
252,954,181,230,29
253,954,181,230,29
254,954,181,230,29
255,954,181,230,29
256,954,181,230,29
257,954,181,230,29
258,954,181,230,29
259,954,181,230,29
260,954,181,230,29
261,954,181,230,29
262,954,181,230,29
263,954,181,230,29
264,954,181,230,29
265,954,181,230,29
266,954,181,230,29
267,954,181,230,29
268,954,181,230,29
269,954,181,230,29
270,954,181,230,29
271,954,181,230,29
272,954,181,230,29
273,954,181,230,29
274,954,181,230,29
275,954,181,230,29
276,954,181,230,29
277,954,181,230,29
278,954,181,230,29
279,954,181,230,29
280,954,181,230,29
281,954,181,230,29
282,954,181,230,29
283,954,181,230,29
284,954,188,232,51
241,955,195,235,72
242,955,182,230,32
243,955,181,230,29
244,955,181,230,29
245,955,181,230,29
246,955,181,230,29
247,955,181,230,29
248,955,181,230,29
249,955,181,230,29
250,955,181,230,29
251,955,181,230,29
252,955,181,230,29
253,955,181,230,29
254,955,181,230,29
255,955,181,230,29
256,955,181,230,29
257,955,181,230,29
258,955,181,230,29
259,955,181,230,29
260,955,181,230,29
261,955,181,230,29
262,955,181,230,29
263,955,181,230,29
264,955,181,230,29
265,955,181,230,29
266,955,181,230,29
267,955,181,230,29
268,955,181,230,29
269,955,181,230,29
270,955,181,230,29
271,955,181,230,29
272,955,181,230,29
273,955,181,230,29
274,955,181,230,29
275,955,181,230,29
276,955,181,230,29
277,955,181,230,29
278,955,181,230,29
279,955,181,230,29
280,955,181,230,29
281,955,181,230,29
282,955,181,230,29
283,955,182,230,32
284,955,195,235,72
242,956,194,234,69
243,956,182,230,32
244,956,181,230,29
245,956,181,230,29
246,956,181,230,29
247,956,181,230,29
248,956,181,230,29
249,956,181,230,29
250,956,181,230,29
251,956,181,230,29
252,956,181,230,29
253,956,181,230,29
254,956,181,230,29
255,956,181,230,29
256,956,181,230,29
257,956,181,230,29
258,956,181,230,29
259,956,181,230,29
260,956,181,230,29
261,956,181,230,29
262,956,181,230,29
263,956,181,230,29
264,956,181,230,29
265,956,181,230,29
266,956,181,230,29
267,956,181,230,29
268,956,181,230,29
269,956,181,230,29
270,956,181,230,29
271,956,181,230,29
272,956,181,230,29
273,956,181,230,29
274,956,181,230,29
275,956,181,230,29
276,956,181,230,29
277,956,181,230,29
278,956,181,230,29
279,956,181,230,29
280,956,181,230,29
281,956,181,230,29
282,956,182,230,32
283,956,194,234,69
243,957,194,234,69
244,957,182,230,32
245,957,181,230,29
246,957,181,230,29
247,957,181,230,29
248,957,181,230,29
249,957,181,230,29
250,957,181,230,29
251,957,181,230,29
252,957,181,230,29
253,957,181,230,29
254,957,181,230,29
255,957,181,230,29
256,957,181,230,29
257,957,181,230,29
258,957,181,230,29
259,957,181,230,29
260,957,181,230,29
261,957,181,230,29
262,957,181,230,29
263,957,181,230,29
264,957,181,230,29
265,957,181,230,29
266,957,181,230,29
267,957,181,230,29
268,957,181,230,29
269,957,181,230,29
270,957,181,230,29
271,957,181,230,29
272,957,181,230,29
273,957,181,230,29
274,957,181,230,29
275,957,181,230,29
276,957,181,230,29
277,957,181,230,29
278,957,181,230,29
279,957,181,230,29
280,957,181,230,29
281,957,181,230,29
282,957,188,232,51
244,958,188,232,51
245,958,181,230,29
246,958,181,230,29
247,958,181,230,29
248,958,181,230,29
249,958,181,230,29
250,958,181,230,29
251,958,181,230,29
252,958,181,230,29
253,958,181,230,29
254,958,181,230,29
255,958,181,230,29
256,958,181,230,29
257,958,181,230,29
258,958,181,230,29
259,958,181,230,29
260,958,181,230,29
261,958,181,230,29
262,958,181,230,29
263,958,181,230,29
264,958,181,230,29
265,958,181,230,29
266,958,181,230,29
267,958,181,230,29
268,958,181,230,29
269,958,181,230,29
270,958,181,230,29
271,958,181,230,29
272,958,181,230,29
273,958,181,230,29
274,958,181,230,29
275,958,181,230,29
276,958,181,230,29
277,958,181,230,29
278,958,181,230,29
279,958,181,230,29
280,958,181,230,29
281,958,182,230,32
282,958,195,235,72
244,959,195,235,72
245,959,182,230,32
246,959,181,230,29
247,959,181,230,29
248,959,181,230,29
249,959,181,230,29
250,959,181,230,29
251,959,181,230,29
252,959,181,230,29
253,959,181,230,29
254,959,181,230,29
255,959,181,230,29
256,959,181,230,29
257,959,181,230,29
258,959,181,230,29
259,959,181,230,29
260,959,181,230,29
261,959,181,230,29
262,959,181,230,29
263,959,181,230,29
264,959,181,230,29
265,959,181,230,29
266,959,181,230,29
267,959,181,230,29
268,959,181,230,29
269,959,181,230,29
270,959,181,230,29
271,959,181,230,29
272,959,181,230,29
273,959,181,230,29
274,959,181,230,29
275,959,181,230,29
276,959,181,230,29
277,959,181,230,29
278,959,181,230,29
279,959,181,230,29
280,959,182,230,32
281,959,194,234,69
245,960,194,234,69
246,960,182,230,32
247,960,181,230,29
248,960,181,230,29
249,960,181,230,29
250,960,181,230,29
251,960,181,230,29
252,960,181,230,29
253,960,181,230,29
254,960,181,230,29
255,960,181,230,29
256,960,181,230,29
257,960,181,230,29
258,960,181,230,29
259,960,181,230,29
260,960,181,230,29
261,960,181,230,29
262,960,181,230,29
263,960,181,230,29
264,960,181,230,29
265,960,181,230,29
266,960,181,230,29
267,960,181,230,29
268,960,181,230,29
269,960,181,230,29
270,960,181,230,29
271,960,181,230,29
272,960,181,230,29
273,960,181,230,29
274,960,181,230,29
275,960,181,230,29
276,960,181,230,29
277,960,181,230,29
278,960,181,230,29
279,960,182,230,32
280,960,194,234,69
246,961,194,234,69
247,961,182,230,32
248,961,181,230,29
249,961,181,230,29
250,961,181,230,29
251,961,181,230,29
252,961,181,230,29
253,961,181,230,29
254,961,181,230,29
255,961,181,230,29
256,961,181,230,29
257,961,181,230,29
258,961,181,230,29
259,961,181,230,29
260,961,181,230,29
261,961,181,230,29
262,961,181,230,29
263,961,181,230,29
264,961,181,230,29
265,961,181,230,29
266,961,181,230,29
267,961,181,230,29
268,961,181,230,29
269,961,181,230,29
270,961,181,230,29
271,961,181,230,29
272,961,181,230,29
273,961,181,230,29
274,961,181,230,29
275,961,181,230,29
276,961,181,230,29
277,961,181,230,29
278,961,182,230,32
279,961,194,234,69
247,962,194,234,69
248,962,182,230,32
249,962,181,230,29
250,962,181,230,29
251,962,181,230,29
252,962,181,230,29
253,962,181,230,29
254,962,181,230,29
255,962,181,230,29
256,962,181,230,29
257,962,181,230,29
258,962,181,230,29
259,962,181,230,29
260,962,181,230,29
261,962,181,230,29
262,962,181,230,29
263,962,181,230,29
264,962,181,230,29
265,962,181,230,29
266,962,181,230,29
267,962,181,230,29
268,962,181,230,29
269,962,181,230,29
270,962,181,230,29
271,962,181,230,29
272,962,181,230,29
273,962,181,230,29
274,962,181,230,29
275,962,181,230,29
276,962,181,230,29
277,962,182,230,32
278,962,194,234,69
248,963,195,235,72
249,963,188,232,51
250,963,182,230,32
251,963,181,230,29
252,963,181,230,29
253,963,181,230,29
254,963,181,230,29
255,963,181,230,29
256,963,181,230,29
257,963,181,230,29
258,963,181,230,29
259,963,181,230,29
260,963,181,230,29
261,963,181,230,29
262,963,181,230,29
263,963,181,230,29
264,963,181,230,29
265,963,181,230,29
266,963,181,230,29
267,963,181,230,29
268,963,181,230,29
269,963,181,230,29
270,963,181,230,29
271,963,181,230,29
272,963,181,230,29
273,963,181,230,29
274,963,181,230,29
275,963,181,230,29
276,963,182,230,32
277,963,194,234,69
250,964,194,234,69
251,964,182,230,32
252,964,181,230,29
253,964,181,230,29
254,964,181,230,29
255,964,181,230,29
256,964,181,230,29
257,964,181,230,29
258,964,181,230,29
259,964,181,230,29
260,964,181,230,29
261,964,181,230,29
262,964,181,230,29
263,964,181,230,29
264,964,181,230,29
265,964,181,230,29
266,964,181,230,29
267,964,181,230,29
268,964,181,230,29
269,964,181,230,29
270,964,181,230,29
271,964,181,230,29
272,964,181,230,29
273,964,181,230,29
274,964,182,230,32
275,964,188,232,51
276,964,195,235,72
251,965,195,235,72
252,965,188,232,51
253,965,182,230,32
254,965,181,230,29
255,965,181,230,29
256,965,181,230,29
257,965,181,230,29
258,965,181,230,29
259,965,181,230,29
260,965,181,230,29
261,965,181,230,29
262,965,181,230,29
263,965,181,230,29
264,965,181,230,29
265,965,181,230,29
266,965,181,230,29
267,965,181,230,29
268,965,181,230,29
269,965,181,230,29
270,965,181,230,29
271,965,181,230,29
272,965,182,230,32
273,965,188,232,51
274,965,195,235,72
253,966,195,235,72
254,966,188,232,51
255,966,182,230,32
256,966,181,230,29
257,966,181,230,29
258,966,181,230,29
259,966,181,230,29
260,966,181,230,29
261,966,181,230,29
262,966,181,230,29
263,966,181,230,29
264,966,181,230,29
265,966,181,230,29
266,966,181,230,29
267,966,181,230,29
268,966,181,230,29
269,966,181,230,29
270,966,182,230,32
271,966,188,232,51
272,966,195,235,72
255,967,195,235,72
256,967,189,233,53
257,967,189,233,53
258,967,188,232,51
259,967,182,230,32
260,967,181,230,29
261,967,181,230,29
262,967,181,230,29
263,967,181,230,29
264,967,181,230,29
265,967,181,230,29
266,967,181,230,29
267,967,182,230,32
268,967,188,232,51
269,967,189,233,53
270,967,195,235,72
259,968,195,235,72
260,968,189,233,53
261,968,189,233,53
262,968,189,233,53
263,968,189,233,53
264,968,189,233,53
265,968,189,233,53
266,968,189,233,53
267,968,195,235,72
