159,545,195,235,72
160,545,189,233,53
161,545,195,235,72
158,546,194,234,69
159,546,182,230,32
160,546,181,230,29
161,546,182,230,32
162,546,195,235,72
156,547,195,235,72
157,547,188,232,51
158,547,182,230,32
159,547,181,230,29
160,547,181,230,29
161,547,181,230,29
162,547,189,233,53
155,548,194,234,69
156,548,182,230,32
157,548,181,230,29
158,548,181,230,29
159,548,181,230,29
160,548,181,230,29
161,548,181,230,29
162,548,189,233,53
153,549,195,235,72
154,549,188,232,51
155,549,182,230,32
156,549,181,230,29
157,549,181,230,29
158,549,181,230,29
159,549,181,230,29
160,549,181,230,29
161,549,181,230,29
162,549,189,233,53
152,550,194,234,69
153,550,182,230,32
154,550,181,230,29
155,550,181,230,29
156,550,181,230,29
157,550,181,230,29
158,550,181,230,29
159,550,181,230,29
160,550,181,230,29
161,550,181,230,29
162,550,189,233,53
150,551,195,235,72
151,551,188,232,51
152,551,182,230,32
153,551,181,230,29
154,551,181,230,29
155,551,181,230,29
156,551,181,230,29
157,551,181,230,29
158,551,181,230,29
159,551,181,230,29
160,551,181,230,29
161,551,181,230,29
162,551,189,233,53
149,552,194,234,69
150,552,182,230,32
151,552,181,230,29
152,552,181,230,29
153,552,181,230,29
154,552,181,230,29
155,552,181,230,29
156,552,181,230,29
157,552,181,230,29
158,552,181,230,29
159,552,181,230,29
160,552,181,230,29
161,552,181,230,29
162,552,189,233,53
148,553,194,234,69
149,553,182,230,32
150,553,181,230,29
151,553,181,230,29
152,553,181,230,29
153,553,181,230,29
154,553,181,230,29
155,553,181,230,29
156,553,181,230,29
157,553,181,230,29
158,553,181,230,29
159,553,181,230,29
160,553,181,230,29
161,553,181,230,29
162,553,189,233,53
146,554,195,235,72
147,554,188,232,51
148,554,182,230,32
149,554,181,230,29
150,554,181,230,29
151,554,181,230,29
152,554,181,230,29
153,554,181,230,29
154,554,181,230,29
155,554,181,230,29
156,554,181,230,29
157,554,181,230,29
158,554,181,230,29
159,554,181,230,29
160,554,181,230,29
161,554,181,230,29
162,554,189,233,53
145,555,194,234,69
146,555,182,230,32
147,555,181,230,29
148,555,181,230,29
149,555,181,230,29
150,555,181,230,29
151,555,181,230,29
152,555,181,230,29
153,555,181,230,29
154,555,181,230,29
155,555,181,230,29
156,555,181,230,29
157,555,181,230,29
158,555,181,230,29
159,555,181,230,29
160,555,181,230,29
161,555,181,230,29
162,555,189,233,53
143,556,195,235,72
144,556,188,232,51
145,556,182,230,32
146,556,181,230,29
147,556,181,230,29
148,556,181,230,29
149,556,181,230,29
150,556,181,230,29
151,556,181,230,29
152,556,181,230,29
153,556,181,230,29
154,556,181,230,29
155,556,181,230,29
156,556,181,230,29
157,556,181,230,29
158,556,181,230,29
159,556,181,230,29
160,556,181,230,29
161,556,181,230,29
162,556,189,233,53
142,557,194,234,69
143,557,182,230,32
144,557,181,230,29
145,557,181,230,29
146,557,181,230,29
147,557,181,230,29
148,557,181,230,29
149,557,181,230,29
150,557,181,230,29
151,557,181,230,29
152,557,181,230,29
153,557,181,230,29
154,557,181,230,29
155,557,181,230,29
156,557,181,230,29
157,557,181,230,29
158,557,181,230,29
159,557,181,230,29
160,557,181,230,29
161,557,181,230,29
162,557,189,233,53
140,558,195,235,72
141,558,188,232,51
142,558,182,230,32
143,558,181,230,29
144,558,181,230,29
145,558,181,230,29
146,558,181,230,29
147,558,181,230,29
148,558,181,230,29
149,558,181,230,29
150,558,181,230,29
151,558,181,230,29
152,558,181,230,29
153,558,181,230,29
154,558,181,230,29
155,558,181,230,29
156,558,181,230,29
157,558,181,230,29
158,558,181,230,29
159,558,181,230,29
160,558,181,230,29
161,558,181,230,29
162,558,189,233,53
139,559,194,234,69
140,559,182,230,32
141,559,181,230,29
142,559,181,230,29
143,559,181,230,29
144,559,181,230,29
145,559,181,230,29
146,559,181,230,29
147,559,181,230,29
148,559,181,230,29
149,559,181,230,29
150,559,181,230,29
151,559,181,230,29
152,559,181,230,29
153,559,181,230,29
154,559,181,230,29
155,559,181,230,29
156,559,181,230,29
157,559,181,230,29
158,559,181,230,29
159,559,181,230,29
160,559,181,230,29
161,559,181,230,29
162,559,189,233,53
138,560,194,234,69
139,560,182,230,32
140,560,181,230,29
141,560,181,230,29
142,560,181,230,29
143,560,181,230,29
144,560,181,230,29
145,560,181,230,29
146,560,181,230,29
147,560,181,230,29
148,560,181,230,29
149,560,181,230,29
150,560,181,230,29
151,560,181,230,29
152,560,181,230,29
153,560,181,230,29
154,560,181,230,29
155,560,181,230,29
156,560,181,230,29
157,560,181,230,29
158,560,181,230,29
159,560,181,230,29
160,560,181,230,29
161,560,181,230,29
162,560,189,233,53
136,561,195,235,72
137,561,188,232,51
138,561,182,230,32
139,561,181,230,29
140,561,181,230,29
141,561,181,230,29
142,561,181,230,29
143,561,181,230,29
144,561,181,230,29
145,561,181,230,29
146,561,181,230,29
147,561,181,230,29
148,561,181,230,29
149,561,181,230,29
150,561,181,230,29
151,561,181,230,29
152,561,181,230,29
153,561,181,230,29
154,561,181,230,29
155,561,181,230,29
156,561,181,230,29
157,561,181,230,29
158,561,181,230,29
159,561,181,230,29
160,561,181,230,29
161,561,181,230,29
162,561,189,233,53
135,562,194,234,69
136,562,182,230,32
137,562,181,230,29
138,562,181,230,29
139,562,181,230,29
140,562,181,230,29
141,562,181,230,29
142,562,181,230,29
143,562,181,230,29
144,562,181,230,29
145,562,181,230,29
146,562,181,230,29
147,562,181,230,29
148,562,181,230,29
149,562,181,230,29
150,562,181,230,29
151,562,181,230,29
152,562,181,230,29
153,562,181,230,29
154,562,181,230,29
155,562,181,230,29
156,562,181,230,29
157,562,181,230,29
158,562,181,230,29
159,562,181,230,29
160,562,181,230,29
161,562,181,230,29
162,562,189,233,53
133,563,195,235,72
134,563,188,232,51
135,563,182,230,32
136,563,181,230,29
137,563,181,230,29
138,563,181,230,29
139,563,181,230,29
140,563,181,230,29
141,563,181,230,29
142,563,181,230,29
143,563,181,230,29
144,563,181,230,29
145,563,181,230,29
146,563,181,230,29
147,563,181,230,29
148,563,181,230,29
149,563,181,230,29
150,563,181,230,29
151,563,181,230,29
152,563,181,230,29
153,563,181,230,29
154,563,181,230,29
155,563,181,230,29
156,563,181,230,29
157,563,181,230,29
158,563,181,230,29
159,563,181,230,29
160,563,181,230,29
161,563,181,230,29
162,563,189,233,53
132,564,194,234,69
133,564,182,230,32
134,564,181,230,29
135,564,181,230,29
136,564,181,230,29
137,564,181,230,29
138,564,181,230,29
139,564,181,230,29
140,564,181,230,29
141,564,181,230,29
142,564,181,230,29
143,564,181,230,29
144,564,181,230,29
145,564,181,230,29
146,564,181,230,29
147,564,181,230,29
148,564,181,230,29
149,564,181,230,29
150,564,181,230,29
151,564,181,230,29
152,564,181,230,29
153,564,181,230,29
154,564,181,230,29
155,564,181,230,29
156,564,181,230,29
157,564,181,230,29
158,564,181,230,29
159,564,181,230,29
160,564,181,230,29
161,564,181,230,29
162,564,189,233,53
130,565,195,235,72
131,565,188,232,51
132,565,182,230,32
133,565,181,230,29
134,565,181,230,29
135,565,181,230,29
136,565,181,230,29
137,565,181,230,29
138,565,181,230,29
139,565,181,230,29
140,565,181,230,29
141,565,181,230,29
142,565,181,230,29
143,565,181,230,29
144,565,181,230,29
145,565,181,230,29
146,565,181,230,29
147,565,181,230,29
148,565,181,230,29
149,565,181,230,29
150,565,181,230,29
151,565,181,230,29
152,565,181,230,29
153,565,181,230,29
154,565,181,230,29
155,565,181,230,29
156,565,181,230,29
157,565,181,230,29
158,565,181,230,29
159,565,181,230,29
160,565,181,230,29
161,565,181,230,29
162,565,189,233,53
129,566,194,234,69
130,566,182,230,32
131,566,181,230,29
132,566,181,230,29
133,566,181,230,29
134,566,181,230,29
135,566,181,230,29
136,566,181,230,29
137,566,181,230,29
138,566,181,230,29
139,566,181,230,29
140,566,181,230,29
141,566,181,230,29
142,566,181,230,29
143,566,181,230,29
144,566,181,230,29
145,566,181,230,29
146,566,181,230,29
147,566,181,230,29
148,566,181,230,29
149,566,181,230,29
150,566,181,230,29
151,566,181,230,29
152,566,181,230,29
153,566,181,230,29
154,566,181,230,29
155,566,181,230,29
156,566,181,230,29
157,566,181,230,29
158,566,181,230,29
159,566,181,230,29
160,566,181,230,29
161,566,181,230,29
162,566,189,233,53
127,567,195,235,72
128,567,188,232,51
129,567,182,230,32
130,567,181,230,29
131,567,181,230,29
132,567,181,230,29
133,567,181,230,29
134,567,181,230,29
135,567,181,230,29
136,567,181,230,29
137,567,181,230,29
138,567,181,230,29
139,567,181,230,29
140,567,181,230,29
141,567,181,230,29
142,567,181,230,29
143,567,181,230,29
144,567,181,230,29
145,567,181,230,29
146,567,181,230,29
147,567,181,230,29
148,567,181,230,29
149,567,181,230,29
150,567,181,230,29
151,567,181,230,29
152,567,181,230,29
153,567,181,230,29
154,567,181,230,29
155,567,181,230,29
156,567,181,230,29
157,567,181,230,29
158,567,181,230,29
159,567,181,230,29
160,567,181,230,29
161,567,181,230,29
162,567,189,233,53
126,568,194,234,69
127,568,182,230,32
128,568,181,230,29
129,568,181,230,29
130,568,181,230,29
131,568,181,230,29
132,568,181,230,29
133,568,181,230,29
134,568,181,230,29
135,568,181,230,29
136,568,181,230,29
137,568,181,230,29
138,568,181,230,29
139,568,181,230,29
140,568,181,230,29
141,568,181,230,29
142,568,181,230,29
143,568,181,230,29
144,568,181,230,29
145,568,181,230,29
146,568,181,230,29
147,568,181,230,29
148,568,181,230,29
149,568,181,230,29
150,568,181,230,29
151,568,181,230,29
152,568,181,230,29
153,568,181,230,29
154,568,181,230,29
155,568,181,230,29
156,568,181,230,29
157,568,181,230,29
158,568,181,230,29
159,568,181,230,29
160,568,181,230,29
161,568,181,230,29
162,568,189,233,53
125,569,194,234,69
126,569,182,230,32
127,569,181,230,29
128,569,181,230,29
129,569,181,230,29
130,569,181,230,29
131,569,181,230,29
132,569,181,230,29
133,569,181,230,29
134,569,181,230,29
135,569,181,230,29
136,569,181,230,29
137,569,181,230,29
138,569,181,230,29
139,569,181,230,29
140,569,181,230,29
141,569,181,230,29
142,569,181,230,29
143,569,181,230,29
144,569,181,230,29
145,569,181,230,29
146,569,181,230,29
147,569,181,230,29
148,569,181,230,29
149,569,181,230,29
150,569,181,230,29
151,569,181,230,29
152,569,181,230,29
153,569,181,230,29
154,569,181,230,29
155,569,181,230,29
156,569,181,230,29
157,569,181,230,29
158,569,181,230,29
159,569,181,230,29
160,569,181,230,29
161,569,181,230,29
162,569,189,233,53
123,570,195,235,72
124,570,188,232,51
125,570,182,230,32
126,570,181,230,29
127,570,181,230,29
128,570,181,230,29
129,570,181,230,29
130,570,181,230,29
131,570,181,230,29
132,570,181,230,29
133,570,181,230,29
134,570,181,230,29
135,570,181,230,29
136,570,181,230,29
137,570,181,230,29
138,570,181,230,29
139,570,181,230,29
140,570,181,230,29
141,570,181,230,29
142,570,181,230,29
143,570,181,230,29
144,570,181,230,29
145,570,181,230,29
146,570,181,230,29
147,570,181,230,29
148,570,181,230,29
149,570,181,230,29
150,570,181,230,29
151,570,181,230,29
152,570,181,230,29
153,570,181,230,29
154,570,181,230,29
155,570,181,230,29
156,570,181,230,29
157,570,181,230,29
158,570,181,230,29
159,570,181,230,29
160,570,181,230,29
161,570,181,230,29
162,570,189,233,53
122,571,194,234,69
123,571,182,230,32
124,571,181,230,29
125,571,181,230,29
126,571,181,230,29
127,571,181,230,29
128,571,181,230,29
129,571,181,230,29
130,571,181,230,29
131,571,181,230,29
132,571,181,230,29
133,571,181,230,29
134,571,181,230,29
135,571,181,230,29
136,571,181,230,29
137,571,181,230,29
138,571,181,230,29
139,571,181,230,29
140,571,181,230,29
141,571,181,230,29
142,571,181,230,29
143,571,181,230,29
144,571,181,230,29
145,571,181,230,29
146,571,181,230,29
147,571,181,230,29
148,571,181,230,29
149,571,181,230,29
150,571,181,230,29
151,571,181,230,29
152,571,181,230,29
153,571,181,230,29
154,571,181,230,29
155,571,181,230,29
156,571,181,230,29
157,571,181,230,29
158,571,181,230,29
159,571,181,230,29
160,571,181,230,29
161,571,181,230,29
162,571,189,233,53
120,572,195,235,72
121,572,188,232,51
122,572,182,230,32
123,572,181,230,29
124,572,181,230,29
125,572,181,230,29
126,572,181,230,29
127,572,181,230,29
128,572,181,230,29
129,572,181,230,29
130,572,181,230,29
131,572,181,230,29
132,572,181,230,29
133,572,181,230,29
134,572,181,230,29
135,572,181,230,29
136,572,181,230,29
137,572,181,230,29
138,572,181,230,29
139,572,181,230,29
140,572,181,230,29
141,572,181,230,29
142,572,181,230,29
143,572,181,230,29
144,572,181,230,29
145,572,181,230,29
146,572,181,230,29
147,572,181,230,29
148,572,181,230,29
149,572,181,230,29
150,572,181,230,29
151,572,181,230,29
152,572,181,230,29
153,572,181,230,29
154,572,181,230,29
155,572,181,230,29
156,572,181,230,29
157,572,181,230,29
158,572,181,230,29
159,572,181,230,29
160,572,181,230,29
161,572,181,230,29
162,572,189,233,53
119,573,194,234,69
120,573,182,230,32
121,573,181,230,29
122,573,181,230,29
123,573,181,230,29
124,573,181,230,29
125,573,181,230,29
126,573,181,230,29
127,573,181,230,29
128,573,181,230,29
129,573,181,230,29
130,573,181,230,29
131,573,181,230,29
132,573,181,230,29
133,573,181,230,29
134,573,181,230,29
135,573,181,230,29
136,573,181,230,29
137,573,181,230,29
138,573,181,230,29
139,573,181,230,29
140,573,181,230,29
141,573,181,230,29
142,573,181,230,29
143,573,181,230,29
144,573,181,230,29
145,573,181,230,29
146,573,181,230,29
147,573,181,230,29
148,573,181,230,29
149,573,181,230,29
150,573,181,230,29
151,573,181,230,29
152,573,181,230,29
153,573,181,230,29
154,573,181,230,29
155,573,181,230,29
156,573,181,230,29
157,573,181,230,29
158,573,181,230,29
159,573,181,230,29
160,573,181,230,29
161,573,181,230,29
162,573,189,233,53
117,574,195,235,72
118,574,188,232,51
119,574,182,230,32
120,574,181,230,29
121,574,181,230,29
122,574,181,230,29
123,574,181,230,29
124,574,181,230,29
125,574,181,230,29
126,574,181,230,29
127,574,181,230,29
128,574,181,230,29
129,574,181,230,29
130,574,181,230,29
131,574,181,230,29
132,574,181,230,29
133,574,181,230,29
134,574,181,230,29
135,574,181,230,29
136,574,181,230,29
137,574,181,230,29
138,574,181,230,29
139,574,181,230,29
140,574,181,230,29
141,574,181,230,29
142,574,181,230,29
143,574,181,230,29
144,574,181,230,29
145,574,181,230,29
146,574,181,230,29
147,574,181,230,29
148,574,181,230,29
149,574,181,230,29
150,574,181,230,29
151,574,181,230,29
152,574,181,230,29
153,574,181,230,29
154,574,181,230,29
155,574,181,230,29
156,574,181,230,29
157,574,181,230,29
158,574,181,230,29
159,574,181,230,29
160,574,181,230,29
161,574,181,230,29
162,574,189,233,53
116,575,194,234,69
117,575,182,230,32
118,575,181,230,29
119,575,181,230,29
120,575,181,230,29
121,575,181,230,29
122,575,181,230,29
123,575,181,230,29
124,575,181,230,29
125,575,181,230,29
126,575,181,230,29
127,575,181,230,29
128,575,181,230,29
129,575,181,230,29
130,575,181,230,29
131,575,181,230,29
132,575,181,230,29
133,575,181,230,29
134,575,181,230,29
135,575,181,230,29
136,575,181,230,29
137,575,181,230,29
138,575,181,230,29
139,575,181,230,29
140,575,181,230,29
141,575,181,230,29
142,575,181,230,29
143,575,181,230,29
144,575,181,230,29
145,575,181,230,29
146,575,181,230,29
147,575,181,230,29
148,575,181,230,29
149,575,181,230,29
150,575,181,230,29
151,575,181,230,29
152,575,181,230,29
153,575,181,230,29
154,575,181,230,29
155,575,181,230,29
156,575,181,230,29
157,575,181,230,29
158,575,181,230,29
159,575,181,230,29
160,575,181,230,29
161,575,181,230,29
162,575,189,233,53
115,576,194,234,69
116,576,182,230,32
117,576,181,230,29
118,576,181,230,29
119,576,181,230,29
120,576,181,230,29
121,576,181,230,29
122,576,181,230,29
123,576,181,230,29
124,576,181,230,29
125,576,181,230,29
126,576,181,230,29
127,576,181,230,29
128,576,181,230,29
129,576,181,230,29
130,576,181,230,29
131,576,181,230,29
132,576,181,230,29
133,576,181,230,29
134,576,181,230,29
135,576,181,230,29
136,576,181,230,29
137,576,181,230,29
138,576,181,230,29
139,576,181,230,29
140,576,181,230,29
141,576,181,230,29
142,576,181,230,29
143,576,181,230,29
144,576,181,230,29
145,576,181,230,29
146,576,181,230,29
147,576,181,230,29
148,576,181,230,29
149,576,181,230,29
150,576,181,230,29
151,576,181,230,29
152,576,181,230,29
153,576,181,230,29
154,576,181,230,29
155,576,181,230,29
156,576,181,230,29
157,576,181,230,29
158,576,181,230,29
159,576,181,230,29
160,576,181,230,29
161,576,181,230,29
162,576,189,233,53
113,577,195,235,72
114,577,188,232,51
115,577,182,230,32
116,577,181,230,29
117,577,181,230,29
118,577,181,230,29
119,577,181,230,29
120,577,181,230,29
121,577,181,230,29
122,577,181,230,29
123,577,181,230,29
124,577,181,230,29
125,577,181,230,29
126,577,181,230,29
127,577,181,230,29
128,577,181,230,29
129,577,181,230,29
130,577,181,230,29
131,577,181,230,29
132,577,181,230,29
133,577,181,230,29
134,577,181,230,29
135,577,181,230,29
136,577,181,230,29
137,577,181,230,29
138,577,181,230,29
139,577,181,230,29
140,577,181,230,29
141,577,181,230,29
142,577,181,230,29
143,577,181,230,29
144,577,181,230,29
145,577,181,230,29
146,577,181,230,29
147,577,181,230,29
148,577,181,230,29
149,577,181,230,29
150,577,181,230,29
151,577,181,230,29
152,577,181,230,29
153,577,181,230,29
154,577,181,230,29
155,577,181,230,29
156,577,181,230,29
157,577,181,230,29
158,577,181,230,29
159,577,181,230,29
160,577,181,230,29
161,577,181,230,29
162,577,189,233,53
112,578,194,234,69
113,578,182,230,32
114,578,181,230,29
115,578,181,230,29
116,578,181,230,29
117,578,181,230,29
118,578,181,230,29
119,578,181,230,29
120,578,181,230,29
121,578,181,230,29
122,578,181,230,29
123,578,181,230,29
124,578,181,230,29
125,578,181,230,29
126,578,181,230,29
127,578,181,230,29
128,578,181,230,29
129,578,181,230,29
130,578,181,230,29
131,578,181,230,29
132,578,181,230,29
133,578,181,230,29
134,578,181,230,29
135,578,181,230,29
136,578,181,230,29
137,578,181,230,29
138,578,181,230,29
139,578,181,230,29
140,578,181,230,29
141,578,181,230,29
142,578,181,230,29
143,578,181,230,29
144,578,181,230,29
145,578,181,230,29
146,578,181,230,29
147,578,181,230,29
148,578,181,230,29
149,578,181,230,29
150,578,181,230,29
151,578,181,230,29
152,578,181,230,29
153,578,181,230,29
154,578,181,230,29
155,578,181,230,29
156,578,181,230,29
157,578,181,230,29
158,578,181,230,29
159,578,181,230,29
160,578,181,230,29
161,578,181,230,29
162,578,189,233,53
110,579,195,235,72
111,579,188,232,51
112,579,182,230,32
113,579,181,230,29
114,579,181,230,29
115,579,181,230,29
116,579,181,230,29
117,579,181,230,29
118,579,181,230,29
119,579,181,230,29
120,579,181,230,29
121,579,181,230,29
122,579,181,230,29
123,579,181,230,29
124,579,181,230,29
125,579,181,230,29
126,579,181,230,29
127,579,181,230,29
128,579,181,230,29
129,579,181,230,29
130,579,181,230,29
131,579,181,230,29
132,579,181,230,29
133,579,181,230,29
134,579,181,230,29
135,579,181,230,29
136,579,181,230,29
137,579,181,230,29
138,579,181,230,29
139,579,181,230,29
140,579,181,230,29
141,579,181,230,29
142,579,181,230,29
143,579,181,230,29
144,579,181,230,29
145,579,181,230,29
146,579,181,230,29
147,579,181,230,29
148,579,181,230,29
149,579,181,230,29
150,579,181,230,29
151,579,181,230,29
152,579,181,230,29
153,579,181,230,29
154,579,181,230,29
155,579,181,230,29
156,579,181,230,29
157,579,181,230,29
158,579,181,230,29
159,579,181,230,29
160,579,181,230,29
161,579,181,230,29
162,579,189,233,53
109,580,194,234,69
110,580,182,230,32
111,580,181,230,29
112,580,181,230,29
113,580,181,230,29
114,580,181,230,29
115,580,181,230,29
116,580,181,230,29
117,580,181,230,29
118,580,181,230,29
119,580,181,230,29
120,580,181,230,29
121,580,181,230,29
122,580,181,230,29
123,580,181,230,29
124,580,181,230,29
125,580,181,230,29
126,580,181,230,29
127,580,181,230,29
128,580,181,230,29
129,580,181,230,29
130,580,181,230,29
131,580,181,230,29
132,580,181,230,29
133,580,181,230,29
134,580,181,230,29
135,580,181,230,29
136,580,181,230,29
137,580,181,230,29
138,580,181,230,29
139,580,181,230,29
140,580,181,230,29
141,580,181,230,29
142,580,181,230,29
143,580,181,230,29
144,580,181,230,29
145,580,181,230,29
146,580,181,230,29
147,580,181,230,29
148,580,181,230,29
149,580,181,230,29
150,580,181,230,29
151,580,181,230,29
152,580,181,230,29
153,580,181,230,29
154,580,181,230,29
155,580,181,230,29
156,580,181,230,29
157,580,181,230,29
158,580,181,230,29
159,580,181,230,29
160,580,181,230,29
161,580,181,230,29
162,580,189,233,53
107,581,195,235,72
108,581,188,232,51
109,581,182,230,32
110,581,181,230,29
111,581,181,230,29
112,581,181,230,29
113,581,181,230,29
114,581,181,230,29
115,581,181,230,29
116,581,181,230,29
117,581,181,230,29
118,581,181,230,29
119,581,181,230,29
120,581,181,230,29
121,581,181,230,29
122,581,181,230,29
123,581,181,230,29
124,581,181,230,29
125,581,181,230,29
126,581,181,230,29
127,581,181,230,29
128,581,181,230,29
129,581,181,230,29
130,581,181,230,29
131,581,181,230,29
132,581,181,230,29
133,581,181,230,29
134,581,181,230,29
135,581,181,230,29
136,581,181,230,29
137,581,181,230,29
138,581,181,230,29
139,581,181,230,29
140,581,181,230,29
141,581,181,230,29
142,581,181,230,29
143,581,181,230,29
144,581,181,230,29
145,581,181,230,29
146,581,181,230,29
147,581,181,230,29
148,581,181,230,29
149,581,181,230,29
150,581,181,230,29
151,581,181,230,29
152,581,181,230,29
153,581,181,230,29
154,581,181,230,29
155,581,181,230,29
156,581,181,230,29
157,581,181,230,29
158,581,181,230,29
159,581,181,230,29
160,581,181,230,29
161,581,181,230,29
162,581,189,233,53
106,582,194,234,69
107,582,182,230,32
108,582,181,230,29
109,582,181,230,29
110,582,181,230,29
111,582,181,230,29
112,582,181,230,29
113,582,181,230,29
114,582,181,230,29
115,582,181,230,29
116,582,181,230,29
117,582,181,230,29
118,582,181,230,29
119,582,181,230,29
120,582,181,230,29
121,582,181,230,29
122,582,181,230,29
123,582,181,230,29
124,582,181,230,29
125,582,181,230,29
126,582,181,230,29
127,582,181,230,29
128,582,181,230,29
129,582,181,230,29
130,582,181,230,29
131,582,181,230,29
132,582,181,230,29
133,582,181,230,29
134,582,181,230,29
135,582,181,230,29
136,582,181,230,29
137,582,181,230,29
138,582,181,230,29
139,582,181,230,29
140,582,181,230,29
141,582,181,230,29
142,582,181,230,29
143,582,181,230,29
144,582,181,230,29
145,582,181,230,29
146,582,181,230,29
147,582,181,230,29
148,582,181,230,29
149,582,181,230,29
150,582,181,230,29
151,582,181,230,29
152,582,181,230,29
153,582,181,230,29
154,582,181,230,29
155,582,181,230,29
156,582,181,230,29
157,582,181,230,29
158,582,181,230,29
159,582,181,230,29
160,582,181,230,29
161,582,181,230,29
162,582,189,233,53
104,583,195,235,72
105,583,188,232,51
106,583,182,230,32
107,583,181,230,29
108,583,181,230,29
109,583,181,230,29
110,583,181,230,29
111,583,181,230,29
112,583,181,230,29
113,583,181,230,29
114,583,181,230,29
115,583,181,230,29
116,583,181,230,29
117,583,181,230,29
118,583,181,230,29
119,583,181,230,29
120,583,181,230,29
121,583,181,230,29
122,583,181,230,29
123,583,181,230,29
124,583,181,230,29
125,583,181,230,29
126,583,181,230,29
127,583,181,230,29
128,583,181,230,29
129,583,181,230,29
130,583,181,230,29
131,583,181,230,29
132,583,181,230,29
133,583,181,230,29
134,583,181,230,29
135,583,181,230,29
136,583,181,230,29
137,583,181,230,29
138,583,181,230,29
139,583,181,230,29
140,583,181,230,29
141,583,181,230,29
142,583,181,230,29
143,583,181,230,29
144,583,181,230,29
145,583,181,230,29
146,583,181,230,29
147,583,181,230,29
148,583,181,230,29
149,583,181,230,29
150,583,181,230,29
151,583,181,230,29
152,583,181,230,29
153,583,181,230,29
154,583,181,230,29
155,583,181,230,29
156,583,181,230,29
157,583,181,230,29
158,583,181,230,29
159,583,181,230,29
160,583,181,230,29
161,583,181,230,29
162,583,189,233,53
103,584,194,234,69
104,584,182,230,32
105,584,181,230,29
106,584,181,230,29
107,584,181,230,29
108,584,181,230,29
109,584,181,230,29
110,584,181,230,29
111,584,181,230,29
112,584,181,230,29
113,584,181,230,29
114,584,181,230,29
115,584,181,230,29
116,584,181,230,29
117,584,181,230,29
118,584,181,230,29
119,584,181,230,29
120,584,181,230,29
121,584,181,230,29
122,584,181,230,29
123,584,181,230,29
124,584,181,230,29
125,584,181,230,29
126,584,181,230,29
127,584,181,230,29
128,584,181,230,29
129,584,181,230,29
130,584,181,230,29
131,584,181,230,29
132,584,181,230,29
133,584,181,230,29
134,584,181,230,29
135,584,181,230,29
136,584,181,230,29
137,584,181,230,29
138,584,181,230,29
139,584,181,230,29
140,584,181,230,29
141,584,181,230,29
142,584,181,230,29
143,584,181,230,29
144,584,181,230,29
145,584,181,230,29
146,584,181,230,29
147,584,181,230,29
148,584,181,230,29
149,584,181,230,29
150,584,181,230,29
151,584,181,230,29
152,584,181,230,29
153,584,181,230,29
154,584,181,230,29
155,584,181,230,29
156,584,181,230,29
157,584,181,230,29
158,584,181,230,29
159,584,181,230,29
160,584,181,230,29
161,584,181,230,29
162,584,189,233,53
102,585,194,234,69
103,585,182,230,32
104,585,181,230,29
105,585,181,230,29
106,585,181,230,29
107,585,181,230,29
108,585,181,230,29
109,585,181,230,29
110,585,181,230,29
111,585,181,230,29
112,585,181,230,29
113,585,181,230,29
114,585,181,230,29
115,585,181,230,29
116,585,181,230,29
117,585,181,230,29
118,585,181,230,29
119,585,181,230,29
120,585,181,230,29
121,585,181,230,29
122,585,181,230,29
123,585,181,230,29
124,585,181,230,29
125,585,181,230,29
126,585,181,230,29
127,585,181,230,29
128,585,181,230,29
129,585,181,230,29
130,585,181,230,29
131,585,181,230,29
132,585,181,230,29
133,585,181,230,29
134,585,181,230,29
135,585,181,230,29
136,585,181,230,29
137,585,181,230,29
138,585,181,230,29
139,585,181,230,29
140,585,181,230,29
141,585,181,230,29
142,585,181,230,29
143,585,181,230,29
144,585,181,230,29
145,585,181,230,29
146,585,181,230,29
147,585,181,230,29
148,585,181,230,29
149,585,181,230,29
150,585,181,230,29
151,585,181,230,29
152,585,181,230,29
153,585,181,230,29
154,585,181,230,29
155,585,181,230,29
156,585,181,230,29
157,585,181,230,29
158,585,181,230,29
159,585,181,230,29
160,585,181,230,29
161,585,181,230,29
162,585,189,233,53
100,586,195,235,72
101,586,188,232,51
102,586,182,230,32
103,586,181,230,29
104,586,181,230,29
105,586,181,230,29
106,586,181,230,29
107,586,181,230,29
108,586,181,230,29
109,586,181,230,29
110,586,181,230,29
111,586,181,230,29
112,586,181,230,29
113,586,181,230,29
114,586,181,230,29
115,586,181,230,29
116,586,181,230,29
117,586,181,230,29
118,586,181,230,29
119,586,181,230,29
120,586,181,230,29
121,586,181,230,29
122,586,181,230,29
123,586,181,230,29
124,586,181,230,29
125,586,181,230,29
126,586,181,230,29
127,586,181,230,29
128,586,181,230,29
129,586,181,230,29
130,586,181,230,29
131,586,181,230,29
132,586,181,230,29
133,586,181,230,29
134,586,181,230,29
135,586,181,230,29
136,586,181,230,29
137,586,181,230,29
138,586,181,230,29
139,586,181,230,29
140,586,181,230,29
141,586,181,230,29
142,586,181,230,29
143,586,181,230,29
144,586,181,230,29
145,586,181,230,29
146,586,181,230,29
147,586,181,230,29
148,586,181,230,29
149,586,181,230,29
150,586,181,230,29
151,586,181,230,29
152,586,181,230,29
153,586,181,230,29
154,586,181,230,29
155,586,181,230,29
156,586,181,230,29
157,586,181,230,29
158,586,181,230,29
159,586,181,230,29
160,586,181,230,29
161,586,181,230,29
162,586,189,233,53
99,587,195,235,72
100,587,182,230,32
101,587,181,230,29
102,587,181,230,29
103,587,181,230,29
104,587,181,230,29
105,587,181,230,29
106,587,181,230,29
107,587,181,230,29
108,587,181,230,29
109,587,181,230,29
110,587,181,230,29
111,587,181,230,29
112,587,181,230,29
113,587,181,230,29
114,587,181,230,29
115,587,181,230,29
116,587,181,230,29
117,587,181,230,29
118,587,181,230,29
119,587,181,230,29
120,587,181,230,29
121,587,181,230,29
122,587,181,230,29
123,587,181,230,29
124,587,181,230,29
125,587,181,230,29
126,587,181,230,29
127,587,181,230,29
128,587,181,230,29
129,587,181,230,29
130,587,181,230,29
131,587,181,230,29
132,587,181,230,29
133,587,181,230,29
134,587,181,230,29
135,587,181,230,29
136,587,181,230,29
137,587,181,230,29
138,587,181,230,29
139,587,181,230,29
140,587,181,230,29
141,587,181,230,29
142,587,181,230,29
143,587,181,230,29
144,587,181,230,29
145,587,181,230,29
146,587,181,230,29
147,587,181,230,29
148,587,181,230,29
149,587,181,230,29
150,587,181,230,29
151,587,181,230,29
152,587,181,230,29
153,587,181,230,29
154,587,181,230,29
155,587,181,230,29
156,587,181,230,29
157,587,181,230,29
158,587,181,230,29
159,587,181,230,29
160,587,181,230,29
161,587,181,230,29
162,587,189,233,53
99,588,189,233,53
100,588,181,230,29
101,588,181,230,29
102,588,181,230,29
103,588,181,230,29
104,588,181,230,29
105,588,181,230,29
106,588,181,230,29
107,588,181,230,29
108,588,181,230,29
109,588,181,230,29
110,588,181,230,29
111,588,181,230,29
112,588,181,230,29
113,588,181,230,29
114,588,181,230,29
115,588,181,230,29
116,588,181,230,29
117,588,181,230,29
118,588,181,230,29
119,588,181,230,29
120,588,181,230,29
121,588,181,230,29
122,588,181,230,29
123,588,181,230,29
124,588,181,230,29
125,588,181,230,29
126,588,181,230,29
127,588,181,230,29
128,588,181,230,29
129,588,181,230,29
130,588,181,230,29
131,588,181,230,29
132,588,181,230,29
133,588,181,230,29
134,588,181,230,29
135,588,181,230,29
136,588,181,230,29
137,588,181,230,29
138,588,181,230,29
139,588,181,230,29
140,588,181,230,29
141,588,181,230,29
142,588,181,230,29
143,588,181,230,29
144,588,181,230,29
145,588,181,230,29
146,588,181,230,29
147,588,181,230,29
148,588,181,230,29
149,588,181,230,29
150,588,181,230,29
151,588,181,230,29
152,588,181,230,29
153,588,181,230,29
154,588,181,230,29
155,588,181,230,29
156,588,181,230,29
157,588,181,230,29
158,588,181,230,29
159,588,181,230,29
160,588,181,230,29
161,588,181,230,29
162,588,189,233,53
99,589,195,235,72
100,589,182,230,32
101,589,181,230,29
102,589,181,230,29
103,589,181,230,29
104,589,181,230,29
105,589,181,230,29
106,589,181,230,29
107,589,181,230,29
108,589,181,230,29
109,589,181,230,29
110,589,181,230,29
111,589,181,230,29
112,589,181,230,29
113,589,181,230,29
114,589,181,230,29
115,589,181,230,29
116,589,181,230,29
117,589,181,230,29
118,589,181,230,29
119,589,181,230,29
120,589,181,230,29
121,589,181,230,29
122,589,181,230,29
123,589,181,230,29
124,589,181,230,29
125,589,181,230,29
126,589,181,230,29
127,589,181,230,29
128,589,181,230,29
129,589,181,230,29
130,589,181,230,29
131,589,181,230,29
132,589,181,230,29
133,589,181,230,29
134,589,181,230,29
135,589,181,230,29
136,589,181,230,29
137,589,181,230,29
138,589,181,230,29
139,589,181,230,29
140,589,181,230,29
141,589,181,230,29
142,589,181,230,29
143,589,181,230,29
144,589,181,230,29
145,589,181,230,29
146,589,181,230,29
147,589,181,230,29
148,589,181,230,29
149,589,181,230,29
150,589,181,230,29
151,589,181,230,29
152,589,181,230,29
153,589,181,230,29
154,589,181,230,29
155,589,181,230,29
156,589,181,230,29
157,589,181,230,29
158,589,181,230,29
159,589,181,230,29
160,589,181,230,29
161,589,181,230,29
162,589,189,233,53
100,590,194,234,69
101,590,182,230,32
102,590,181,230,29
103,590,181,230,29
104,590,181,230,29
105,590,181,230,29
106,590,181,230,29
107,590,181,230,29
108,590,181,230,29
109,590,181,230,29
110,590,181,230,29
111,590,181,230,29
112,590,181,230,29
113,590,181,230,29
114,590,181,230,29
115,590,181,230,29
116,590,181,230,29
117,590,181,230,29
118,590,181,230,29
119,590,181,230,29
120,590,181,230,29
121,590,181,230,29
122,590,181,230,29
123,590,181,230,29
124,590,181,230,29
125,590,181,230,29
126,590,181,230,29
127,590,181,230,29
128,590,181,230,29
129,590,181,230,29
130,590,181,230,29
131,590,181,230,29
132,590,181,230,29
133,590,181,230,29
134,590,181,230,29
135,590,181,230,29
136,590,181,230,29
137,590,181,230,29
138,590,181,230,29
139,590,181,230,29
140,590,181,230,29
141,590,181,230,29
142,590,181,230,29
143,590,181,230,29
144,590,181,230,29
145,590,181,230,29
146,590,181,230,29
147,590,181,230,29
148,590,181,230,29
149,590,181,230,29
150,590,181,230,29
151,590,181,230,29
152,590,181,230,29
153,590,181,230,29
154,590,181,230,29
155,590,181,230,29
156,590,181,230,29
157,590,181,230,29
158,590,181,230,29
159,590,181,230,29
160,590,181,230,29
161,590,181,230,29
162,590,189,233,53
101,591,195,235,72
102,591,188,232,51
103,591,182,230,32
104,591,181,230,29
105,591,181,230,29
106,591,181,230,29
107,591,181,230,29
108,591,181,230,29
109,591,181,230,29
110,591,181,230,29
111,591,181,230,29
112,591,181,230,29
113,591,181,230,29
114,591,181,230,29
115,591,181,230,29
116,591,181,230,29
117,591,181,230,29
118,591,181,230,29
119,591,181,230,29
120,591,181,230,29
121,591,181,230,29
122,591,181,230,29
123,591,181,230,29
124,591,181,230,29
125,591,181,230,29
126,591,181,230,29
127,591,181,230,29
128,591,181,230,29
129,591,181,230,29
130,591,181,230,29
131,591,181,230,29
132,591,181,230,29
133,591,181,230,29
134,591,181,230,29
135,591,181,230,29
136,591,181,230,29
137,591,181,230,29
138,591,181,230,29
139,591,181,230,29
140,591,181,230,29
141,591,181,230,29
142,591,181,230,29
143,591,181,230,29
144,591,181,230,29
145,591,181,230,29
146,591,181,230,29
147,591,181,230,29
148,591,181,230,29
149,591,181,230,29
150,591,181,230,29
151,591,181,230,29
152,591,181,230,29
153,591,181,230,29
154,591,181,230,29
155,591,181,230,29
156,591,181,230,29
157,591,181,230,29
158,591,181,230,29
159,591,181,230,29
160,591,181,230,29
161,591,181,230,29
162,591,189,233,53
103,592,194,234,69
104,592,182,230,32
105,592,181,230,29
106,592,181,230,29
107,592,181,230,29
108,592,181,230,29
109,592,181,230,29
110,592,181,230,29
111,592,181,230,29
112,592,181,230,29
113,592,181,230,29
114,592,181,230,29
115,592,181,230,29
116,592,181,230,29
117,592,181,230,29
118,592,181,230,29
119,592,181,230,29
120,592,181,230,29
121,592,181,230,29
122,592,181,230,29
123,592,181,230,29
124,592,181,230,29
125,592,181,230,29
126,592,181,230,29
127,592,181,230,29
128,592,181,230,29
129,592,181,230,29
130,592,181,230,29
131,592,181,230,29
132,592,181,230,29
133,592,181,230,29
134,592,181,230,29
135,592,181,230,29
136,592,181,230,29
137,592,181,230,29
138,592,181,230,29
139,592,181,230,29
140,592,181,230,29
141,592,181,230,29
142,592,181,230,29
143,592,181,230,29
144,592,181,230,29
145,592,181,230,29
146,592,181,230,29
147,592,181,230,29
148,592,181,230,29
149,592,181,230,29
150,592,181,230,29
151,592,181,230,29
152,592,181,230,29
153,592,181,230,29
154,592,181,230,29
155,592,181,230,29
156,592,181,230,29
157,592,181,230,29
158,592,181,230,29
159,592,181,230,29
160,592,181,230,29
161,592,181,230,29
162,592,189,233,53
104,593,195,235,72
105,593,188,232,51
106,593,182,230,32
107,593,181,230,29
108,593,181,230,29
109,593,181,230,29
110,593,181,230,29
111,593,181,230,29
112,593,181,230,29
113,593,181,230,29
114,593,181,230,29
115,593,181,230,29
116,593,181,230,29
117,593,181,230,29
118,593,181,230,29
119,593,181,230,29
120,593,181,230,29
121,593,181,230,29
122,593,181,230,29
123,593,181,230,29
124,593,181,230,29
125,593,181,230,29
126,593,181,230,29
127,593,181,230,29
128,593,181,230,29
129,593,181,230,29
130,593,181,230,29
131,593,181,230,29
132,593,181,230,29
133,593,181,230,29
134,593,181,230,29
135,593,181,230,29
136,593,181,230,29
137,593,181,230,29
138,593,181,230,29
139,593,181,230,29
140,593,181,230,29
141,593,181,230,29
142,593,181,230,29
143,593,181,230,29
144,593,181,230,29
145,593,181,230,29
146,593,181,230,29
147,593,181,230,29
148,593,181,230,29
149,593,181,230,29
150,593,181,230,29
151,593,181,230,29
152,593,181,230,29
153,593,181,230,29
154,593,181,230,29
155,593,181,230,29
156,593,181,230,29
157,593,181,230,29
158,593,181,230,29
159,593,181,230,29
160,593,181,230,29
161,593,181,230,29
162,593,189,233,53
106,594,194,234,69
107,594,182,230,32
108,594,181,230,29
109,594,181,230,29
110,594,181,230,29
111,594,181,230,29
112,594,181,230,29
113,594,181,230,29
114,594,181,230,29
115,594,181,230,29
116,594,181,230,29
117,594,181,230,29
118,594,181,230,29
119,594,181,230,29
120,594,181,230,29
121,594,181,230,29
122,594,181,230,29
123,594,181,230,29
124,594,181,230,29
125,594,181,230,29
126,594,181,230,29
127,594,181,230,29
128,594,181,230,29
129,594,181,230,29
130,594,181,230,29
131,594,181,230,29
132,594,181,230,29
133,594,181,230,29
134,594,181,230,29
135,594,181,230,29
136,594,181,230,29
137,594,181,230,29
138,594,181,230,29
139,594,181,230,29
140,594,181,230,29
141,594,181,230,29
142,594,181,230,29
143,594,181,230,29
144,594,181,230,29
145,594,181,230,29
146,594,181,230,29
147,594,181,230,29
148,594,181,230,29
149,594,181,230,29
150,594,181,230,29
151,594,181,230,29
152,594,181,230,29
153,594,181,230,29
154,594,181,230,29
155,594,181,230,29
156,594,181,230,29
157,594,181,230,29
158,594,181,230,29
159,594,181,230,29
160,594,181,230,29
161,594,181,230,29
162,594,189,233,53
107,595,195,235,72
108,595,188,232,51
109,595,182,230,32
110,595,181,230,29
111,595,181,230,29
112,595,181,230,29
113,595,181,230,29
114,595,181,230,29
115,595,181,230,29
116,595,181,230,29
117,595,181,230,29
118,595,181,230,29
119,595,181,230,29
120,595,181,230,29
121,595,181,230,29
122,595,181,230,29
123,595,181,230,29
124,595,181,230,29
125,595,181,230,29
126,595,181,230,29
127,595,181,230,29
128,595,181,230,29
129,595,181,230,29
130,595,181,230,29
131,595,181,230,29
132,595,181,230,29
133,595,181,230,29
134,595,181,230,29
135,595,181,230,29
136,595,181,230,29
137,595,181,230,29
138,595,181,230,29
139,595,181,230,29
140,595,181,230,29
141,595,181,230,29
142,595,181,230,29
143,595,181,230,29
144,595,181,230,29
145,595,181,230,29
146,595,181,230,29
147,595,181,230,29
148,595,181,230,29
149,595,181,230,29
150,595,181,230,29
151,595,181,230,29
152,595,181,230,29
153,595,181,230,29
154,595,181,230,29
155,595,181,230,29
156,595,181,230,29
157,595,181,230,29
158,595,181,230,29
159,595,181,230,29
160,595,181,230,29
161,595,181,230,29
162,595,189,233,53
109,596,194,234,69
110,596,182,230,32
111,596,181,230,29
112,596,181,230,29
113,596,181,230,29
114,596,181,230,29
115,596,181,230,29
116,596,181,230,29
117,596,181,230,29
118,596,181,230,29
119,596,181,230,29
120,596,181,230,29
121,596,181,230,29
122,596,181,230,29
123,596,181,230,29
124,596,181,230,29
125,596,181,230,29
126,596,181,230,29
127,596,181,230,29
128,596,181,230,29
129,596,181,230,29
130,596,181,230,29
131,596,181,230,29
132,596,181,230,29
133,596,181,230,29
134,596,181,230,29
135,596,181,230,29
136,596,181,230,29
137,596,181,230,29
138,596,181,230,29
139,596,181,230,29
140,596,181,230,29
141,596,181,230,29
142,596,181,230,29
143,596,181,230,29
144,596,181,230,29
145,596,181,230,29
146,596,181,230,29
147,596,181,230,29
148,596,181,230,29
149,596,181,230,29
150,596,181,230,29
151,596,181,230,29
152,596,181,230,29
153,596,181,230,29
154,596,181,230,29
155,596,181,230,29
156,596,181,230,29
157,596,181,230,29
158,596,181,230,29
159,596,181,230,29
160,596,181,230,29
161,596,181,230,29
162,596,189,233,53
110,597,195,235,72
111,597,188,232,51
112,597,182,230,32
113,597,181,230,29
114,597,181,230,29
115,597,181,230,29
116,597,181,230,29
117,597,181,230,29
118,597,181,230,29
119,597,181,230,29
120,597,181,230,29
121,597,181,230,29
122,597,181,230,29
123,597,181,230,29
124,597,181,230,29
125,597,181,230,29
126,597,181,230,29
127,597,181,230,29
128,597,181,230,29
129,597,181,230,29
130,597,181,230,29
131,597,181,230,29
132,597,181,230,29
133,597,181,230,29
134,597,181,230,29
135,597,181,230,29
136,597,181,230,29
137,597,181,230,29
138,597,181,230,29
139,597,181,230,29
140,597,181,230,29
141,597,181,230,29
142,597,181,230,29
143,597,181,230,29
144,597,181,230,29
145,597,181,230,29
146,597,181,230,29
147,597,181,230,29
148,597,181,230,29
149,597,181,230,29
150,597,181,230,29
151,597,181,230,29
152,597,181,230,29
153,597,181,230,29
154,597,181,230,29
155,597,181,230,29
156,597,181,230,29
157,597,181,230,29
158,597,181,230,29
159,597,181,230,29
160,597,181,230,29
161,597,181,230,29
162,597,189,233,53
112,598,194,234,69
113,598,182,230,32
114,598,181,230,29
115,598,181,230,29
116,598,181,230,29
117,598,181,230,29
118,598,181,230,29
119,598,181,230,29
120,598,181,230,29
121,598,181,230,29
122,598,181,230,29
123,598,181,230,29
124,598,181,230,29
125,598,181,230,29
126,598,181,230,29
127,598,181,230,29
128,598,181,230,29
129,598,181,230,29
130,598,181,230,29
131,598,181,230,29
132,598,181,230,29
133,598,181,230,29
134,598,181,230,29
135,598,181,230,29
136,598,181,230,29
137,598,181,230,29
138,598,181,230,29
139,598,181,230,29
140,598,181,230,29
141,598,181,230,29
142,598,181,230,29
143,598,181,230,29
144,598,181,230,29
145,598,181,230,29
146,598,181,230,29
147,598,181,230,29
148,598,181,230,29
149,598,181,230,29
150,598,181,230,29
151,598,181,230,29
152,598,181,230,29
153,598,181,230,29
154,598,181,230,29
155,598,181,230,29
156,598,181,230,29
157,598,181,230,29
158,598,181,230,29
159,598,181,230,29
160,598,181,230,29
161,598,181,230,29
162,598,189,233,53
113,599,194,234,69
114,599,182,230,32
115,599,181,230,29
116,599,181,230,29
117,599,181,230,29
118,599,181,230,29
119,599,181,230,29
120,599,181,230,29
121,599,181,230,29
122,599,181,230,29
123,599,181,230,29
124,599,181,230,29
125,599,181,230,29
126,599,181,230,29
127,599,181,230,29
128,599,181,230,29
129,599,181,230,29
130,599,181,230,29
131,599,181,230,29
132,599,181,230,29
133,599,181,230,29
134,599,181,230,29
135,599,181,230,29
136,599,181,230,29
137,599,181,230,29
138,599,181,230,29
139,599,181,230,29
140,599,181,230,29
141,599,181,230,29
142,599,181,230,29
143,599,181,230,29
144,599,181,230,29
145,599,181,230,29
146,599,181,230,29
147,599,181,230,29
148,599,181,230,29
149,599,181,230,29
150,599,181,230,29
151,599,181,230,29
152,599,181,230,29
153,599,181,230,29
154,599,181,230,29
155,599,181,230,29
156,599,181,230,29
157,599,181,230,29
158,599,181,230,29
159,599,181,230,29
160,599,181,230,29
161,599,181,230,29
162,599,189,233,53
114,600,195,235,72
115,600,188,232,51
116,600,182,230,32
117,600,181,230,29
118,600,181,230,29
119,600,181,230,29
120,600,181,230,29
121,600,181,230,29
122,600,181,230,29
123,600,181,230,29
124,600,181,230,29
125,600,181,230,29
126,600,181,230,29
127,600,181,230,29
128,600,181,230,29
129,600,181,230,29
130,600,181,230,29
131,600,181,230,29
132,600,181,230,29
133,600,181,230,29
134,600,181,230,29
135,600,181,230,29
136,600,181,230,29
137,600,181,230,29
138,600,181,230,29
139,600,181,230,29
140,600,181,230,29
141,600,181,230,29
142,600,181,230,29
143,600,181,230,29
144,600,181,230,29
145,600,181,230,29
146,600,181,230,29
147,600,181,230,29
148,600,181,230,29
149,600,181,230,29
150,600,181,230,29
151,600,181,230,29
152,600,181,230,29
153,600,181,230,29
154,600,181,230,29
155,600,181,230,29
156,600,181,230,29
157,600,181,230,29
158,600,181,230,29
159,600,181,230,29
160,600,181,230,29
161,600,181,230,29
162,600,189,233,53
116,601,194,234,69
117,601,182,230,32
118,601,181,230,29
119,601,181,230,29
120,601,181,230,29
121,601,181,230,29
122,601,181,230,29
123,601,181,230,29
124,601,181,230,29
125,601,181,230,29
126,601,181,230,29
127,601,181,230,29
128,601,181,230,29
129,601,181,230,29
130,601,181,230,29
131,601,181,230,29
132,601,181,230,29
133,601,181,230,29
134,601,181,230,29
135,601,181,230,29
136,601,181,230,29
137,601,181,230,29
138,601,181,230,29
139,601,181,230,29
140,601,181,230,29
141,601,181,230,29
142,601,181,230,29
143,601,181,230,29
144,601,181,230,29
145,601,181,230,29
146,601,181,230,29
147,601,181,230,29
148,601,181,230,29
149,601,181,230,29
150,601,181,230,29
151,601,181,230,29
152,601,181,230,29
153,601,181,230,29
154,601,181,230,29
155,601,181,230,29
156,601,181,230,29
157,601,181,230,29
158,601,181,230,29
159,601,181,230,29
160,601,181,230,29
161,601,181,230,29
162,601,189,233,53
117,602,195,235,72
118,602,188,232,51
119,602,182,230,32
120,602,181,230,29
121,602,181,230,29
122,602,181,230,29
123,602,181,230,29
124,602,181,230,29
125,602,181,230,29
126,602,181,230,29
127,602,181,230,29
128,602,181,230,29
129,602,181,230,29
130,602,181,230,29
131,602,181,230,29
132,602,181,230,29
133,602,181,230,29
134,602,181,230,29
135,602,181,230,29
136,602,181,230,29
137,602,181,230,29
138,602,181,230,29
139,602,181,230,29
140,602,181,230,29
141,602,181,230,29
142,602,181,230,29
143,602,181,230,29
144,602,181,230,29
145,602,181,230,29
146,602,181,230,29
147,602,181,230,29
148,602,181,230,29
149,602,181,230,29
150,602,181,230,29
151,602,181,230,29
152,602,181,230,29
153,602,181,230,29
154,602,181,230,29
155,602,181,230,29
156,602,181,230,29
157,602,181,230,29
158,602,181,230,29
159,602,181,230,29
160,602,181,230,29
161,602,181,230,29
162,602,189,233,53
119,603,194,234,69
120,603,182,230,32
121,603,181,230,29
122,603,181,230,29
123,603,181,230,29
124,603,181,230,29
125,603,181,230,29
126,603,181,230,29
127,603,181,230,29
128,603,181,230,29
129,603,181,230,29
130,603,181,230,29
131,603,181,230,29
132,603,181,230,29
133,603,181,230,29
134,603,181,230,29
135,603,181,230,29
136,603,181,230,29
137,603,181,230,29
138,603,181,230,29
139,603,181,230,29
140,603,181,230,29
141,603,181,230,29
142,603,181,230,29
143,603,181,230,29
144,603,181,230,29
145,603,181,230,29
146,603,181,230,29
147,603,181,230,29
148,603,181,230,29
149,603,181,230,29
150,603,181,230,29
151,603,181,230,29
152,603,181,230,29
153,603,181,230,29
154,603,181,230,29
155,603,181,230,29
156,603,181,230,29
157,603,181,230,29
158,603,181,230,29
159,603,181,230,29
160,603,181,230,29
161,603,181,230,29
162,603,189,233,53
120,604,195,235,72
121,604,188,232,51
122,604,182,230,32
123,604,181,230,29
124,604,181,230,29
125,604,181,230,29
126,604,181,230,29
127,604,181,230,29
128,604,181,230,29
129,604,181,230,29
130,604,181,230,29
131,604,181,230,29
132,604,181,230,29
133,604,181,230,29
134,604,181,230,29
135,604,181,230,29
136,604,181,230,29
137,604,181,230,29
138,604,181,230,29
139,604,181,230,29
140,604,181,230,29
141,604,181,230,29
142,604,181,230,29
143,604,181,230,29
144,604,181,230,29
145,604,181,230,29
146,604,181,230,29
147,604,181,230,29
148,604,181,230,29
149,604,181,230,29
150,604,181,230,29
151,604,181,230,29
152,604,181,230,29
153,604,181,230,29
154,604,181,230,29
155,604,181,230,29
156,604,181,230,29
157,604,181,230,29
158,604,181,230,29
159,604,181,230,29
160,604,181,230,29
161,604,181,230,29
162,604,189,233,53
122,605,194,234,69
123,605,182,230,32
124,605,181,230,29
125,605,181,230,29
126,605,181,230,29
127,605,181,230,29
128,605,181,230,29
129,605,181,230,29
130,605,181,230,29
131,605,181,230,29
132,605,181,230,29
133,605,181,230,29
134,605,181,230,29
135,605,181,230,29
136,605,181,230,29
137,605,181,230,29
138,605,181,230,29
139,605,181,230,29
140,605,181,230,29
141,605,181,230,29
142,605,181,230,29
143,605,181,230,29
144,605,181,230,29
145,605,181,230,29
146,605,181,230,29
147,605,181,230,29
148,605,181,230,29
149,605,181,230,29
150,605,181,230,29
151,605,181,230,29
152,605,181,230,29
153,605,181,230,29
154,605,181,230,29
155,605,181,230,29
156,605,181,230,29
157,605,181,230,29
158,605,181,230,29
159,605,181,230,29
160,605,181,230,29
161,605,181,230,29
162,605,189,233,53
123,606,194,234,69
124,606,182,230,32
125,606,181,230,29
126,606,181,230,29
127,606,181,230,29
128,606,181,230,29
129,606,181,230,29
130,606,181,230,29
131,606,181,230,29
132,606,181,230,29
133,606,181,230,29
134,606,181,230,29
135,606,181,230,29
136,606,181,230,29
137,606,181,230,29
138,606,181,230,29
139,606,181,230,29
140,606,181,230,29
141,606,181,230,29
142,606,181,230,29
143,606,181,230,29
144,606,181,230,29
145,606,181,230,29
146,606,181,230,29
147,606,181,230,29
148,606,181,230,29
149,606,181,230,29
150,606,181,230,29
151,606,181,230,29
152,606,181,230,29
153,606,181,230,29
154,606,181,230,29
155,606,181,230,29
156,606,181,230,29
157,606,181,230,29
158,606,181,230,29
159,606,181,230,29
160,606,181,230,29
161,606,181,230,29
162,606,189,233,53
124,607,195,235,72
125,607,188,232,51
126,607,182,230,32
127,607,181,230,29
128,607,181,230,29
129,607,181,230,29
130,607,181,230,29
131,607,181,230,29
132,607,181,230,29
133,607,181,230,29
134,607,181,230,29
135,607,181,230,29
136,607,181,230,29
137,607,181,230,29
138,607,181,230,29
139,607,181,230,29
140,607,181,230,29
141,607,181,230,29
142,607,181,230,29
143,607,181,230,29
144,607,181,230,29
145,607,181,230,29
146,607,181,230,29
147,607,181,230,29
148,607,181,230,29
149,607,181,230,29
150,607,181,230,29
151,607,181,230,29
152,607,181,230,29
153,607,181,230,29
154,607,181,230,29
155,607,181,230,29
156,607,181,230,29
157,607,181,230,29
158,607,181,230,29
159,607,181,230,29
160,607,181,230,29
161,607,181,230,29
162,607,189,233,53
126,608,194,234,69
127,608,182,230,32
128,608,181,230,29
129,608,181,230,29
130,608,181,230,29
131,608,181,230,29
132,608,181,230,29
133,608,181,230,29
134,608,181,230,29
135,608,181,230,29
136,608,181,230,29
137,608,181,230,29
138,608,181,230,29
139,608,181,230,29
140,608,181,230,29
141,608,181,230,29
142,608,181,230,29
143,608,181,230,29
144,608,181,230,29
145,608,181,230,29
146,608,181,230,29
147,608,181,230,29
148,608,181,230,29
149,608,181,230,29
150,608,181,230,29
151,608,181,230,29
152,608,181,230,29
153,608,181,230,29
154,608,181,230,29
155,608,181,230,29
156,608,181,230,29
157,608,181,230,29
158,608,181,230,29
159,608,181,230,29
160,608,181,230,29
161,608,181,230,29
162,608,189,233,53
127,609,195,235,72
128,609,188,232,51
129,609,182,230,32
130,609,181,230,29
131,609,181,230,29
132,609,181,230,29
133,609,181,230,29
134,609,181,230,29
135,609,181,230,29
136,609,181,230,29
137,609,181,230,29
138,609,181,230,29
139,609,181,230,29
140,609,181,230,29
141,609,181,230,29
142,609,181,230,29
143,609,181,230,29
144,609,181,230,29
145,609,181,230,29
146,609,181,230,29
147,609,181,230,29
148,609,181,230,29
149,609,181,230,29
150,609,181,230,29
151,609,181,230,29
152,609,181,230,29
153,609,181,230,29
154,609,181,230,29
155,609,181,230,29
156,609,181,230,29
157,609,181,230,29
158,609,181,230,29
159,609,181,230,29
160,609,181,230,29
161,609,181,230,29
162,609,189,233,53
129,610,194,234,69
130,610,182,230,32
131,610,181,230,29
132,610,181,230,29
133,610,181,230,29
134,610,181,230,29
135,610,181,230,29
136,610,181,230,29
137,610,181,230,29
138,610,181,230,29
139,610,181,230,29
140,610,181,230,29
141,610,181,230,29
142,610,181,230,29
143,610,181,230,29
144,610,181,230,29
145,610,181,230,29
146,610,181,230,29
147,610,181,230,29
148,610,181,230,29
149,610,181,230,29
150,610,181,230,29
151,610,181,230,29
152,610,181,230,29
153,610,181,230,29
154,610,181,230,29
155,610,181,230,29
156,610,181,230,29
157,610,181,230,29
158,610,181,230,29
159,610,181,230,29
160,610,181,230,29
161,610,181,230,29
162,610,189,233,53
130,611,195,235,72
131,611,188,232,51
132,611,182,230,32
133,611,181,230,29
134,611,181,230,29
135,611,181,230,29
136,611,181,230,29
137,611,181,230,29
138,611,181,230,29
139,611,181,230,29
140,611,181,230,29
141,611,181,230,29
142,611,181,230,29
143,611,181,230,29
144,611,181,230,29
145,611,181,230,29
146,611,181,230,29
147,611,181,230,29
148,611,181,230,29
149,611,181,230,29
150,611,181,230,29
151,611,181,230,29
152,611,181,230,29
153,611,181,230,29
154,611,181,230,29
155,611,181,230,29
156,611,181,230,29
157,611,181,230,29
158,611,181,230,29
159,611,181,230,29
160,611,181,230,29
161,611,181,230,29
162,611,189,233,53
132,612,194,234,69
133,612,182,230,32
134,612,181,230,29
135,612,181,230,29
136,612,181,230,29
137,612,181,230,29
138,612,181,230,29
139,612,181,230,29
140,612,181,230,29
141,612,181,230,29
142,612,181,230,29
143,612,181,230,29
144,612,181,230,29
145,612,181,230,29
146,612,181,230,29
147,612,181,230,29
148,612,181,230,29
149,612,181,230,29
150,612,181,230,29
151,612,181,230,29
152,612,181,230,29
153,612,181,230,29
154,612,181,230,29
155,612,181,230,29
156,612,181,230,29
157,612,181,230,29
158,612,181,230,29
159,612,181,230,29
160,612,181,230,29
161,612,181,230,29
162,612,189,233,53
133,613,195,235,72
134,613,188,232,51
135,613,182,230,32
136,613,181,230,29
137,613,181,230,29
138,613,181,230,29
139,613,181,230,29
140,613,181,230,29
141,613,181,230,29
142,613,181,230,29
143,613,181,230,29
144,613,181,230,29
145,613,181,230,29
146,613,181,230,29
147,613,181,230,29
148,613,181,230,29
149,613,181,230,29
150,613,181,230,29
151,613,181,230,29
152,613,181,230,29
153,613,181,230,29
154,613,181,230,29
155,613,181,230,29
156,613,181,230,29
157,613,181,230,29
158,613,181,230,29
159,613,181,230,29
160,613,181,230,29
161,613,181,230,29
162,613,189,233,53
135,614,194,234,69
136,614,182,230,32
137,614,181,230,29
138,614,181,230,29
139,614,181,230,29
140,614,181,230,29
141,614,181,230,29
142,614,181,230,29
143,614,181,230,29
144,614,181,230,29
145,614,181,230,29
146,614,181,230,29
147,614,181,230,29
148,614,181,230,29
149,614,181,230,29
150,614,181,230,29
151,614,181,230,29
152,614,181,230,29
153,614,181,230,29
154,614,181,230,29
155,614,181,230,29
156,614,181,230,29
157,614,181,230,29
158,614,181,230,29
159,614,181,230,29
160,614,181,230,29
161,614,181,230,29
162,614,189,233,53
136,615,194,234,69
137,615,182,230,32
138,615,181,230,29
139,615,181,230,29
140,615,181,230,29
141,615,181,230,29
142,615,181,230,29
143,615,181,230,29
144,615,181,230,29
145,615,181,230,29
146,615,181,230,29
147,615,181,230,29
148,615,181,230,29
149,615,181,230,29
150,615,181,230,29
151,615,181,230,29
152,615,181,230,29
153,615,181,230,29
154,615,181,230,29
155,615,181,230,29
156,615,181,230,29
157,615,181,230,29
158,615,181,230,29
159,615,181,230,29
160,615,181,230,29
161,615,181,230,29
162,615,189,233,53
137,616,195,235,72
138,616,188,232,51
139,616,182,230,32
140,616,181,230,29
141,616,181,230,29
142,616,181,230,29
143,616,181,230,29
144,616,181,230,29
145,616,181,230,29
146,616,181,230,29
147,616,181,230,29
148,616,181,230,29
149,616,181,230,29
150,616,181,230,29
151,616,181,230,29
152,616,181,230,29
153,616,181,230,29
154,616,181,230,29
155,616,181,230,29
156,616,181,230,29
157,616,181,230,29
158,616,181,230,29
159,616,181,230,29
160,616,181,230,29
161,616,181,230,29
162,616,189,233,53
139,617,194,234,69
140,617,182,230,32
141,617,181,230,29
142,617,181,230,29
143,617,181,230,29
144,617,181,230,29
145,617,181,230,29
146,617,181,230,29
147,617,181,230,29
148,617,181,230,29
149,617,181,230,29
150,617,181,230,29
151,617,181,230,29
152,617,181,230,29
153,617,181,230,29
154,617,181,230,29
155,617,181,230,29
156,617,181,230,29
157,617,181,230,29
158,617,181,230,29
159,617,181,230,29
160,617,181,230,29
161,617,181,230,29
162,617,189,233,53
140,618,195,235,72
141,618,188,232,51
142,618,182,230,32
143,618,181,230,29
144,618,181,230,29
145,618,181,230,29
146,618,181,230,29
147,618,181,230,29
148,618,181,230,29
149,618,181,230,29
150,618,181,230,29
151,618,181,230,29
152,618,181,230,29
153,618,181,230,29
154,618,181,230,29
155,618,181,230,29
156,618,181,230,29
157,618,181,230,29
158,618,181,230,29
159,618,181,230,29
160,618,181,230,29
161,618,181,230,29
162,618,189,233,53
142,619,194,234,69
143,619,182,230,32
144,619,181,230,29
145,619,181,230,29
146,619,181,230,29
147,619,181,230,29
148,619,181,230,29
149,619,181,230,29
150,619,181,230,29
151,619,181,230,29
152,619,181,230,29
153,619,181,230,29
154,619,181,230,29
155,619,181,230,29
156,619,181,230,29
157,619,181,230,29
158,619,181,230,29
159,619,181,230,29
160,619,181,230,29
161,619,181,230,29
162,619,189,233,53
143,620,195,235,72
144,620,188,232,51
145,620,182,230,32
146,620,181,230,29
147,620,181,230,29
148,620,181,230,29
149,620,181,230,29
150,620,181,230,29
151,620,181,230,29
152,620,181,230,29
153,620,181,230,29
154,620,181,230,29
155,620,181,230,29
156,620,181,230,29
157,620,181,230,29
158,620,181,230,29
159,620,181,230,29
160,620,181,230,29
161,620,181,230,29
162,620,189,233,53
145,621,194,234,69
146,621,182,230,32
147,621,181,230,29
148,621,181,230,29
149,621,181,230,29
150,621,181,230,29
151,621,181,230,29
152,621,181,230,29
153,621,181,230,29
154,621,181,230,29
155,621,181,230,29
156,621,181,230,29
157,621,181,230,29
158,621,181,230,29
159,621,181,230,29
160,621,181,230,29
161,621,181,230,29
162,621,189,233,53
146,622,195,235,72
147,622,188,232,51
148,622,182,230,32
149,622,181,230,29
150,622,181,230,29
151,622,181,230,29
152,622,181,230,29
153,622,181,230,29
154,622,181,230,29
155,622,181,230,29
156,622,181,230,29
157,622,181,230,29
158,622,181,230,29
159,622,181,230,29
160,622,181,230,29
161,622,181,230,29
162,622,189,233,53
148,623,194,234,69
149,623,182,230,32
150,623,181,230,29
151,623,181,230,29
152,623,181,230,29
153,623,181,230,29
154,623,181,230,29
155,623,181,230,29
156,623,181,230,29
157,623,181,230,29
158,623,181,230,29
159,623,181,230,29
160,623,181,230,29
161,623,181,230,29
162,623,189,233,53
149,624,194,234,69
150,624,182,230,32
151,624,181,230,29
152,624,181,230,29
153,624,181,230,29
154,624,181,230,29
155,624,181,230,29
156,624,181,230,29
157,624,181,230,29
158,624,181,230,29
159,624,181,230,29
160,624,181,230,29
161,624,181,230,29
162,624,189,233,53
150,625,195,235,72
151,625,188,232,51
152,625,182,230,32
153,625,181,230,29
154,625,181,230,29
155,625,181,230,29
156,625,181,230,29
157,625,181,230,29
158,625,181,230,29
159,625,181,230,29
160,625,181,230,29
161,625,181,230,29
162,625,189,233,53
152,626,194,234,69
153,626,182,230,32
154,626,181,230,29
155,626,181,230,29
156,626,181,230,29
157,626,181,230,29
158,626,181,230,29
159,626,181,230,29
160,626,181,230,29
161,626,181,230,29
162,626,189,233,53
153,627,195,235,72
154,627,188,232,51
155,627,182,230,32
156,627,181,230,29
157,627,181,230,29
158,627,181,230,29
159,627,181,230,29
160,627,181,230,29
161,627,181,230,29
162,627,189,233,53
155,628,194,234,69
156,628,182,230,32
157,628,181,230,29
158,628,181,230,29
159,628,181,230,29
160,628,181,230,29
161,628,181,230,29
162,628,189,233,53
156,629,195,235,72
157,629,188,232,51
158,629,182,230,32
159,629,181,230,29
160,629,181,230,29
161,629,181,230,29
162,629,189,233,53
158,630,194,234,69
159,630,182,230,32
160,630,181,230,29
161,630,182,230,32
162,630,195,235,72
159,631,195,235,72
160,631,189,233,53
161,631,195,235,72
