185,74,195,235,72
186,74,195,235,72
184,75,194,234,69
185,75,182,230,32
186,75,182,230,32
187,75,194,234,69
183,76,195,235,72
184,76,182,230,32
185,76,181,230,29
186,76,181,230,29
187,76,182,230,32
188,76,195,235,72
183,77,189,233,53
184,77,181,230,29
185,77,181,230,29
186,77,181,230,29
187,77,181,230,29
188,77,189,233,53
183,78,189,233,53
184,78,181,230,29
185,78,181,230,29
186,78,181,230,29
187,78,181,230,29
188,78,189,233,53
183,79,188,232,51
184,79,181,230,29
185,79,181,230,29
186,79,181,230,29
187,79,181,230,29
188,79,188,232,51
182,80,195,235,72
183,80,182,230,32
184,80,181,230,29
185,80,181,230,29
186,80,181,230,29
187,80,181,230,29
188,80,182,230,32
189,80,195,235,72
182,81,189,233,53
183,81,181,230,29
184,81,181,230,29
185,81,181,230,29
186,81,181,230,29
187,81,181,230,29
188,81,181,230,29
189,81,189,233,53
182,82,189,233,53
183,82,181,230,29
184,82,181,230,29
185,82,181,230,29
186,82,181,230,29
187,82,181,230,29
188,82,181,230,29
189,82,188,232,51
182,83,188,232,51
183,83,181,230,29
184,83,181,230,29
185,83,181,230,29
186,83,181,230,29
187,83,181,230,29
188,83,181,230,29
189,83,182,230,32
190,83,195,235,72
181,84,195,235,72
182,84,182,230,32
183,84,181,230,29
184,84,181,230,29
185,84,181,230,29
186,84,181,230,29
187,84,181,230,29
188,84,181,230,29
189,84,181,230,29
190,84,189,233,53
181,85,189,233,53
182,85,181,230,29
183,85,181,230,29
184,85,181,230,29
185,85,181,230,29
186,85,181,230,29
187,85,181,230,29
188,85,181,230,29
189,85,181,230,29
190,85,189,233,53
181,86,188,232,51
182,86,181,230,29
183,86,181,230,29
184,86,181,230,29
185,86,181,230,29
186,86,181,230,29
187,86,181,230,29
188,86,181,230,29
189,86,181,230,29
190,86,188,232,51
180,87,195,235,72
181,87,182,230,32
182,87,181,230,29
183,87,181,230,29
184,87,181,230,29
185,87,181,230,29
186,87,181,230,29
187,87,181,230,29
188,87,181,230,29
189,87,181,230,29
190,87,182,230,32
191,87,195,235,72
180,88,189,233,53
181,88,181,230,29
182,88,181,230,29
183,88,181,230,29
184,88,181,230,29
185,88,181,230,29
186,88,181,230,29
187,88,181,230,29
188,88,181,230,29
189,88,181,230,29
190,88,181,230,29
191,88,189,233,53
180,89,189,233,53
181,89,181,230,29
182,89,181,230,29
183,89,181,230,29
184,89,181,230,29
185,89,181,230,29
186,89,181,230,29
187,89,181,230,29
188,89,181,230,29
189,89,181,230,29
190,89,181,230,29
191,89,189,233,53
180,90,188,232,51
181,90,181,230,29
182,90,181,230,29
183,90,181,230,29
184,90,181,230,29
185,90,181,230,29
186,90,181,230,29
187,90,181,230,29
188,90,181,230,29
189,90,181,230,29
190,90,181,230,29
191,90,188,232,51
179,91,195,235,72
180,91,182,230,32
181,91,181,230,29
182,91,181,230,29
183,91,181,230,29
184,91,181,230,29
185,91,181,230,29
186,91,181,230,29
187,91,181,230,29
188,91,181,230,29
189,91,181,230,29
190,91,181,230,29
191,91,182,230,32
192,91,195,235,72
179,92,189,233,53
180,92,181,230,29
181,92,181,230,29
182,92,181,230,29
183,92,181,230,29
184,92,181,230,29
185,92,181,230,29
186,92,181,230,29
187,92,181,230,29
188,92,181,230,29
189,92,181,230,29
190,92,181,230,29
191,92,181,230,29
192,92,189,233,53
179,93,189,233,53
180,93,181,230,29
181,93,181,230,29
182,93,181,230,29
183,93,181,230,29
184,93,181,230,29
185,93,181,230,29
186,93,181,230,29
187,93,181,230,29
188,93,181,230,29
189,93,181,230,29
190,93,181,230,29
191,93,181,230,29
192,93,188,232,51
179,94,188,232,51
180,94,181,230,29
181,94,181,230,29
182,94,181,230,29
183,94,181,230,29
184,94,181,230,29
185,94,181,230,29
186,94,181,230,29
187,94,181,230,29
188,94,181,230,29
189,94,181,230,29
190,94,181,230,29
191,94,181,230,29
192,94,182,230,32
193,94,195,235,72
178,95,195,235,72
179,95,182,230,32
180,95,181,230,29
181,95,181,230,29
182,95,181,230,29
183,95,181,230,29
184,95,181,230,29
185,95,181,230,29
186,95,181,230,29
187,95,181,230,29
188,95,181,230,29
189,95,181,230,29
190,95,181,230,29
191,95,181,230,29
192,95,181,230,29
193,95,189,233,53
178,96,189,233,53
179,96,181,230,29
180,96,181,230,29
181,96,181,230,29
182,96,181,230,29
183,96,181,230,29
184,96,181,230,29
185,96,181,230,29
186,96,181,230,29
187,96,181,230,29
188,96,181,230,29
189,96,181,230,29
190,96,181,230,29
191,96,181,230,29
192,96,181,230,29
193,96,189,233,53
178,97,188,232,51
179,97,181,230,29
180,97,181,230,29
181,97,181,230,29
182,97,181,230,29
183,97,181,230,29
184,97,181,230,29
185,97,181,230,29
186,97,181,230,29
187,97,181,230,29
188,97,181,230,29
189,97,181,230,29
190,97,181,230,29
191,97,181,230,29
192,97,181,230,29
193,97,188,232,51
177,98,195,235,72
178,98,182,230,32
179,98,181,230,29
180,98,181,230,29
181,98,181,230,29
182,98,181,230,29
183,98,181,230,29
184,98,181,230,29
185,98,181,230,29
186,98,181,230,29
187,98,181,230,29
188,98,181,230,29
189,98,181,230,29
190,98,181,230,29
191,98,181,230,29
192,98,181,230,29
193,98,182,230,32
194,98,195,235,72
177,99,189,233,53
178,99,181,230,29
179,99,181,230,29
180,99,181,230,29
181,99,181,230,29
182,99,181,230,29
183,99,181,230,29
184,99,181,230,29
185,99,181,230,29
186,99,181,230,29
187,99,181,230,29
188,99,181,230,29
189,99,181,230,29
190,99,181,230,29
191,99,181,230,29
192,99,181,230,29
193,99,181,230,29
194,99,189,233,53
177,100,188,232,51
178,100,181,230,29
179,100,181,230,29
180,100,181,230,29
181,100,181,230,29
182,100,181,230,29
183,100,181,230,29
184,100,181,230,29
185,100,181,230,29
186,100,181,230,29
187,100,181,230,29
188,100,181,230,29
189,100,181,230,29
190,100,181,230,29
191,100,181,230,29
192,100,181,230,29
193,100,181,230,29
194,100,188,232,51
174,101,195,235,72
175,101,189,233,53
176,101,188,232,51
177,101,182,230,32
178,101,181,230,29
179,101,181,230,29
180,101,181,230,29
181,101,181,230,29
182,101,181,230,29
183,101,181,230,29
184,101,181,230,29
185,101,181,230,29
186,101,181,230,29
187,101,181,230,29
188,101,181,230,29
189,101,181,230,29
190,101,181,230,29
191,101,181,230,29
192,101,181,230,29
193,101,181,230,29
194,101,182,230,32
195,101,188,232,51
196,101,189,233,53
197,101,195,235,72
171,102,195,235,72
172,102,189,233,53
173,102,188,232,51
174,102,182,230,32
175,102,181,230,29
176,102,181,230,29
177,102,181,230,29
178,102,181,230,29
179,102,181,230,29
180,102,181,230,29
181,102,181,230,29
182,102,181,230,29
183,102,181,230,29
184,102,181,230,29
185,102,181,230,29
186,102,181,230,29
187,102,181,230,29
188,102,181,230,29
189,102,181,230,29
190,102,181,230,29
191,102,181,230,29
192,102,181,230,29
193,102,181,230,29
194,102,181,230,29
195,102,181,230,29
196,102,181,230,29
197,102,182,230,32
198,102,188,232,51
199,102,189,233,53
200,102,195,235,72
169,103,195,235,72
170,103,188,232,51
171,103,182,230,32
172,103,181,230,29
173,103,181,230,29
174,103,181,230,29
175,103,181,230,29
176,103,181,230,29
177,103,181,230,29
178,103,181,230,29
179,103,181,230,29
180,103,181,230,29
181,103,181,230,29
182,103,181,230,29
183,103,181,230,29
184,103,181,230,29
185,103,181,230,29
186,103,181,230,29
187,103,181,230,29
188,103,181,230,29
189,103,181,230,29
190,103,181,230,29
191,103,181,230,29
192,103,181,230,29
193,103,181,230,29
194,103,181,230,29
195,103,181,230,29
196,103,181,230,29
197,103,181,230,29
198,103,181,230,29
199,103,181,230,29
200,103,182,230,32
201,103,188,232,51
202,103,189,233,53
203,103,195,235,72
166,104,195,235,72
167,104,189,233,53
168,104,188,232,51
169,104,182,230,32
170,104,181,230,29
171,104,181,230,29
172,104,181,230,29
173,104,181,230,29
174,104,181,230,29
175,104,181,230,29
176,104,181,230,29
177,104,181,230,29
178,104,181,230,29
179,104,181,230,29
180,104,181,230,29
181,104,181,230,29
182,104,181,230,29
183,104,181,230,29
184,104,181,230,29
185,104,181,230,29
186,104,181,230,29
187,104,181,230,29
188,104,181,230,29
189,104,181,230,29
190,104,181,230,29
191,104,181,230,29
192,104,181,230,29
193,104,181,230,29
194,104,181,230,29
195,104,181,230,29
196,104,181,230,29
197,104,181,230,29
198,104,181,230,29
199,104,181,230,29
200,104,181,230,29
201,104,181,230,29
202,104,181,230,29
203,104,182,230,32
204,104,188,232,51
205,104,195,235,72
163,105,195,235,72
164,105,189,233,53
165,105,188,232,51
166,105,182,230,32
167,105,181,230,29
168,105,181,230,29
169,105,181,230,29
170,105,181,230,29
171,105,181,230,29
172,105,181,230,29
173,105,181,230,29
174,105,181,230,29
175,105,181,230,29
176,105,181,230,29
177,105,181,230,29
178,105,181,230,29
179,105,181,230,29
180,105,181,230,29
181,105,181,230,29
182,105,181,230,29
183,105,181,230,29
184,105,181,230,29
185,105,181,230,29
186,105,181,230,29
187,105,181,230,29
188,105,181,230,29
189,105,181,230,29
190,105,181,230,29
191,105,181,230,29
192,105,181,230,29
193,105,181,230,29
194,105,181,230,29
195,105,181,230,29
196,105,181,230,29
197,105,181,230,29
198,105,181,230,29
199,105,181,230,29
200,105,181,230,29
201,105,181,230,29
202,105,181,230,29
203,105,181,230,29
204,105,181,230,29
205,105,182,230,32
206,105,188,232,51
207,105,189,233,53
208,105,195,235,72
160,106,195,235,72
161,106,189,233,53
162,106,188,232,51
163,106,182,230,32
164,106,181,230,29
165,106,181,230,29
166,106,181,230,29
167,106,181,230,29
168,106,181,230,29
169,106,181,230,29
170,106,181,230,29
171,106,181,230,29
172,106,181,230,29
173,106,181,230,29
174,106,181,230,29
175,106,181,230,29
176,106,181,230,29
177,106,181,230,29
178,106,181,230,29
179,106,181,230,29
180,106,181,230,29
181,106,181,230,29
182,106,181,230,29
183,106,181,230,29
184,106,181,230,29
185,106,181,230,29
186,106,181,230,29
187,106,181,230,29
188,106,181,230,29
189,106,181,230,29
190,106,181,230,29
191,106,181,230,29
192,106,181,230,29
193,106,181,230,29
194,106,181,230,29
195,106,181,230,29
196,106,181,230,29
197,106,181,230,29
198,106,181,230,29
199,106,181,230,29
200,106,181,230,29
201,106,181,230,29
202,106,181,230,29
203,106,181,230,29
204,106,181,230,29
205,106,181,230,29
206,106,181,230,29
207,106,181,230,29
208,106,182,230,32
209,106,188,232,51
210,106,189,233,53
211,106,195,235,72
158,107,195,235,72
159,107,188,232,51
160,107,182,230,32
161,107,181,230,29
162,107,181,230,29
163,107,181,230,29
164,107,181,230,29
165,107,181,230,29
166,107,181,230,29
167,107,181,230,29
168,107,181,230,29
169,107,181,230,29
170,107,181,230,29
171,107,181,230,29
172,107,181,230,29
173,107,181,230,29
174,107,181,230,29
175,107,181,230,29
176,107,181,230,29
177,107,181,230,29
178,107,181,230,29
179,107,181,230,29
180,107,181,230,29
181,107,181,230,29
182,107,181,230,29
183,107,181,230,29
184,107,181,230,29
185,107,181,230,29
186,107,181,230,29
187,107,181,230,29
188,107,181,230,29
189,107,181,230,29
190,107,181,230,29
191,107,181,230,29
192,107,181,230,29
193,107,181,230,29
194,107,181,230,29
195,107,181,230,29
196,107,181,230,29
197,107,181,230,29
198,107,181,230,29
199,107,181,230,29
200,107,181,230,29
201,107,181,230,29
202,107,181,230,29
203,107,181,230,29
204,107,181,230,29
205,107,181,230,29
206,107,181,230,29
207,107,181,230,29
208,107,181,230,29
209,107,181,230,29
210,107,181,230,29
211,107,182,230,32
212,107,188,232,51
213,107,195,235,72
155,108,195,235,72
156,108,189,233,53
157,108,188,232,51
158,108,182,230,32
159,108,181,230,29
160,108,181,230,29
161,108,181,230,29
162,108,181,230,29
163,108,181,230,29
164,108,181,230,29
165,108,181,230,29
166,108,181,230,29
167,108,181,230,29
168,108,181,230,29
169,108,181,230,29
170,108,181,230,29
171,108,181,230,29
172,108,181,230,29
173,108,181,230,29
174,108,181,230,29
175,108,181,230,29
176,108,181,230,29
177,108,181,230,29
178,108,181,230,29
179,108,181,230,29
180,108,181,230,29
181,108,181,230,29
182,108,181,230,29
183,108,181,230,29
184,108,181,230,29
185,108,181,230,29
186,108,181,230,29
187,108,181,230,29
188,108,181,230,29
189,108,181,230,29
190,108,181,230,29
191,108,181,230,29
192,108,181,230,29
193,108,181,230,29
194,108,181,230,29
195,108,181,230,29
196,108,181,230,29
197,108,181,230,29
198,108,181,230,29
199,108,181,230,29
200,108,181,230,29
201,108,181,230,29
202,108,181,230,29
203,108,181,230,29
204,108,181,230,29
205,108,181,230,29
206,108,181,230,29
207,108,181,230,29
208,108,181,230,29
209,108,181,230,29
210,108,181,230,29
211,108,181,230,29
212,108,181,230,29
213,108,182,230,32
214,108,188,232,51
215,108,189,233,53
216,108,195,235,72
154,109,195,235,72
155,109,182,230,32
156,109,181,230,29
157,109,181,230,29
158,109,181,230,29
159,109,181,230,29
160,109,181,230,29
161,109,181,230,29
162,109,181,230,29
163,109,181,230,29
164,109,181,230,29
165,109,181,230,29
166,109,181,230,29
167,109,181,230,29
168,109,181,230,29
169,109,181,230,29
170,109,181,230,29
171,109,181,230,29
172,109,181,230,29
173,109,181,230,29
174,109,181,230,29
175,109,181,230,29
176,109,181,230,29
177,109,181,230,29
178,109,181,230,29
179,109,181,230,29
180,109,181,230,29
181,109,181,230,29
182,109,181,230,29
183,109,181,230,29
184,109,181,230,29
185,109,181,230,29
186,109,181,230,29
187,109,181,230,29
188,109,181,230,29
189,109,181,230,29
190,109,181,230,29
191,109,181,230,29
192,109,181,230,29
193,109,181,230,29
194,109,181,230,29
195,109,181,230,29
196,109,181,230,29
197,109,181,230,29
198,109,181,230,29
199,109,181,230,29
200,109,181,230,29
201,109,181,230,29
202,109,181,230,29
203,109,181,230,29
204,109,181,230,29
205,109,181,230,29
206,109,181,230,29
207,109,181,230,29
208,109,181,230,29
209,109,181,230,29
210,109,181,230,29
211,109,181,230,29
212,109,181,230,29
213,109,181,230,29
214,109,181,230,29
215,109,181,230,29
216,109,182,230,32
217,109,195,235,72
154,110,189,233,53
155,110,181,230,29
156,110,181,230,29
157,110,181,230,29
158,110,181,230,29
159,110,181,230,29
160,110,181,230,29
161,110,181,230,29
162,110,181,230,29
163,110,181,230,29
164,110,181,230,29
165,110,181,230,29
166,110,181,230,29
167,110,181,230,29
168,110,181,230,29
169,110,181,230,29
170,110,181,230,29
171,110,181,230,29
172,110,181,230,29
173,110,181,230,29
174,110,181,230,29
175,110,181,230,29
176,110,181,230,29
177,110,181,230,29
178,110,181,230,29
179,110,181,230,29
180,110,181,230,29
181,110,181,230,29
182,110,181,230,29
183,110,181,230,29
184,110,181,230,29
185,110,181,230,29
186,110,181,230,29
187,110,181,230,29
188,110,181,230,29
189,110,181,230,29
190,110,181,230,29
191,110,181,230,29
192,110,181,230,29
193,110,181,230,29
194,110,181,230,29
195,110,181,230,29
196,110,181,230,29
197,110,181,230,29
198,110,181,230,29
199,110,181,230,29
200,110,181,230,29
201,110,181,230,29
202,110,181,230,29
203,110,181,230,29
204,110,181,230,29
205,110,181,230,29
206,110,181,230,29
207,110,181,230,29
208,110,181,230,29
209,110,181,230,29
210,110,181,230,29
211,110,181,230,29
212,110,181,230,29
213,110,181,230,29
214,110,181,230,29
215,110,181,230,29
216,110,181,230,29
217,110,189,233,53
154,111,195,235,72
155,111,182,230,32
156,111,181,230,29
157,111,181,230,29
158,111,181,230,29
159,111,181,230,29
160,111,181,230,29
161,111,181,230,29
162,111,181,230,29
163,111,181,230,29
164,111,181,230,29
165,111,181,230,29
166,111,181,230,29
167,111,181,230,29
168,111,181,230,29
169,111,181,230,29
170,111,181,230,29
171,111,181,230,29
172,111,181,230,29
173,111,181,230,29
174,111,181,230,29
175,111,181,230,29
176,111,181,230,29
177,111,181,230,29
178,111,181,230,29
179,111,181,230,29
180,111,181,230,29
181,111,181,230,29
182,111,181,230,29
183,111,181,230,29
184,111,181,230,29
185,111,181,230,29
186,111,181,230,29
187,111,181,230,29
188,111,181,230,29
189,111,181,230,29
190,111,181,230,29
191,111,181,230,29
192,111,181,230,29
193,111,181,230,29
194,111,181,230,29
195,111,181,230,29
196,111,181,230,29
197,111,181,230,29
198,111,181,230,29
199,111,181,230,29
200,111,181,230,29
201,111,181,230,29
202,111,181,230,29
203,111,181,230,29
204,111,181,230,29
205,111,181,230,29
206,111,181,230,29
207,111,181,230,29
208,111,181,230,29
209,111,181,230,29
210,111,181,230,29
211,111,181,230,29
212,111,181,230,29
213,111,181,230,29
214,111,181,230,29
215,111,181,230,29
216,111,182,230,32
217,111,195,235,72
155,112,195,235,72
156,112,188,232,51
157,112,182,230,32
158,112,181,230,29
159,112,181,230,29
160,112,181,230,29
161,112,181,230,29
162,112,181,230,29
163,112,181,230,29
164,112,181,230,29
165,112,181,230,29
166,112,181,230,29
167,112,181,230,29
168,112,181,230,29
169,112,181,230,29
170,112,181,230,29
171,112,181,230,29
172,112,181,230,29
173,112,181,230,29
174,112,181,230,29
175,112,181,230,29
176,112,181,230,29
177,112,181,230,29
178,112,181,230,29
179,112,181,230,29
180,112,181,230,29
181,112,181,230,29
182,112,181,230,29
183,112,181,230,29
184,112,181,230,29
185,112,181,230,29
186,112,181,230,29
187,112,181,230,29
188,112,181,230,29
189,112,181,230,29
190,112,181,230,29
191,112,181,230,29
192,112,181,230,29
193,112,181,230,29
194,112,181,230,29
195,112,181,230,29
196,112,181,230,29
197,112,181,230,29
198,112,181,230,29
199,112,181,230,29
200,112,181,230,29
201,112,181,230,29
202,112,181,230,29
203,112,181,230,29
204,112,181,230,29
205,112,181,230,29
206,112,181,230,29
207,112,181,230,29
208,112,181,230,29
209,112,181,230,29
210,112,181,230,29
211,112,181,230,29
212,112,181,230,29
213,112,181,230,29
214,112,182,230,32
215,112,188,232,51
216,112,195,235,72
157,113,195,235,72
158,113,189,233,53
159,113,188,232,51
160,113,182,230,32
161,113,181,230,29
162,113,181,230,29
163,113,181,230,29
164,113,181,230,29
165,113,181,230,29
166,113,181,230,29
167,113,181,230,29
168,113,181,230,29
169,113,181,230,29
170,113,181,230,29
171,113,181,230,29
172,113,181,230,29
173,113,181,230,29
174,113,181,230,29
175,113,181,230,29
176,113,181,230,29
177,113,181,230,29
178,113,181,230,29
179,113,181,230,29
180,113,181,230,29
181,113,181,230,29
182,113,181,230,29
183,113,181,230,29
184,113,181,230,29
185,113,181,230,29
186,113,181,230,29
187,113,181,230,29
188,113,181,230,29
189,113,181,230,29
190,113,181,230,29
191,113,181,230,29
192,113,181,230,29
193,113,181,230,29
194,113,181,230,29
195,113,181,230,29
196,113,181,230,29
197,113,181,230,29
198,113,181,230,29
199,113,181,230,29
200,113,181,230,29
201,113,181,230,29
202,113,181,230,29
203,113,181,230,29
204,113,181,230,29
205,113,181,230,29
206,113,181,230,29
207,113,181,230,29
208,113,181,230,29
209,113,181,230,29
210,113,181,230,29
211,113,182,230,32
212,113,188,232,51
213,113,189,233,53
214,113,195,235,72
160,114,195,235,72
161,114,189,233,53
162,114,188,232,51
163,114,182,230,32
164,114,181,230,29
165,114,181,230,29
166,114,181,230,29
167,114,181,230,29
168,114,181,230,29
169,114,181,230,29
170,114,181,230,29
171,114,181,230,29
172,114,181,230,29
173,114,181,230,29
174,114,181,230,29
175,114,181,230,29
176,114,181,230,29
177,114,181,230,29
178,114,181,230,29
179,114,181,230,29
180,114,181,230,29
181,114,181,230,29
182,114,181,230,29
183,114,181,230,29
184,114,181,230,29
185,114,181,230,29
186,114,181,230,29
187,114,181,230,29
188,114,181,230,29
189,114,181,230,29
190,114,181,230,29
191,114,181,230,29
192,114,181,230,29
193,114,181,230,29
194,114,181,230,29
195,114,181,230,29
196,114,181,230,29
197,114,181,230,29
198,114,181,230,29
199,114,181,230,29
200,114,181,230,29
201,114,181,230,29
202,114,181,230,29
203,114,181,230,29
204,114,181,230,29
205,114,181,230,29
206,114,181,230,29
207,114,181,230,29
208,114,182,230,32
209,114,188,232,51
210,114,189,233,53
211,114,195,235,72
163,115,195,235,72
164,115,189,233,53
165,115,188,232,51
166,115,182,230,32
167,115,181,230,29
168,115,181,230,29
169,115,181,230,29
170,115,181,230,29
171,115,181,230,29
172,115,181,230,29
173,115,181,230,29
174,115,181,230,29
175,115,181,230,29
176,115,181,230,29
177,115,181,230,29
178,115,181,230,29
179,115,181,230,29
180,115,181,230,29
181,115,181,230,29
182,115,181,230,29
183,115,181,230,29
184,115,181,230,29
185,115,181,230,29
186,115,181,230,29
187,115,181,230,29
188,115,181,230,29
189,115,181,230,29
190,115,181,230,29
191,115,181,230,29
192,115,181,230,29
193,115,181,230,29
194,115,181,230,29
195,115,181,230,29
196,115,181,230,29
197,115,181,230,29
198,115,181,230,29
199,115,181,230,29
200,115,181,230,29
201,115,181,230,29
202,115,181,230,29
203,115,181,230,29
204,115,181,230,29
205,115,182,230,32
206,115,188,232,51
207,115,189,233,53
208,115,195,235,72
166,116,195,235,72
167,116,188,232,51
168,116,182,230,32
169,116,181,230,29
170,116,181,230,29
171,116,181,230,29
172,116,181,230,29
173,116,181,230,29
174,116,181,230,29
175,116,181,230,29
176,116,181,230,29
177,116,181,230,29
178,116,181,230,29
179,116,181,230,29
180,116,181,230,29
181,116,181,230,29
182,116,181,230,29
183,116,181,230,29
184,116,181,230,29
185,116,181,230,29
186,116,181,230,29
187,116,181,230,29
188,116,181,230,29
189,116,181,230,29
190,116,181,230,29
191,116,181,230,29
192,116,181,230,29
193,116,181,230,29
194,116,181,230,29
195,116,181,230,29
196,116,181,230,29
197,116,181,230,29
198,116,181,230,29
199,116,181,230,29
200,116,181,230,29
201,116,181,230,29
202,116,181,230,29
203,116,182,230,32
204,116,188,232,51
205,116,195,235,72
168,117,195,235,72
169,117,189,233,53
170,117,188,232,51
171,117,182,230,32
172,117,181,230,29
173,117,181,230,29
174,117,181,230,29
175,117,181,230,29
176,117,181,230,29
177,117,181,230,29
178,117,181,230,29
179,117,181,230,29
180,117,181,230,29
181,117,181,230,29
182,117,181,230,29
183,117,181,230,29
184,117,181,230,29
185,117,181,230,29
186,117,181,230,29
187,117,181,230,29
188,117,181,230,29
189,117,181,230,29
190,117,181,230,29
191,117,181,230,29
192,117,181,230,29
193,117,181,230,29
194,117,181,230,29
195,117,181,230,29
196,117,181,230,29
197,117,181,230,29
198,117,181,230,29
199,117,181,230,29
200,117,182,230,32
201,117,188,232,51
202,117,189,233,53
203,117,195,235,72
171,118,195,235,72
172,118,189,233,53
173,118,188,232,51
174,118,182,230,32
175,118,181,230,29
176,118,181,230,29
177,118,181,230,29
178,118,181,230,29
179,118,181,230,29
180,118,181,230,29
181,118,181,230,29
182,118,181,230,29
183,118,181,230,29
184,118,181,230,29
185,118,181,230,29
186,118,181,230,29
187,118,181,230,29
188,118,181,230,29
189,118,181,230,29
190,118,181,230,29
191,118,181,230,29
192,118,181,230,29
193,118,181,230,29
194,118,181,230,29
195,118,181,230,29
196,118,181,230,29
197,118,182,230,32
198,118,188,232,51
199,118,189,233,53
200,118,195,235,72
174,119,195,235,72
175,119,189,233,53
176,119,188,232,51
177,119,182,230,32
178,119,181,230,29
179,119,181,230,29
180,119,181,230,29
181,119,181,230,29
182,119,181,230,29
183,119,181,230,29
184,119,181,230,29
185,119,181,230,29
186,119,181,230,29
187,119,181,230,29
188,119,181,230,29
189,119,181,230,29
190,119,181,230,29
191,119,181,230,29
192,119,181,230,29
193,119,181,230,29
194,119,182,230,32
195,119,188,232,51
196,119,189,233,53
197,119,195,235,72
177,120,188,232,51
178,120,181,230,29
179,120,181,230,29
180,120,181,230,29
181,120,181,230,29
182,120,181,230,29
183,120,181,230,29
184,120,181,230,29
185,120,181,230,29
186,120,181,230,29
187,120,181,230,29
188,120,181,230,29
189,120,181,230,29
190,120,181,230,29
191,120,181,230,29
192,120,181,230,29
193,120,181,230,29
194,120,188,232,51
177,121,189,233,53
178,121,181,230,29
179,121,181,230,29
180,121,181,230,29
181,121,181,230,29
182,121,181,230,29
183,121,181,230,29
184,121,181,230,29
185,121,181,230,29
186,121,181,230,29
187,121,181,230,29
188,121,181,230,29
189,121,181,230,29
190,121,181,230,29
191,121,181,230,29
192,121,181,230,29
193,121,181,230,29
194,121,189,233,53
177,122,195,235,72
178,122,182,230,32
179,122,181,230,29
180,122,181,230,29
181,122,181,230,29
182,122,181,230,29
183,122,181,230,29
184,122,181,230,29
185,122,181,230,29
186,122,181,230,29
187,122,181,230,29
188,122,181,230,29
189,122,181,230,29
190,122,181,230,29
191,122,181,230,29
192,122,181,230,29
193,122,182,230,32
194,122,195,235,72
178,123,188,232,51
179,123,181,230,29
180,123,181,230,29
181,123,181,230,29
182,123,181,230,29
183,123,181,230,29
184,123,181,230,29
185,123,181,230,29
186,123,181,230,29
187,123,181,230,29
188,123,181,230,29
189,123,181,230,29
190,123,181,230,29
191,123,181,230,29
192,123,181,230,29
193,123,188,232,51
178,124,189,233,53
179,124,181,230,29
180,124,181,230,29
181,124,181,230,29
182,124,181,230,29
183,124,181,230,29
184,124,181,230,29
185,124,181,230,29
186,124,181,230,29
187,124,181,230,29
188,124,181,230,29
189,124,181,230,29
190,124,181,230,29
191,124,181,230,29
192,124,181,230,29
193,124,189,233,53
178,125,195,235,72
179,125,182,230,32
180,125,181,230,29
181,125,181,230,29
182,125,181,230,29
183,125,181,230,29
184,125,181,230,29
185,125,181,230,29
186,125,181,230,29
187,125,181,230,29
188,125,181,230,29
189,125,181,230,29
190,125,181,230,29
191,125,181,230,29
192,125,181,230,29
193,125,189,233,53
179,126,188,232,51
180,126,181,230,29
181,126,181,230,29
182,126,181,230,29
183,126,181,230,29
184,126,181,230,29
185,126,181,230,29
186,126,181,230,29
187,126,181,230,29
188,126,181,230,29
189,126,181,230,29
190,126,181,230,29
191,126,181,230,29
192,126,182,230,32
193,126,195,235,72
179,127,189,233,53
180,127,181,230,29
181,127,181,230,29
182,127,181,230,29
183,127,181,230,29
184,127,181,230,29
185,127,181,230,29
186,127,181,230,29
187,127,181,230,29
188,127,181,230,29
189,127,181,230,29
190,127,181,230,29
191,127,181,230,29
192,127,188,232,51
179,128,189,233,53
180,128,181,230,29
181,128,181,230,29
182,128,181,230,29
183,128,181,230,29
184,128,181,230,29
185,128,181,230,29
186,128,181,230,29
187,128,181,230,29
188,128,181,230,29
189,128,181,230,29
190,128,181,230,29
191,128,181,230,29
192,128,189,233,53
179,129,195,235,72
180,129,182,230,32
181,129,181,230,29
182,129,181,230,29
183,129,181,230,29
184,129,181,230,29
185,129,181,230,29
186,129,181,230,29
187,129,181,230,29
188,129,181,230,29
189,129,181,230,29
190,129,181,230,29
191,129,182,230,32
192,129,195,235,72
180,130,188,232,51
181,130,181,230,29
182,130,181,230,29
183,130,181,230,29
184,130,181,230,29
185,130,181,230,29
186,130,181,230,29
187,130,181,230,29
188,130,181,230,29
189,130,181,230,29
190,130,181,230,29
191,130,188,232,51
180,131,189,233,53
181,131,181,230,29
182,131,181,230,29
183,131,181,230,29
184,131,181,230,29
185,131,181,230,29
186,131,181,230,29
187,131,181,230,29
188,131,181,230,29
189,131,181,230,29
190,131,181,230,29
191,131,189,233,53
180,132,189,233,53
181,132,181,230,29
182,132,181,230,29
183,132,181,230,29
184,132,181,230,29
185,132,181,230,29
186,132,181,230,29
187,132,181,230,29
188,132,181,230,29
189,132,181,230,29
190,132,181,230,29
191,132,189,233,53
180,133,195,235,72
181,133,182,230,32
182,133,181,230,29
183,133,181,230,29
184,133,181,230,29
185,133,181,230,29
186,133,181,230,29
187,133,181,230,29
188,133,181,230,29
189,133,181,230,29
190,133,182,230,32
191,133,195,235,72
181,134,188,232,51
182,134,181,230,29
183,134,181,230,29
184,134,181,230,29
185,134,181,230,29
186,134,181,230,29
187,134,181,230,29
188,134,181,230,29
189,134,181,230,29
190,134,188,232,51
181,135,189,233,53
182,135,181,230,29
183,135,181,230,29
184,135,181,230,29
185,135,181,230,29
186,135,181,230,29
187,135,181,230,29
188,135,181,230,29
189,135,181,230,29
190,135,189,233,53
181,136,195,235,72
182,136,182,230,32
183,136,181,230,29
184,136,181,230,29
185,136,181,230,29
186,136,181,230,29
187,136,181,230,29
188,136,181,230,29
189,136,181,230,29
190,136,189,233,53
182,137,188,232,51
183,137,181,230,29
184,137,181,230,29
185,137,181,230,29
186,137,181,230,29
187,137,181,230,29
188,137,181,230,29
189,137,182,230,32
190,137,195,235,72
182,138,189,233,53
183,138,181,230,29
184,138,181,230,29
185,138,181,230,29
186,138,181,230,29
187,138,181,230,29
188,138,181,230,29
189,138,188,232,51
182,139,189,233,53
183,139,181,230,29
184,139,181,230,29
185,139,181,230,29
186,139,181,230,29
187,139,181,230,29
188,139,181,230,29
189,139,189,233,53
182,140,195,235,72
183,140,182,230,32
184,140,181,230,29
185,140,181,230,29
186,140,181,230,29
187,140,181,230,29
188,140,182,230,32
189,140,195,235,72
183,141,188,232,51
184,141,181,230,29
185,141,181,230,29
186,141,181,230,29
187,141,181,230,29
188,141,188,232,51
183,142,189,233,53
184,142,181,230,29
185,142,181,230,29
186,142,181,230,29
187,142,181,230,29
188,142,189,233,53
183,143,189,233,53
184,143,181,230,29
185,143,181,230,29
186,143,181,230,29
187,143,181,230,29
188,143,189,233,53
183,144,195,235,72
184,144,182,230,32
185,144,181,230,29
186,144,181,230,29
187,144,182,230,32
188,144,195,235,72
184,145,194,234,69
185,145,182,230,32
186,145,182,230,32
187,145,194,234,69
185,146,195,235,72
186,146,195,235,72
