203,169
204,169
205,169
206,169
207,169
208,169
209,169
200,170
201,170
202,170
203,170
204,170
205,170
206,170
207,170
208,170
209,170
210,170
211,170
212,170
213,170
198,171
199,171
200,171
201,171
202,171
203,171
204,171
205,171
206,171
207,171
208,171
209,171
210,171
211,171
212,171
213,171
214,171
215,171
216,171
196,172
197,172
198,172
199,172
200,172
201,172
202,172
203,172
204,172
205,172
206,172
207,172
208,172
209,172
210,172
211,172
212,172
213,172
214,172
215,172
216,172
217,172
218,172
195,173
196,173
197,173
198,173
199,173
200,173
201,173
202,173
203,173
204,173
205,173
206,173
207,173
208,173
209,173
210,173
211,173
212,173
213,173
214,173
215,173
216,173
217,173
218,173
219,173
220,173
194,174
195,174
196,174
197,174
198,174
199,174
200,174
201,174
202,174
203,174
204,174
205,174
206,174
207,174
208,174
209,174
210,174
211,174
212,174
213,174
214,174
215,174
216,174
217,174
218,174
219,174
220,174
221,174
222,174
193,175
194,175
195,175
196,175
197,175
198,175
199,175
200,175
201,175
202,175
203,175
204,175
205,175
206,175
207,175
208,175
209,175
210,175
211,175
212,175
213,175
214,175
215,175
216,175
217,175
218,175
219,175
220,175
221,175
222,175
223,175
193,176
194,176
195,176
196,176
197,176
198,176
199,176
200,176
201,176
202,176
203,176
204,176
205,176
206,176
207,176
208,176
209,176
210,176
211,176
212,176
213,176
214,176
215,176
216,176
217,176
218,176
219,176
220,176
221,176
222,176
223,176
224,176
225,176
192,177
193,177
194,177
195,177
196,177
197,177
198,177
199,177
200,177
201,177
202,177
203,177
204,177
205,177
206,177
207,177
208,177
209,177
210,177
211,177
212,177
213,177
214,177
215,177
216,177
217,177
218,177
219,177
220,177
221,177
222,177
223,177
224,177
225,177
226,177
192,178
193,178
194,178
195,178
196,178
197,178
198,178
199,178
200,178
201,178
202,178
203,178
204,178
205,178
206,178
207,178
208,178
209,178
210,178
211,178
212,178
213,178
214,178
215,178
216,178
217,178
218,178
219,178
220,178
221,178
222,178
223,178
224,178
225,178
226,178
227,178
192,179
193,179
194,179
195,179
196,179
197,179
198,179
199,179
200,179
201,179
202,179
203,179
204,179
205,179
206,179
207,179
208,179
209,179
210,179
211,179
212,179
213,179
214,179
215,179
216,179
217,179
218,179
219,179
220,179
221,179
222,179
223,179
224,179
225,179
226,179
227,179
228,179
191,180
192,180
193,180
194,180
195,180
196,180
197,180
198,180
199,180
200,180
201,180
202,180
203,180
204,180
205,180
206,180
207,180
208,180
209,180
210,180
211,180
212,180
213,180
214,180
215,180
216,180
217,180
218,180
219,180
220,180
221,180
222,180
223,180
224,180
225,180
226,180
227,180
228,180
229,180
191,181
192,181
193,181
194,181
195,181
196,181
197,181
198,181
199,181
200,181
201,181
202,181
203,181
204,181
205,181
206,181
207,181
208,181
209,181
210,181
211,181
212,181
213,181
214,181
215,181
216,181
217,181
218,181
219,181
220,181
221,181
222,181
223,181
224,181
225,181
226,181
227,181
228,181
229,181
230,181
191,182
192,182
193,182
194,182
195,182
196,182
197,182
198,182
199,182
200,182
201,182
202,182
203,182
204,182
205,182
206,182
207,182
208,182
209,182
210,182
211,182
212,182
213,182
214,182
215,182
216,182
217,182
218,182
219,182
220,182
221,182
222,182
223,182
224,182
225,182
226,182
227,182
228,182
229,182
230,182
231,182
191,183
192,183
193,183
194,183
195,183
196,183
197,183
198,183
199,183
200,183
201,183
202,183
203,183
204,183
205,183
206,183
207,183
208,183
209,183
210,183
211,183
212,183
213,183
214,183
215,183
216,183
217,183
218,183
219,183
220,183
221,183
222,183
223,183
224,183
225,183
226,183
227,183
228,183
229,183
230,183
231,183
232,183
192,184
193,184
194,184
195,184
196,184
197,184
198,184
199,184
200,184
201,184
202,184
203,184
204,184
205,184
206,184
207,184
208,184
209,184
210,184
211,184
212,184
213,184
214,184
215,184
216,184
217,184
218,184
219,184
220,184
221,184
222,184
223,184
224,184
225,184
226,184
227,184
228,184
229,184
230,184
231,184
232,184
233,184
192,185
193,185
194,185
195,185
196,185
197,185
198,185
199,185
200,185
201,185
202,185
203,185
204,185
205,185
206,185
207,185
208,185
209,185
210,185
211,185
212,185
213,185
214,185
215,185
216,185
217,185
218,185
219,185
220,185
221,185
222,185
223,185
224,185
225,185
226,185
227,185
228,185
229,185
230,185
231,185
232,185
233,185
234,185
192,186
193,186
194,186
195,186
196,186
197,186
198,186
199,186
200,186
201,186
202,186
203,186
204,186
205,186
206,186
207,186
208,186
209,186
210,186
211,186
212,186
213,186
214,186
215,186
216,186
217,186
218,186
219,186
220,186
221,186
222,186
223,186
224,186
225,186
226,186
227,186
228,186
229,186
230,186
231,186
232,186
233,186
234,186
192,187
193,187
194,187
195,187
196,187
197,187
198,187
199,187
200,187
201,187
202,187
203,187
204,187
205,187
206,187
207,187
208,187
209,187
210,187
211,187
212,187
213,187
214,187
215,187
216,187
217,187
218,187
219,187
220,187
221,187
222,187
223,187
224,187
225,187
226,187
227,187
228,187
229,187
230,187
231,187
232,187
233,187
234,187
235,187
193,188
194,188
195,188
196,188
197,188
198,188
199,188
200,188
201,188
202,188
203,188
204,188
205,188
206,188
207,188
208,188
209,188
210,188
211,188
212,188
213,188
214,188
215,188
216,188
217,188
218,188
219,188
220,188
221,188
222,188
223,188
224,188
225,188
226,188
227,188
228,188
229,188
230,188
231,188
232,188
233,188
234,188
235,188
236,188
194,189
195,189
196,189
197,189
198,189
199,189
200,189
201,189
202,189
203,189
204,189
205,189
206,189
207,189
208,189
209,189
210,189
211,189
212,189
213,189
214,189
215,189
216,189
217,189
218,189
219,189
220,189
221,189
222,189
223,189
224,189
225,189
226,189
227,189
228,189
229,189
230,189
231,189
232,189
233,189
234,189
235,189
236,189
194,190
195,190
196,190
197,190
198,190
199,190
200,190
201,190
202,190
203,190
204,190
205,190
206,190
207,190
208,190
209,190
210,190
211,190
212,190
213,190
214,190
215,190
216,190
217,190
218,190
219,190
220,190
221,190
222,190
223,190
224,190
225,190
226,190
227,190
228,190
229,190
230,190
231,190
232,190
233,190
234,190
235,190
236,190
237,190
195,191
196,191
197,191
198,191
199,191
200,191
201,191
202,191
203,191
204,191
205,191
206,191
207,191
208,191
209,191
210,191
211,191
212,191
213,191
214,191
215,191
216,191
217,191
218,191
219,191
220,191
221,191
222,191
223,191
224,191
225,191
226,191
227,191
228,191
229,191
230,191
231,191
232,191
233,191
234,191
235,191
236,191
237,191
238,191
196,192
197,192
198,192
199,192
200,192
201,192
202,192
203,192
204,192
205,192
206,192
207,192
208,192
209,192
210,192
211,192
212,192
213,192
214,192
215,192
216,192
217,192
218,192
219,192
220,192
221,192
222,192
223,192
224,192
225,192
226,192
227,192
228,192
229,192
230,192
231,192
232,192
233,192
234,192
235,192
236,192
237,192
238,192
197,193
198,193
199,193
200,193
201,193
202,193
203,193
204,193
205,193
206,193
207,193
208,193
209,193
210,193
211,193
212,193
213,193
214,193
215,193
216,193
217,193
218,193
219,193
220,193
221,193
222,193
223,193
224,193
225,193
226,193
227,193
228,193
229,193
230,193
231,193
232,193
233,193
234,193
235,193
236,193
237,193
238,193
239,193
199,194
200,194
201,194
202,194
203,194
204,194
205,194
206,194
207,194
208,194
209,194
210,194
211,194
212,194
213,194
214,194
215,194
216,194
217,194
218,194
219,194
220,194
221,194
222,194
223,194
224,194
225,194
226,194
227,194
228,194
229,194
230,194
231,194
232,194
233,194
234,194
235,194
236,194
237,194
238,194
239,194
199,195
200,195
201,195
202,195
203,195
204,195
205,195
206,195
207,195
208,195
209,195
210,195
211,195
212,195
213,195
214,195
215,195
216,195
217,195
218,195
219,195
220,195
221,195
222,195
223,195
224,195
225,195
226,195
227,195
228,195
229,195
230,195
231,195
232,195
233,195
234,195
235,195
236,195
237,195
238,195
239,195
197,196
198,196
199,196
200,196
201,196
202,196
203,196
204,196
205,196
206,196
207,196
208,196
209,196
210,196
211,196
212,196
213,196
214,196
215,196
216,196
217,196
218,196
219,196
220,196
221,196
222,196
223,196
224,196
225,196
226,196
227,196
228,196
229,196
230,196
231,196
232,196
233,196
234,196
235,196
236,196
237,196
238,196
239,196
196,197
197,197
198,197
199,197
200,197
201,197
202,197
203,197
204,197
205,197
206,197
207,197
208,197
209,197
210,197
211,197
212,197
213,197
214,197
215,197
216,197
217,197
218,197
219,197
220,197
221,197
222,197
223,197
224,197
225,197
226,197
227,197
228,197
229,197
230,197
231,197
232,197
233,197
234,197
235,197
236,197
237,197
238,197
195,198
196,198
197,198
198,198
199,198
200,198
201,198
202,198
203,198
204,198
205,198
206,198
207,198
208,198
209,198
210,198
211,198
212,198
213,198
214,198
215,198
216,198
217,198
218,198
219,198
220,198
221,198
222,198
223,198
224,198
225,198
226,198
227,198
228,198
229,198
230,198
231,198
232,198
233,198
234,198
235,198
236,198
237,198
238,198
194,199
195,199
196,199
197,199
198,199
199,199
200,199
201,199
202,199
203,199
204,199
205,199
206,199
207,199
208,199
209,199
210,199
211,199
212,199
213,199
214,199
215,199
216,199
217,199
218,199
219,199
220,199
221,199
222,199
223,199
224,199
225,199
226,199
227,199
228,199
229,199
230,199
231,199
232,199
233,199
234,199
235,199
236,199
237,199
194,200
195,200
196,200
197,200
198,200
199,200
200,200
201,200
202,200
203,200
204,200
205,200
206,200
207,200
208,200
209,200
210,200
211,200
212,200
213,200
214,200
215,200
216,200
217,200
218,200
219,200
220,200
221,200
222,200
223,200
224,200
225,200
226,200
227,200
228,200
229,200
230,200
231,200
232,200
233,200
234,200
235,200
236,200
193,201
194,201
195,201
196,201
197,201
198,201
199,201
200,201
201,201
202,201
203,201
204,201
205,201
206,201
207,201
208,201
209,201
210,201
211,201
212,201
213,201
214,201
215,201
216,201
217,201
218,201
219,201
220,201
221,201
222,201
223,201
224,201
225,201
226,201
227,201
228,201
229,201
230,201
231,201
232,201
233,201
234,201
235,201
236,201
193,202
194,202
195,202
196,202
197,202
198,202
199,202
200,202
201,202
202,202
203,202
204,202
205,202
206,202
207,202
208,202
209,202
210,202
211,202
212,202
213,202
214,202
215,202
216,202
217,202
218,202
219,202
220,202
221,202
222,202
223,202
224,202
225,202
226,202
227,202
228,202
229,202
230,202
231,202
232,202
233,202
234,202
235,202
192,203
193,203
194,203
195,203
196,203
197,203
198,203
199,203
200,203
201,203
202,203
203,203
204,203
205,203
206,203
207,203
208,203
209,203
210,203
211,203
212,203
213,203
214,203
215,203
216,203
217,203
218,203
219,203
220,203
221,203
222,203
223,203
224,203
225,203
226,203
227,203
228,203
229,203
230,203
231,203
232,203
233,203
234,203
192,204
193,204
194,204
195,204
196,204
197,204
198,204
199,204
200,204
201,204
202,204
203,204
204,204
205,204
206,204
207,204
208,204
209,204
210,204
211,204
212,204
213,204
214,204
215,204
216,204
217,204
218,204
219,204
220,204
221,204
222,204
223,204
224,204
225,204
226,204
227,204
228,204
229,204
230,204
231,204
232,204
233,204
234,204
192,205
193,205
194,205
195,205
196,205
197,205
198,205
199,205
200,205
201,205
202,205
203,205
204,205
205,205
206,205
207,205
208,205
209,205
210,205
211,205
212,205
213,205
214,205
215,205
216,205
217,205
218,205
219,205
220,205
221,205
222,205
223,205
224,205
225,205
226,205
227,205
228,205
229,205
230,205
231,205
232,205
233,205
191,206
192,206
193,206
194,206
195,206
196,206
197,206
198,206
199,206
200,206
201,206
202,206
203,206
204,206
205,206
206,206
207,206
208,206
209,206
210,206
211,206
212,206
213,206
214,206
215,206
216,206
217,206
218,206
219,206
220,206
221,206
222,206
223,206
224,206
225,206
226,206
227,206
228,206
229,206
230,206
231,206
232,206
191,207
192,207
193,207
194,207
195,207
196,207
197,207
198,207
199,207
200,207
201,207
202,207
203,207
204,207
205,207
206,207
207,207
208,207
209,207
210,207
211,207
212,207
213,207
214,207
215,207
216,207
217,207
218,207
219,207
220,207
221,207
222,207
223,207
224,207
225,207
226,207
227,207
228,207
229,207
230,207
231,207
191,208
192,208
193,208
194,208
195,208
196,208
197,208
198,208
199,208
200,208
201,208
202,208
203,208
204,208
205,208
206,208
207,208
208,208
209,208
210,208
211,208
212,208
213,208
214,208
215,208
216,208
217,208
218,208
219,208
220,208
221,208
222,208
223,208
224,208
225,208
226,208
227,208
228,208
229,208
230,208
191,209
192,209
193,209
194,209
195,209
196,209
197,209
198,209
199,209
200,209
201,209
202,209
203,209
204,209
205,209
206,209
207,209
208,209
209,209
210,209
211,209
212,209
213,209
214,209
215,209
216,209
217,209
218,209
219,209
220,209
221,209
222,209
223,209
224,209
225,209
226,209
227,209
228,209
229,209
192,210
193,210
194,210
195,210
196,210
197,210
198,210
199,210
200,210
201,210
202,210
203,210
204,210
205,210
206,210
207,210
208,210
209,210
210,210
211,210
212,210
213,210
214,210
215,210
216,210
217,210
218,210
219,210
220,210
221,210
222,210
223,210
224,210
225,210
226,210
227,210
228,210
192,211
193,211
194,211
195,211
196,211
197,211
198,211
199,211
200,211
201,211
202,211
203,211
204,211
205,211
206,211
207,211
208,211
209,211
210,211
211,211
212,211
213,211
214,211
215,211
216,211
217,211
218,211
219,211
220,211
221,211
222,211
223,211
224,211
225,211
226,211
227,211
192,212
193,212
194,212
195,212
196,212
197,212
198,212
199,212
200,212
201,212
202,212
203,212
204,212
205,212
206,212
207,212
208,212
209,212
210,212
211,212
212,212
213,212
214,212
215,212
216,212
217,212
218,212
219,212
220,212
221,212
222,212
223,212
224,212
225,212
226,212
193,213
194,213
195,213
196,213
197,213
198,213
199,213
200,213
201,213
202,213
203,213
204,213
205,213
206,213
207,213
208,213
209,213
210,213
211,213
212,213
213,213
214,213
215,213
216,213
217,213
218,213
219,213
220,213
221,213
222,213
223,213
224,213
225,213
193,214
194,214
195,214
196,214
197,214
198,214
199,214
200,214
201,214
202,214
203,214
204,214
205,214
206,214
207,214
208,214
209,214
210,214
211,214
212,214
213,214
214,214
215,214
216,214
217,214
218,214
219,214
220,214
221,214
222,214
223,214
194,215
195,215
196,215
197,215
198,215
199,215
200,215
201,215
202,215
203,215
204,215
205,215
206,215
207,215
208,215
209,215
210,215
211,215
212,215
213,215
214,215
215,215
216,215
217,215
218,215
219,215
220,215
221,215
222,215
195,216
196,216
197,216
198,216
199,216
200,216
201,216
202,216
203,216
204,216
205,216
206,216
207,216
208,216
209,216
210,216
211,216
212,216
213,216
214,216
215,216
216,216
217,216
218,216
219,216
220,216
196,217
197,217
198,217
199,217
200,217
201,217
202,217
203,217
204,217
205,217
206,217
207,217
208,217
209,217
210,217
211,217
212,217
213,217
214,217
215,217
216,217
217,217
218,217
197,218
198,218
199,218
200,218
201,218
202,218
203,218
204,218
205,218
206,218
207,218
208,218
209,218
210,218
211,218
212,218
213,218
214,218
215,218
216,218
199,219
200,219
201,219
202,219
203,219
204,219
205,219
206,219
207,219
208,219
209,219
210,219
211,219
212,219
213,219
214,219
203,220
204,220
205,220
206,220
207,220
208,220
209,220
210,220
