339,104
340,104
341,104
342,104
343,104
344,104
345,104
346,104
334,105
335,105
336,105
337,105
338,105
339,105
340,105
341,105
342,105
343,105
344,105
345,105
346,105
347,105
348,105
349,105
350,105
351,105
332,106
333,106
334,106
335,106
336,106
337,106
338,106
339,106
340,106
341,106
342,106
343,106
344,106
345,106
346,106
347,106
348,106
349,106
350,106
351,106
352,106
353,106
354,106
329,107
330,107
331,107
332,107
333,107
334,107
335,107
336,107
337,107
338,107
339,107
340,107
341,107
342,107
343,107
344,107
345,107
346,107
347,107
348,107
349,107
350,107
351,107
352,107
353,107
354,107
355,107
356,107
328,108
329,108
330,108
331,108
332,108
333,108
334,108
335,108
336,108
337,108
338,108
339,108
340,108
341,108
342,108
343,108
344,108
345,108
346,108
347,108
348,108
349,108
350,108
351,108
352,108
353,108
354,108
355,108
356,108
357,108
326,109
327,109
328,109
329,109
330,109
331,109
332,109
333,109
334,109
335,109
336,109
337,109
338,109
339,109
340,109
341,109
342,109
343,109
344,109
345,109
346,109
347,109
348,109
349,109
350,109
351,109
352,109
353,109
354,109
355,109
356,109
357,109
358,109
359,109
324,110
325,110
326,110
327,110
328,110
329,110
330,110
331,110
332,110
333,110
334,110
335,110
336,110
337,110
338,110
339,110
340,110
341,110
342,110
343,110
344,110
345,110
346,110
347,110
348,110
349,110
350,110
351,110
352,110
353,110
354,110
355,110
356,110
357,110
358,110
359,110
360,110
361,110
323,111
324,111
325,111
326,111
327,111
328,111
329,111
330,111
331,111
332,111
333,111
334,111
335,111
336,111
337,111
338,111
339,111
340,111
341,111
342,111
343,111
344,111
345,111
346,111
347,111
348,111
349,111
350,111
351,111
352,111
353,111
354,111
355,111
356,111
357,111
358,111
359,111
360,111
361,111
362,111
322,112
323,112
324,112
325,112
326,112
327,112
328,112
329,112
330,112
331,112
332,112
333,112
334,112
335,112
336,112
337,112
338,112
339,112
340,112
341,112
342,112
343,112
344,112
345,112
346,112
347,112
348,112
349,112
350,112
351,112
352,112
353,112
354,112
355,112
356,112
357,112
358,112
359,112
360,112
361,112
362,112
363,112
321,113
322,113
323,113
324,113
325,113
326,113
327,113
328,113
329,113
330,113
331,113
332,113
333,113
334,113
335,113
336,113
337,113
338,113
339,113
340,113
341,113
342,113
343,113
344,113
345,113
346,113
347,113
348,113
349,113
350,113
351,113
352,113
353,113
354,113
355,113
356,113
357,113
358,113
359,113
360,113
361,113
362,113
363,113
364,113
320,114
321,114
322,114
323,114
324,114
325,114
326,114
327,114
328,114
329,114
330,114
331,114
332,114
333,114
334,114
335,114
336,114
337,114
338,114
339,114
340,114
341,114
342,114
343,114
344,114
345,114
346,114
347,114
348,114
349,114
350,114
351,114
352,114
353,114
354,114
355,114
356,114
357,114
358,114
359,114
360,114
361,114
362,114
363,114
364,114
365,114
319,115
320,115
321,115
322,115
323,115
324,115
325,115
326,115
327,115
328,115
329,115
330,115
331,115
332,115
333,115
334,115
335,115
336,115
337,115
338,115
339,115
340,115
341,115
342,115
343,115
344,115
345,115
346,115
347,115
348,115
349,115
350,115
351,115
352,115
353,115
354,115
355,115
356,115
357,115
358,115
359,115
360,115
361,115
362,115
363,115
364,115
365,115
366,115
318,116
319,116
320,116
321,116
322,116
323,116
324,116
325,116
326,116
327,116
328,116
329,116
330,116
331,116
332,116
333,116
334,116
335,116
336,116
337,116
338,116
339,116
340,116
341,116
342,116
343,116
344,116
345,116
346,116
347,116
348,116
349,116
350,116
351,116
352,116
353,116
354,116
355,116
356,116
357,116
358,116
359,116
360,116
361,116
362,116
363,116
364,116
365,116
366,116
367,116
318,117
319,117
320,117
321,117
322,117
323,117
324,117
325,117
326,117
327,117
328,117
329,117
330,117
331,117
332,117
333,117
334,117
335,117
336,117
337,117
338,117
339,117
340,117
341,117
342,117
343,117
344,117
345,117
346,117
347,117
348,117
349,117
350,117
351,117
352,117
353,117
354,117
355,117
356,117
357,117
358,117
359,117
360,117
361,117
362,117
363,117
364,117
365,117
366,117
367,117
317,118
318,118
319,118
320,118
321,118
322,118
323,118
324,118
325,118
326,118
327,118
328,118
329,118
330,118
331,118
332,118
333,118
334,118
335,118
336,118
337,118
338,118
339,118
340,118
341,118
342,118
343,118
344,118
345,118
346,118
347,118
348,118
349,118
350,118
351,118
352,118
353,118
354,118
355,118
356,118
357,118
358,118
359,118
360,118
361,118
362,118
363,118
364,118
365,118
366,118
367,118
368,118
316,119
317,119
318,119
319,119
320,119
321,119
322,119
323,119
324,119
325,119
326,119
327,119
328,119
329,119
330,119
331,119
332,119
333,119
334,119
335,119
336,119
337,119
338,119
339,119
340,119
341,119
342,119
343,119
344,119
345,119
346,119
347,119
348,119
349,119
350,119
351,119
352,119
353,119
354,119
355,119
356,119
357,119
358,119
359,119
360,119
361,119
362,119
363,119
364,119
365,119
366,119
367,119
368,119
369,119
316,120
317,120
318,120
319,120
320,120
321,120
322,120
323,120
324,120
325,120
326,120
327,120
328,120
329,120
330,120
331,120
332,120
333,120
334,120
335,120
336,120
337,120
338,120
339,120
340,120
341,120
342,120
343,120
344,120
345,120
346,120
347,120
348,120
349,120
350,120
351,120
352,120
353,120
354,120
355,120
356,120
357,120
358,120
359,120
360,120
361,120
362,120
363,120
364,120
365,120
366,120
367,120
368,120
369,120
370,120
315,121
316,121
317,121
318,121
319,121
320,121
321,121
322,121
323,121
324,121
325,121
326,121
327,121
328,121
329,121
330,121
331,121
332,121
333,121
334,121
335,121
336,121
337,121
338,121
339,121
340,121
341,121
342,121
343,121
344,121
345,121
346,121
347,121
348,121
349,121
350,121
351,121
352,121
353,121
354,121
355,121
356,121
357,121
358,121
359,121
360,121
361,121
362,121
363,121
364,121
365,121
366,121
367,121
368,121
369,121
370,121
315,122
316,122
317,122
318,122
319,122
320,122
321,122
322,122
323,122
324,122
325,122
326,122
327,122
328,122
329,122
330,122
331,122
332,122
333,122
334,122
335,122
336,122
337,122
338,122
339,122
340,122
341,122
342,122
343,122
344,122
345,122
346,122
347,122
348,122
349,122
350,122
351,122
352,122
353,122
354,122
355,122
356,122
357,122
358,122
359,122
360,122
361,122
362,122
363,122
364,122
365,122
366,122
367,122
368,122
369,122
370,122
314,123
315,123
316,123
317,123
318,123
319,123
320,123
321,123
322,123
323,123
324,123
325,123
326,123
327,123
328,123
329,123
330,123
331,123
332,123
333,123
334,123
335,123
336,123
337,123
338,123
339,123
340,123
341,123
342,123
343,123
344,123
345,123
346,123
347,123
348,123
349,123
350,123
351,123
352,123
353,123
354,123
355,123
356,123
357,123
358,123
359,123
360,123
361,123
362,123
363,123
364,123
365,123
366,123
367,123
368,123
369,123
370,123
371,123
314,124
315,124
316,124
317,124
318,124
319,124
320,124
321,124
322,124
323,124
324,124
325,124
326,124
327,124
328,124
329,124
330,124
331,124
332,124
333,124
334,124
335,124
336,124
337,124
338,124
339,124
340,124
341,124
342,124
343,124
344,124
345,124
346,124
347,124
348,124
349,124
350,124
351,124
352,124
353,124
354,124
355,124
356,124
357,124
358,124
359,124
360,124
361,124
362,124
363,124
364,124
365,124
366,124
367,124
368,124
369,124
370,124
371,124
313,125
314,125
315,125
316,125
317,125
318,125
319,125
320,125
321,125
322,125
323,125
324,125
325,125
326,125
327,125
328,125
329,125
330,125
331,125
332,125
333,125
334,125
335,125
336,125
337,125
338,125
339,125
340,125
341,125
342,125
343,125
344,125
345,125
346,125
347,125
348,125
349,125
350,125
351,125
352,125
353,125
354,125
355,125
356,125
357,125
358,125
359,125
360,125
361,125
362,125
363,125
364,125
365,125
366,125
367,125
368,125
369,125
370,125
371,125
372,125
313,126
314,126
315,126
316,126
317,126
318,126
319,126
320,126
321,126
322,126
323,126
324,126
325,126
326,126
327,126
328,126
329,126
330,126
331,126
332,126
333,126
334,126
335,126
336,126
337,126
338,126
339,126
340,126
341,126
342,126
343,126
344,126
345,126
346,126
347,126
348,126
349,126
350,126
351,126
352,126
353,126
354,126
355,126
356,126
357,126
358,126
359,126
360,126
361,126
362,126
363,126
364,126
365,126
366,126
367,126
368,126
369,126
370,126
371,126
372,126
312,127
313,127
314,127
315,127
316,127
317,127
318,127
319,127
320,127
321,127
322,127
323,127
324,127
325,127
326,127
327,127
328,127
329,127
330,127
331,127
332,127
333,127
334,127
335,127
336,127
337,127
338,127
339,127
340,127
341,127
342,127
343,127
344,127
345,127
346,127
347,127
348,127
349,127
350,127
351,127
352,127
353,127
354,127
355,127
356,127
357,127
358,127
359,127
360,127
361,127
362,127
363,127
364,127
365,127
366,127
367,127
368,127
369,127
370,127
371,127
372,127
373,127
312,128
313,128
314,128
315,128
316,128
317,128
318,128
319,128
320,128
321,128
322,128
323,128
324,128
325,128
326,128
327,128
328,128
329,128
330,128
331,128
332,128
333,128
334,128
335,128
336,128
337,128
338,128
339,128
340,128
341,128
342,128
343,128
344,128
345,128
346,128
347,128
348,128
349,128
350,128
351,128
352,128
353,128
354,128
355,128
356,128
357,128
358,128
359,128
360,128
361,128
362,128
363,128
364,128
365,128
366,128
367,128
368,128
369,128
370,128
371,128
372,128
373,128
312,129
313,129
314,129
315,129
316,129
317,129
318,129
319,129
320,129
321,129
322,129
323,129
324,129
325,129
326,129
327,129
328,129
329,129
330,129
331,129
332,129
333,129
334,129
335,129
336,129
337,129
338,129
339,129
340,129
341,129
342,129
343,129
344,129
345,129
346,129
347,129
348,129
349,129
350,129
351,129
352,129
353,129
354,129
355,129
356,129
357,129
358,129
359,129
360,129
361,129
362,129
363,129
364,129
365,129
366,129
367,129
368,129
369,129
370,129
371,129
372,129
373,129
312,130
313,130
314,130
315,130
316,130
317,130
318,130
319,130
320,130
321,130
322,130
323,130
324,130
325,130
326,130
327,130
328,130
329,130
330,130
331,130
332,130
333,130
334,130
335,130
336,130
337,130
338,130
339,130
340,130
341,130
342,130
343,130
344,130
345,130
346,130
347,130
348,130
349,130
350,130
351,130
352,130
353,130
354,130
355,130
356,130
357,130
358,130
359,130
360,130
361,130
362,130
363,130
364,130
365,130
366,130
367,130
368,130
369,130
370,130
371,130
372,130
373,130
374,130
311,131
312,131
313,131
314,131
315,131
316,131
317,131
318,131
319,131
320,131
321,131
322,131
323,131
324,131
325,131
326,131
327,131
328,131
329,131
330,131
331,131
332,131
333,131
334,131
335,131
336,131
337,131
338,131
339,131
340,131
341,131
342,131
343,131
344,131
345,131
346,131
347,131
348,131
349,131
350,131
351,131
352,131
353,131
354,131
355,131
356,131
357,131
358,131
359,131
360,131
361,131
362,131
363,131
364,131
365,131
366,131
367,131
368,131
369,131
370,131
371,131
372,131
373,131
374,131
311,132
312,132
313,132
314,132
315,132
316,132
317,132
318,132
319,132
320,132
321,132
322,132
323,132
324,132
325,132
326,132
327,132
328,132
329,132
330,132
331,132
332,132
333,132
334,132
335,132
336,132
337,132
338,132
339,132
340,132
341,132
342,132
343,132
344,132
345,132
346,132
347,132
348,132
349,132
350,132
351,132
352,132
353,132
354,132
355,132
356,132
357,132
358,132
359,132
360,132
361,132
362,132
363,132
364,132
365,132
366,132
367,132
368,132
369,132
370,132
371,132
372,132
373,132
374,132
311,133
312,133
313,133
314,133
315,133
316,133
317,133
318,133
319,133
320,133
321,133
322,133
323,133
324,133
325,133
326,133
327,133
328,133
329,133
330,133
331,133
332,133
333,133
334,133
335,133
336,133
337,133
338,133
339,133
340,133
341,133
342,133
343,133
344,133
345,133
346,133
347,133
348,133
349,133
350,133
351,133
352,133
353,133
354,133
355,133
356,133
357,133
358,133
359,133
360,133
361,133
362,133
363,133
364,133
365,133
366,133
367,133
368,133
369,133
370,133
371,133
372,133
373,133
374,133
311,134
312,134
313,134
314,134
315,134
316,134
317,134
318,134
319,134
320,134
321,134
322,134
323,134
324,134
325,134
326,134
327,134
328,134
329,134
330,134
331,134
332,134
333,134
334,134
335,134
336,134
337,134
338,134
339,134
340,134
341,134
342,134
343,134
344,134
345,134
346,134
347,134
348,134
349,134
350,134
351,134
352,134
353,134
354,134
355,134
356,134
357,134
358,134
359,134
360,134
361,134
362,134
363,134
364,134
365,134
366,134
367,134
368,134
369,134
370,134
371,134
372,134
373,134
374,134
311,135
312,135
313,135
314,135
315,135
316,135
317,135
318,135
319,135
320,135
321,135
322,135
323,135
324,135
325,135
326,135
327,135
328,135
329,135
330,135
331,135
332,135
333,135
334,135
335,135
336,135
337,135
338,135
339,135
340,135
341,135
342,135
343,135
344,135
345,135
346,135
347,135
348,135
349,135
350,135
351,135
352,135
353,135
354,135
355,135
356,135
357,135
358,135
359,135
360,135
361,135
362,135
363,135
364,135
365,135
366,135
367,135
368,135
369,135
370,135
371,135
372,135
373,135
374,135
375,135
310,136
311,136
312,136
313,136
314,136
315,136
316,136
317,136
318,136
319,136
320,136
321,136
322,136
323,136
324,136
325,136
326,136
327,136
328,136
329,136
330,136
331,136
332,136
333,136
334,136
335,136
336,136
337,136
338,136
339,136
340,136
341,136
342,136
343,136
344,136
345,136
346,136
347,136
348,136
349,136
350,136
351,136
352,136
353,136
354,136
355,136
356,136
357,136
358,136
359,136
360,136
361,136
362,136
363,136
364,136
365,136
366,136
367,136
368,136
369,136
370,136
371,136
372,136
373,136
374,136
375,136
310,137
311,137
312,137
313,137
314,137
315,137
316,137
317,137
318,137
319,137
320,137
321,137
322,137
323,137
324,137
325,137
326,137
327,137
328,137
329,137
330,137
331,137
332,137
333,137
334,137
335,137
336,137
337,137
338,137
339,137
340,137
341,137
342,137
343,137
344,137
345,137
346,137
347,137
348,137
349,137
350,137
351,137
352,137
353,137
354,137
355,137
356,137
357,137
358,137
359,137
360,137
361,137
362,137
363,137
364,137
365,137
366,137
367,137
368,137
369,137
370,137
371,137
372,137
373,137
374,137
375,137
310,138
311,138
312,138
313,138
314,138
315,138
316,138
317,138
318,138
319,138
320,138
321,138
322,138
323,138
324,138
325,138
326,138
327,138
328,138
329,138
330,138
331,138
332,138
333,138
334,138
335,138
336,138
337,138
338,138
339,138
340,138
341,138
342,138
343,138
344,138
345,138
346,138
347,138
348,138
349,138
350,138
351,138
352,138
353,138
354,138
355,138
356,138
357,138
358,138
359,138
360,138
361,138
362,138
363,138
364,138
365,138
366,138
367,138
368,138
369,138
370,138
371,138
372,138
373,138
374,138
375,138
310,139
311,139
312,139
313,139
314,139
315,139
316,139
317,139
318,139
319,139
320,139
321,139
322,139
323,139
324,139
325,139
326,139
327,139
328,139
329,139
330,139
331,139
332,139
333,139
334,139
335,139
336,139
337,139
338,139
339,139
340,139
341,139
342,139
343,139
344,139
345,139
346,139
347,139
348,139
349,139
350,139
351,139
352,139
353,139
354,139
355,139
356,139
357,139
358,139
359,139
360,139
361,139
362,139
363,139
364,139
365,139
366,139
367,139
368,139
369,139
370,139
371,139
372,139
373,139
374,139
375,139
310,140
311,140
312,140
313,140
314,140
315,140
316,140
317,140
318,140
319,140
320,140
321,140
322,140
323,140
324,140
325,140
326,140
327,140
328,140
329,140
330,140
331,140
332,140
333,140
334,140
335,140
336,140
337,140
338,140
339,140
340,140
341,140
342,140
343,140
344,140
345,140
346,140
347,140
348,140
349,140
350,140
351,140
352,140
353,140
354,140
355,140
356,140
357,140
358,140
359,140
360,140
361,140
362,140
363,140
364,140
365,140
366,140
367,140
368,140
369,140
370,140
371,140
372,140
373,140
374,140
375,140
310,141
311,141
312,141
313,141
314,141
315,141
316,141
317,141
318,141
319,141
320,141
321,141
322,141
323,141
324,141
325,141
326,141
327,141
328,141
329,141
330,141
331,141
332,141
333,141
334,141
335,141
336,141
337,141
338,141
339,141
340,141
341,141
342,141
343,141
344,141
345,141
346,141
347,141
348,141
349,141
350,141
351,141
352,141
353,141
354,141
355,141
356,141
357,141
358,141
359,141
360,141
361,141
362,141
363,141
364,141
365,141
366,141
367,141
368,141
369,141
370,141
371,141
372,141
373,141
374,141
375,141
310,142
311,142
312,142
313,142
314,142
315,142
316,142
317,142
318,142
319,142
320,142
321,142
322,142
323,142
324,142
325,142
326,142
327,142
328,142
329,142
330,142
331,142
332,142
333,142
334,142
335,142
336,142
337,142
338,142
339,142
340,142
341,142
342,142
343,142
344,142
345,142
346,142
347,142
348,142
349,142
350,142
351,142
352,142
353,142
354,142
355,142
356,142
357,142
358,142
359,142
360,142
361,142
362,142
363,142
364,142
365,142
366,142
367,142
368,142
369,142
370,142
371,142
372,142
373,142
374,142
375,142
310,143
311,143
312,143
313,143
314,143
315,143
316,143
317,143
318,143
319,143
320,143
321,143
322,143
323,143
324,143
325,143
326,143
327,143
328,143
329,143
330,143
331,143
332,143
333,143
334,143
335,143
336,143
337,143
338,143
339,143
340,143
341,143
342,143
343,143
344,143
345,143
346,143
347,143
348,143
349,143
350,143
351,143
352,143
353,143
354,143
355,143
356,143
357,143
358,143
359,143
360,143
361,143
362,143
363,143
364,143
365,143
366,143
367,143
368,143
369,143
370,143
371,143
372,143
373,143
374,143
375,143
310,144
311,144
312,144
313,144
314,144
315,144
316,144
317,144
318,144
319,144
320,144
321,144
322,144
323,144
324,144
325,144
326,144
327,144
328,144
329,144
330,144
331,144
332,144
333,144
334,144
335,144
336,144
337,144
338,144
339,144
340,144
341,144
342,144
343,144
344,144
345,144
346,144
347,144
348,144
349,144
350,144
351,144
352,144
353,144
354,144
355,144
356,144
357,144
358,144
359,144
360,144
361,144
362,144
363,144
364,144
365,144
366,144
367,144
368,144
369,144
370,144
371,144
372,144
373,144
374,144
375,144
310,145
311,145
312,145
313,145
314,145
315,145
316,145
317,145
318,145
319,145
320,145
321,145
322,145
323,145
324,145
325,145
326,145
327,145
328,145
329,145
330,145
331,145
332,145
333,145
334,145
335,145
336,145
337,145
338,145
339,145
340,145
341,145
342,145
343,145
344,145
345,145
346,145
347,145
348,145
349,145
350,145
351,145
352,145
353,145
354,145
355,145
356,145
357,145
358,145
359,145
360,145
361,145
362,145
363,145
364,145
365,145
366,145
367,145
368,145
369,145
370,145
371,145
372,145
373,145
374,145
375,145
311,146
312,146
313,146
314,146
315,146
316,146
317,146
318,146
319,146
320,146
321,146
322,146
323,146
324,146
325,146
326,146
327,146
328,146
329,146
330,146
331,146
332,146
333,146
334,146
335,146
336,146
337,146
338,146
339,146
340,146
341,146
342,146
343,146
344,146
345,146
346,146
347,146
348,146
349,146
350,146
351,146
352,146
353,146
354,146
355,146
356,146
357,146
358,146
359,146
360,146
361,146
362,146
363,146
364,146
365,146
366,146
367,146
368,146
369,146
370,146
371,146
372,146
373,146
374,146
375,146
311,147
312,147
313,147
314,147
315,147
316,147
317,147
318,147
319,147
320,147
321,147
322,147
323,147
324,147
325,147
326,147
327,147
328,147
329,147
330,147
331,147
332,147
333,147
334,147
335,147
336,147
337,147
338,147
339,147
340,147
341,147
342,147
343,147
344,147
345,147
346,147
347,147
348,147
349,147
350,147
351,147
352,147
353,147
354,147
355,147
356,147
357,147
358,147
359,147
360,147
361,147
362,147
363,147
364,147
365,147
366,147
367,147
368,147
369,147
370,147
371,147
372,147
373,147
374,147
311,148
312,148
313,148
314,148
315,148
316,148
317,148
318,148
319,148
320,148
321,148
322,148
323,148
324,148
325,148
326,148
327,148
328,148
329,148
330,148
331,148
332,148
333,148
334,148
335,148
336,148
337,148
338,148
339,148
340,148
341,148
342,148
343,148
344,148
345,148
346,148
347,148
348,148
349,148
350,148
351,148
352,148
353,148
354,148
355,148
356,148
357,148
358,148
359,148
360,148
361,148
362,148
363,148
364,148
365,148
366,148
367,148
368,148
369,148
370,148
371,148
372,148
373,148
374,148
311,149
312,149
313,149
314,149
315,149
316,149
317,149
318,149
319,149
320,149
321,149
322,149
323,149
324,149
325,149
326,149
327,149
328,149
329,149
330,149
331,149
332,149
333,149
334,149
335,149
336,149
337,149
338,149
339,149
340,149
341,149
342,149
343,149
344,149
345,149
346,149
347,149
348,149
349,149
350,149
351,149
352,149
353,149
354,149
355,149
356,149
357,149
358,149
359,149
360,149
361,149
362,149
363,149
364,149
365,149
366,149
367,149
368,149
369,149
370,149
371,149
372,149
373,149
374,149
311,150
312,150
313,150
314,150
315,150
316,150
317,150
318,150
319,150
320,150
321,150
322,150
323,150
324,150
325,150
326,150
327,150
328,150
329,150
330,150
331,150
332,150
333,150
334,150
335,150
336,150
337,150
338,150
339,150
340,150
341,150
342,150
343,150
344,150
345,150
346,150
347,150
348,150
349,150
350,150
351,150
352,150
353,150
354,150
355,150
356,150
357,150
358,150
359,150
360,150
361,150
362,150
363,150
364,150
365,150
366,150
367,150
368,150
369,150
370,150
371,150
372,150
373,150
374,150
312,151
313,151
314,151
315,151
316,151
317,151
318,151
319,151
320,151
321,151
322,151
323,151
324,151
325,151
326,151
327,151
328,151
329,151
330,151
331,151
332,151
333,151
334,151
335,151
336,151
337,151
338,151
339,151
340,151
341,151
342,151
343,151
344,151
345,151
346,151
347,151
348,151
349,151
350,151
351,151
352,151
353,151
354,151
355,151
356,151
357,151
358,151
359,151
360,151
361,151
362,151
363,151
364,151
365,151
366,151
367,151
368,151
369,151
370,151
371,151
372,151
373,151
374,151
312,152
313,152
314,152
315,152
316,152
317,152
318,152
319,152
320,152
321,152
322,152
323,152
324,152
325,152
326,152
327,152
328,152
329,152
330,152
331,152
332,152
333,152
334,152
335,152
336,152
337,152
338,152
339,152
340,152
341,152
342,152
343,152
344,152
345,152
346,152
347,152
348,152
349,152
350,152
351,152
352,152
353,152
354,152
355,152
356,152
357,152
358,152
359,152
360,152
361,152
362,152
363,152
364,152
365,152
366,152
367,152
368,152
369,152
370,152
371,152
372,152
373,152
312,153
313,153
314,153
315,153
316,153
317,153
318,153
319,153
320,153
321,153
322,153
323,153
324,153
325,153
326,153
327,153
328,153
329,153
330,153
331,153
332,153
333,153
334,153
335,153
336,153
337,153
338,153
339,153
340,153
341,153
342,153
343,153
344,153
345,153
346,153
347,153
348,153
349,153
350,153
351,153
352,153
353,153
354,153
355,153
356,153
357,153
358,153
359,153
360,153
361,153
362,153
363,153
364,153
365,153
366,153
367,153
368,153
369,153
370,153
371,153
372,153
373,153
312,154
313,154
314,154
315,154
316,154
317,154
318,154
319,154
320,154
321,154
322,154
323,154
324,154
325,154
326,154
327,154
328,154
329,154
330,154
331,154
332,154
333,154
334,154
335,154
336,154
337,154
338,154
339,154
340,154
341,154
342,154
343,154
344,154
345,154
346,154
347,154
348,154
349,154
350,154
351,154
352,154
353,154
354,154
355,154
356,154
357,154
358,154
359,154
360,154
361,154
362,154
363,154
364,154
365,154
366,154
367,154
368,154
369,154
370,154
371,154
372,154
373,154
313,155
314,155
315,155
316,155
317,155
318,155
319,155
320,155
321,155
322,155
323,155
324,155
325,155
326,155
327,155
328,155
329,155
330,155
331,155
332,155
333,155
334,155
335,155
336,155
337,155
338,155
339,155
340,155
341,155
342,155
343,155
344,155
345,155
346,155
347,155
348,155
349,155
350,155
351,155
352,155
353,155
354,155
355,155
356,155
357,155
358,155
359,155
360,155
361,155
362,155
363,155
364,155
365,155
366,155
367,155
368,155
369,155
370,155
371,155
372,155
313,156
314,156
315,156
316,156
317,156
318,156
319,156
320,156
321,156
322,156
323,156
324,156
325,156
326,156
327,156
328,156
329,156
330,156
331,156
332,156
333,156
334,156
335,156
336,156
337,156
338,156
339,156
340,156
341,156
342,156
343,156
344,156
345,156
346,156
347,156
348,156
349,156
350,156
351,156
352,156
353,156
354,156
355,156
356,156
357,156
358,156
359,156
360,156
361,156
362,156
363,156
364,156
365,156
366,156
367,156
368,156
369,156
370,156
371,156
372,156
314,157
315,157
316,157
317,157
318,157
319,157
320,157
321,157
322,157
323,157
324,157
325,157
326,157
327,157
328,157
329,157
330,157
331,157
332,157
333,157
334,157
335,157
336,157
337,157
338,157
339,157
340,157
341,157
342,157
343,157
344,157
345,157
346,157
347,157
348,157
349,157
350,157
351,157
352,157
353,157
354,157
355,157
356,157
357,157
358,157
359,157
360,157
361,157
362,157
363,157
364,157
365,157
366,157
367,157
368,157
369,157
370,157
371,157
372,157
314,158
315,158
316,158
317,158
318,158
319,158
320,158
321,158
322,158
323,158
324,158
325,158
326,158
327,158
328,158
329,158
330,158
331,158
332,158
333,158
334,158
335,158
336,158
337,158
338,158
339,158
340,158
341,158
342,158
343,158
344,158
345,158
346,158
347,158
348,158
349,158
350,158
351,158
352,158
353,158
354,158
355,158
356,158
357,158
358,158
359,158
360,158
361,158
362,158
363,158
364,158
365,158
366,158
367,158
368,158
369,158
370,158
371,158
315,159
316,159
317,159
318,159
319,159
320,159
321,159
322,159
323,159
324,159
325,159
326,159
327,159
328,159
329,159
330,159
331,159
332,159
333,159
334,159
335,159
336,159
337,159
338,159
339,159
340,159
341,159
342,159
343,159
344,159
345,159
346,159
347,159
348,159
349,159
350,159
351,159
352,159
353,159
354,159
355,159
356,159
357,159
358,159
359,159
360,159
361,159
362,159
363,159
364,159
365,159
366,159
367,159
368,159
369,159
370,159
371,159
315,160
316,160
317,160
318,160
319,160
320,160
321,160
322,160
323,160
324,160
325,160
326,160
327,160
328,160
329,160
330,160
331,160
332,160
333,160
334,160
335,160
336,160
337,160
338,160
339,160
340,160
341,160
342,160
343,160
344,160
345,160
346,160
347,160
348,160
349,160
350,160
351,160
352,160
353,160
354,160
355,160
356,160
357,160
358,160
359,160
360,160
361,160
362,160
363,160
364,160
365,160
366,160
367,160
368,160
369,160
370,160
315,161
316,161
317,161
318,161
319,161
320,161
321,161
322,161
323,161
324,161
325,161
326,161
327,161
328,161
329,161
330,161
331,161
332,161
333,161
334,161
335,161
336,161
337,161
338,161
339,161
340,161
341,161
342,161
343,161
344,161
345,161
346,161
347,161
348,161
349,161
350,161
351,161
352,161
353,161
354,161
355,161
356,161
357,161
358,161
359,161
360,161
361,161
362,161
363,161
364,161
365,161
366,161
367,161
368,161
369,161
370,161
316,162
317,162
318,162
319,162
320,162
321,162
322,162
323,162
324,162
325,162
326,162
327,162
328,162
329,162
330,162
331,162
332,162
333,162
334,162
335,162
336,162
337,162
338,162
339,162
340,162
341,162
342,162
343,162
344,162
345,162
346,162
347,162
348,162
349,162
350,162
351,162
352,162
353,162
354,162
355,162
356,162
357,162
358,162
359,162
360,162
361,162
362,162
363,162
364,162
365,162
366,162
367,162
368,162
369,162
317,163
318,163
319,163
320,163
321,163
322,163
323,163
324,163
325,163
326,163
327,163
328,163
329,163
330,163
331,163
332,163
333,163
334,163
335,163
336,163
337,163
338,163
339,163
340,163
341,163
342,163
343,163
344,163
345,163
346,163
347,163
348,163
349,163
350,163
351,163
352,163
353,163
354,163
355,163
356,163
357,163
358,163
359,163
360,163
361,163
362,163
363,163
364,163
365,163
366,163
367,163
368,163
318,164
319,164
320,164
321,164
322,164
323,164
324,164
325,164
326,164
327,164
328,164
329,164
330,164
331,164
332,164
333,164
334,164
335,164
336,164
337,164
338,164
339,164
340,164
341,164
342,164
343,164
344,164
345,164
346,164
347,164
348,164
349,164
350,164
351,164
352,164
353,164
354,164
355,164
356,164
357,164
358,164
359,164
360,164
361,164
362,164
363,164
364,164
365,164
366,164
367,164
318,165
319,165
320,165
321,165
322,165
323,165
324,165
325,165
326,165
327,165
328,165
329,165
330,165
331,165
332,165
333,165
334,165
335,165
336,165
337,165
338,165
339,165
340,165
341,165
342,165
343,165
344,165
345,165
346,165
347,165
348,165
349,165
350,165
351,165
352,165
353,165
354,165
355,165
356,165
357,165
358,165
359,165
360,165
361,165
362,165
363,165
364,165
365,165
366,165
367,165
319,166
320,166
321,166
322,166
323,166
324,166
325,166
326,166
327,166
328,166
329,166
330,166
331,166
332,166
333,166
334,166
335,166
336,166
337,166
338,166
339,166
340,166
341,166
342,166
343,166
344,166
345,166
346,166
347,166
348,166
349,166
350,166
351,166
352,166
353,166
354,166
355,166
356,166
357,166
358,166
359,166
360,166
361,166
362,166
363,166
364,166
365,166
366,166
320,167
321,167
322,167
323,167
324,167
325,167
326,167
327,167
328,167
329,167
330,167
331,167
332,167
333,167
334,167
335,167
336,167
337,167
338,167
339,167
340,167
341,167
342,167
343,167
344,167
345,167
346,167
347,167
348,167
349,167
350,167
351,167
352,167
353,167
354,167
355,167
356,167
357,167
358,167
359,167
360,167
361,167
362,167
363,167
364,167
365,167
321,168
322,168
323,168
324,168
325,168
326,168
327,168
328,168
329,168
330,168
331,168
332,168
333,168
334,168
335,168
336,168
337,168
338,168
339,168
340,168
341,168
342,168
343,168
344,168
345,168
346,168
347,168
348,168
349,168
350,168
351,168
352,168
353,168
354,168
355,168
356,168
357,168
358,168
359,168
360,168
361,168
362,168
363,168
364,168
322,169
323,169
324,169
325,169
326,169
327,169
328,169
329,169
330,169
331,169
332,169
333,169
334,169
335,169
336,169
337,169
338,169
339,169
340,169
341,169
342,169
343,169
344,169
345,169
346,169
347,169
348,169
349,169
350,169
351,169
352,169
353,169
354,169
355,169
356,169
357,169
358,169
359,169
360,169
361,169
362,169
363,169
323,170
324,170
325,170
326,170
327,170
328,170
329,170
330,170
331,170
332,170
333,170
334,170
335,170
336,170
337,170
338,170
339,170
340,170
341,170
342,170
343,170
344,170
345,170
346,170
347,170
348,170
349,170
350,170
351,170
352,170
353,170
354,170
355,170
356,170
357,170
358,170
359,170
360,170
361,170
362,170
324,171
325,171
326,171
327,171
328,171
329,171
330,171
331,171
332,171
333,171
334,171
335,171
336,171
337,171
338,171
339,171
340,171
341,171
342,171
343,171
344,171
345,171
346,171
347,171
348,171
349,171
350,171
351,171
352,171
353,171
354,171
355,171
356,171
357,171
358,171
359,171
360,171
361,171
326,172
327,172
328,172
329,172
330,172
331,172
332,172
333,172
334,172
335,172
336,172
337,172
338,172
339,172
340,172
341,172
342,172
343,172
344,172
345,172
346,172
347,172
348,172
349,172
350,172
351,172
352,172
353,172
354,172
355,172
356,172
357,172
358,172
359,172
327,173
328,173
329,173
330,173
331,173
332,173
333,173
334,173
335,173
336,173
337,173
338,173
339,173
340,173
341,173
342,173
343,173
344,173
345,173
346,173
347,173
348,173
349,173
350,173
351,173
352,173
353,173
354,173
355,173
356,173
357,173
358,173
329,174
330,174
331,174
332,174
333,174
334,174
335,174
336,174
337,174
338,174
339,174
340,174
341,174
342,174
343,174
344,174
345,174
346,174
347,174
348,174
349,174
350,174
351,174
352,174
353,174
354,174
355,174
356,174
331,175
332,175
333,175
334,175
335,175
336,175
337,175
338,175
339,175
340,175
341,175
342,175
343,175
344,175
345,175
346,175
347,175
348,175
349,175
350,175
351,175
352,175
353,175
354,175
334,176
335,176
336,176
337,176
338,176
339,176
340,176
341,176
342,176
343,176
344,176
345,176
346,176
347,176
348,176
349,176
350,176
351,176
338,177
339,177
340,177
341,177
342,177
343,177
344,177
345,177
346,177
347,177
