394,314
395,314
396,314
393,315
394,315
395,315
396,315
397,315
393,316
394,316
395,316
396,316
397,316
398,316
392,317
393,317
394,317
395,317
396,317
397,317
398,317
392,318
393,318
394,318
395,318
396,318
397,318
398,318
399,318
391,319
392,319
393,319
394,319
395,319
396,319
397,319
398,319
399,319
391,320
392,320
393,320
394,320
395,320
396,320
397,320
398,320
399,320
400,320
390,321
391,321
392,321
393,321
394,321
395,321
396,321
397,321
398,321
399,321
400,321
401,321
390,322
391,322
392,322
393,322
394,322
395,322
396,322
397,322
398,322
399,322
400,322
401,322
389,323
390,323
391,323
392,323
393,323
394,323
395,323
396,323
397,323
398,323
399,323
400,323
401,323
402,323
389,324
390,324
391,324
392,324
393,324
394,324
395,324
396,324
397,324
398,324
399,324
400,324
401,324
402,324
388,325
389,325
390,325
391,325
392,325
393,325
394,325
395,325
396,325
397,325
398,325
399,325
400,325
401,325
402,325
403,325
388,326
389,326
390,326
391,326
392,326
393,326
394,326
395,326
396,326
397,326
398,326
399,326
400,326
401,326
402,326
403,326
404,326
387,327
388,327
389,327
390,327
391,327
392,327
393,327
394,327
395,327
396,327
397,327
398,327
399,327
400,327
401,327
402,327
403,327
404,327
387,328
388,328
389,328
390,328
391,328
392,328
393,328
394,328
395,328
396,328
397,328
398,328
399,328
400,328
401,328
402,328
403,328
404,328
405,328
386,329
387,329
388,329
389,329
390,329
391,329
392,329
393,329
394,329
395,329
396,329
397,329
398,329
399,329
400,329
401,329
402,329
403,329
404,329
405,329
385,330
386,330
387,330
388,330
389,330
390,330
391,330
392,330
393,330
394,330
395,330
396,330
397,330
398,330
399,330
400,330
401,330
402,330
403,330
404,330
405,330
406,330
385,331
386,331
387,331
388,331
389,331
390,331
391,331
392,331
393,331
394,331
395,331
396,331
397,331
398,331
399,331
400,331
401,331
402,331
403,331
404,331
405,331
406,331
407,331
413,331
414,331
415,331
416,331
384,332
385,332
386,332
387,332
388,332
389,332
390,332
391,332
392,332
393,332
394,332
395,332
396,332
397,332
398,332
399,332
400,332
401,332
402,332
403,332
404,332
405,332
406,332
407,332
412,332
413,332
414,332
415,332
416,332
384,333
385,333
386,333
387,333
388,333
389,333
390,333
391,333
392,333
393,333
394,333
395,333
396,333
397,333
398,333
399,333
400,333
401,333
402,333
403,333
404,333
405,333
406,333
407,333
408,333
412,333
413,333
414,333
415,333
416,333
417,333
383,334
384,334
385,334
386,334
387,334
388,334
389,334
390,334
391,334
392,334
393,334
394,334
395,334
396,334
397,334
398,334
399,334
400,334
401,334
402,334
403,334
404,334
405,334
406,334
407,334
408,334
409,334
411,334
412,334
413,334
414,334
415,334
416,334
417,334
418,334
383,335
384,335
385,335
386,335
387,335
388,335
389,335
390,335
391,335
392,335
393,335
394,335
395,335
396,335
397,335
398,335
399,335
400,335
401,335
402,335
403,335
404,335
405,335
406,335
407,335
408,335
409,335
411,335
412,335
413,335
414,335
415,335
416,335
417,335
418,335
382,336
383,336
384,336
385,336
386,336
387,336
388,336
389,336
390,336
391,336
392,336
393,336
394,336
395,336
396,336
397,336
398,336
399,336
400,336
401,336
402,336
403,336
404,336
405,336
406,336
407,336
408,336
409,336
410,336
411,336
412,336
413,336
414,336
415,336
416,336
417,336
418,336
419,336
382,337
383,337
384,337
385,337
386,337
387,337
388,337
389,337
390,337
391,337
392,337
393,337
394,337
395,337
396,337
397,337
398,337
399,337
400,337
401,337
402,337
403,337
404,337
405,337
406,337
407,337
408,337
409,337
410,337
411,337
412,337
413,337
414,337
415,337
416,337
417,337
418,337
419,337
420,337
381,338
382,338
383,338
384,338
385,338
386,338
387,338
388,338
389,338
390,338
391,338
392,338
393,338
394,338
395,338
396,338
397,338
398,338
399,338
400,338
401,338
402,338
403,338
404,338
405,338
406,338
407,338
408,338
409,338
410,338
411,338
412,338
413,338
414,338
415,338
416,338
417,338
418,338
419,338
420,338
381,339
382,339
383,339
384,339
385,339
386,339
387,339
388,339
389,339
390,339
391,339
392,339
393,339
394,339
395,339
396,339
397,339
398,339
399,339
400,339
401,339
402,339
403,339
404,339
405,339
406,339
407,339
408,339
409,339
410,339
411,339
412,339
413,339
414,339
415,339
416,339
417,339
418,339
419,339
420,339
421,339
380,340
381,340
382,340
383,340
384,340
385,340
386,340
387,340
388,340
389,340
390,340
391,340
392,340
393,340
394,340
395,340
396,340
397,340
398,340
399,340
400,340
401,340
402,340
403,340
404,340
405,340
406,340
407,340
408,340
409,340
410,340
411,340
412,340
413,340
414,340
415,340
416,340
417,340
418,340
419,340
420,340
421,340
422,340
380,341
381,341
382,341
383,341
384,341
385,341
386,341
387,341
388,341
389,341
390,341
391,341
392,341
393,341
394,341
395,341
396,341
397,341
398,341
399,341
400,341
401,341
402,341
403,341
404,341
405,341
406,341
407,341
408,341
409,341
410,341
411,341
412,341
413,341
414,341
415,341
416,341
417,341
418,341
419,341
420,341
421,341
422,341
379,342
380,342
381,342
382,342
383,342
384,342
385,342
386,342
387,342
388,342
389,342
390,342
391,342
392,342
393,342
394,342
395,342
396,342
397,342
398,342
399,342
400,342
401,342
402,342
403,342
404,342
405,342
406,342
407,342
408,342
409,342
410,342
411,342
412,342
413,342
414,342
415,342
416,342
417,342
418,342
419,342
420,342
421,342
422,342
423,342
379,343
380,343
381,343
382,343
383,343
384,343
385,343
386,343
387,343
388,343
389,343
390,343
391,343
392,343
393,343
394,343
395,343
396,343
397,343
398,343
399,343
400,343
401,343
402,343
403,343
404,343
405,343
406,343
407,343
408,343
409,343
410,343
411,343
412,343
413,343
414,343
415,343
416,343
417,343
418,343
419,343
420,343
421,343
422,343
423,343
379,344
380,344
381,344
382,344
383,344
384,344
385,344
386,344
387,344
388,344
389,344
390,344
391,344
392,344
393,344
394,344
395,344
396,344
397,344
398,344
399,344
400,344
401,344
402,344
403,344
404,344
405,344
406,344
407,344
408,344
409,344
410,344
411,344
412,344
413,344
414,344
415,344
416,344
417,344
418,344
419,344
420,344
421,344
422,344
423,344
424,344
380,345
381,345
382,345
383,345
384,345
385,345
386,345
387,345
388,345
389,345
390,345
391,345
392,345
393,345
394,345
395,345
396,345
397,345
398,345
399,345
400,345
401,345
402,345
403,345
404,345
405,345
406,345
407,345
408,345
409,345
410,345
411,345
412,345
413,345
414,345
415,345
416,345
417,345
418,345
419,345
420,345
421,345
422,345
423,345
424,345
425,345
382,346
383,346
384,346
385,346
386,346
387,346
388,346
389,346
390,346
391,346
392,346
393,346
394,346
395,346
396,346
397,346
398,346
399,346
400,346
401,346
402,346
403,346
404,346
405,346
406,346
407,346
408,346
409,346
410,346
411,346
412,346
413,346
414,346
415,346
416,346
417,346
418,346
419,346
420,346
421,346
422,346
423,346
424,346
425,346
432,346
383,347
384,347
385,347
386,347
387,347
388,347
389,347
390,347
391,347
392,347
393,347
394,347
395,347
396,347
397,347
398,347
399,347
400,347
401,347
402,347
403,347
404,347
405,347
406,347
407,347
408,347
409,347
410,347
411,347
412,347
413,347
414,347
415,347
416,347
417,347
418,347
419,347
420,347
421,347
422,347
423,347
424,347
425,347
426,347
431,347
432,347
433,347
434,347
385,348
386,348
387,348
388,348
389,348
390,348
391,348
392,348
393,348
394,348
395,348
396,348
397,348
398,348
399,348
400,348
401,348
402,348
403,348
404,348
405,348
406,348
407,348
408,348
409,348
410,348
411,348
412,348
413,348
414,348
415,348
416,348
417,348
418,348
419,348
420,348
421,348
422,348
423,348
424,348
425,348
426,348
427,348
430,348
431,348
432,348
433,348
434,348
386,349
387,349
388,349
389,349
390,349
391,349
392,349
393,349
394,349
395,349
396,349
397,349
398,349
399,349
400,349
401,349
402,349
403,349
404,349
405,349
406,349
407,349
408,349
409,349
410,349
411,349
412,349
413,349
414,349
415,349
416,349
417,349
418,349
419,349
420,349
421,349
422,349
423,349
424,349
425,349
426,349
427,349
429,349
430,349
431,349
432,349
433,349
434,349
435,349
388,350
389,350
390,350
391,350
392,350
393,350
394,350
395,350
396,350
397,350
398,350
399,350
400,350
401,350
402,350
403,350
404,350
405,350
406,350
407,350
408,350
409,350
410,350
411,350
412,350
413,350
414,350
415,350
416,350
417,350
418,350
419,350
420,350
421,350
422,350
423,350
424,350
425,350
426,350
427,350
428,350
429,350
430,350
431,350
432,350
433,350
434,350
435,350
389,351
390,351
391,351
392,351
393,351
394,351
395,351
396,351
397,351
398,351
399,351
400,351
401,351
402,351
403,351
404,351
405,351
406,351
407,351
408,351
409,351
410,351
411,351
412,351
413,351
414,351
415,351
416,351
417,351
418,351
419,351
420,351
421,351
422,351
423,351
424,351
425,351
426,351
427,351
428,351
429,351
430,351
431,351
432,351
433,351
434,351
435,351
436,351
391,352
392,352
393,352
394,352
395,352
396,352
397,352
398,352
399,352
400,352
401,352
402,352
403,352
404,352
405,352
406,352
407,352
408,352
409,352
410,352
411,352
412,352
413,352
414,352
415,352
416,352
417,352
418,352
419,352
420,352
421,352
422,352
423,352
424,352
425,352
426,352
427,352
428,352
429,352
430,352
431,352
432,352
433,352
434,352
435,352
436,352
437,352
392,353
393,353
394,353
395,353
396,353
397,353
398,353
399,353
400,353
401,353
402,353
403,353
404,353
405,353
406,353
407,353
408,353
409,353
410,353
411,353
412,353
413,353
414,353
415,353
416,353
417,353
418,353
419,353
420,353
421,353
422,353
423,353
424,353
425,353
426,353
427,353
428,353
429,353
430,353
431,353
432,353
433,353
434,353
435,353
436,353
437,353
394,354
395,354
396,354
397,354
398,354
399,354
400,354
401,354
402,354
403,354
404,354
405,354
406,354
407,354
408,354
409,354
410,354
411,354
412,354
413,354
414,354
415,354
416,354
417,354
418,354
419,354
420,354
421,354
422,354
423,354
424,354
425,354
426,354
427,354
428,354
429,354
430,354
431,354
432,354
433,354
434,354
435,354
436,354
437,354
438,354
395,355
396,355
397,355
398,355
399,355
400,355
401,355
402,355
403,355
404,355
405,355
406,355
407,355
408,355
409,355
410,355
411,355
412,355
413,355
414,355
415,355
416,355
417,355
418,355
419,355
420,355
421,355
422,355
423,355
424,355
425,355
426,355
427,355
428,355
429,355
430,355
431,355
432,355
433,355
434,355
435,355
436,355
437,355
438,355
439,355
397,356
398,356
399,356
400,356
401,356
402,356
403,356
404,356
405,356
406,356
407,356
408,356
409,356
410,356
411,356
412,356
413,356
414,356
415,356
416,356
417,356
418,356
419,356
420,356
421,356
422,356
423,356
424,356
425,356
426,356
427,356
428,356
429,356
430,356
431,356
432,356
433,356
434,356
435,356
436,356
437,356
438,356
439,356
398,357
399,357
400,357
401,357
402,357
403,357
404,357
407,357
408,357
409,357
410,357
411,357
412,357
413,357
414,357
415,357
416,357
417,357
418,357
419,357
420,357
421,357
422,357
423,357
424,357
425,357
426,357
427,357
428,357
429,357
430,357
431,357
432,357
433,357
434,357
435,357
436,357
437,357
438,357
439,357
440,357
400,358
401,358
402,358
403,358
408,358
409,358
410,358
411,358
412,358
413,358
414,358
415,358
416,358
417,358
418,358
419,358
420,358
421,358
422,358
423,358
424,358
425,358
426,358
427,358
428,358
429,358
430,358
431,358
432,358
433,358
434,358
435,358
436,358
437,358
438,358
439,358
440,358
441,358
402,359
409,359
410,359
411,359
412,359
413,359
414,359
415,359
416,359
417,359
418,359
419,359
420,359
421,359
422,359
423,359
424,359
425,359
426,359
427,359
428,359
429,359
430,359
431,359
432,359
433,359
434,359
435,359
436,359
437,359
438,359
439,359
440,359
441,359
410,360
411,360
412,360
413,360
414,360
415,360
416,360
417,360
418,360
419,360
420,360
421,360
422,360
423,360
424,360
425,360
426,360
427,360
428,360
429,360
430,360
431,360
432,360
433,360
434,360
435,360
436,360
437,360
438,360
439,360
440,360
441,360
442,360
411,361
412,361
413,361
414,361
415,361
416,361
417,361
418,361
419,361
420,361
421,361
422,361
423,361
424,361
425,361
426,361
427,361
428,361
429,361
430,361
431,361
432,361
433,361
434,361
435,361
436,361
437,361
438,361
439,361
440,361
441,361
442,361
412,362
413,362
414,362
415,362
416,362
417,362
418,362
419,362
420,362
421,362
422,362
423,362
424,362
425,362
426,362
427,362
428,362
429,362
430,362
431,362
432,362
433,362
434,362
435,362
436,362
437,362
438,362
439,362
440,362
441,362
442,362
443,362
413,363
414,363
415,363
416,363
417,363
418,363
419,363
420,363
421,363
422,363
423,363
424,363
425,363
426,363
427,363
428,363
429,363
430,363
431,363
432,363
433,363
434,363
435,363
436,363
437,363
438,363
439,363
440,363
441,363
442,363
443,363
444,363
414,364
415,364
416,364
417,364
418,364
419,364
420,364
421,364
422,364
423,364
424,364
425,364
426,364
427,364
428,364
429,364
430,364
431,364
432,364
433,364
434,364
435,364
436,364
437,364
438,364
439,364
440,364
441,364
442,364
443,364
444,364
415,365
416,365
417,365
418,365
419,365
420,365
421,365
422,365
423,365
424,365
425,365
426,365
427,365
428,365
429,365
430,365
431,365
432,365
433,365
434,365
435,365
436,365
437,365
438,365
439,365
440,365
441,365
442,365
443,365
444,365
445,365
416,366
417,366
418,366
419,366
420,366
421,366
422,366
423,366
424,366
425,366
426,366
427,366
428,366
429,366
430,366
431,366
432,366
433,366
434,366
435,366
436,366
437,366
438,366
439,366
440,366
441,366
442,366
443,366
444,366
445,366
446,366
417,367
418,367
419,367
420,367
421,367
422,367
423,367
424,367
425,367
426,367
427,367
428,367
429,367
430,367
431,367
432,367
433,367
434,367
435,367
436,367
437,367
438,367
439,367
440,367
441,367
442,367
443,367
444,367
445,367
446,367
418,368
419,368
420,368
421,368
422,368
423,368
424,368
428,368
429,368
430,368
431,368
432,368
433,368
434,368
435,368
436,368
437,368
438,368
439,368
440,368
441,368
442,368
443,368
444,368
445,368
446,368
447,368
419,369
420,369
421,369
422,369
423,369
424,369
429,369
430,369
431,369
432,369
433,369
434,369
435,369
436,369
437,369
438,369
439,369
440,369
441,369
442,369
443,369
444,369
445,369
446,369
447,369
420,370
421,370
422,370
423,370
431,370
432,370
433,370
434,370
435,370
436,370
437,370
438,370
439,370
440,370
441,370
442,370
443,370
444,370
445,370
446,370
447,370
448,370
432,371
433,371
434,371
435,371
436,371
437,371
438,371
439,371
440,371
441,371
442,371
443,371
444,371
445,371
446,371
447,371
448,371
449,371
433,372
434,372
435,372
436,372
437,372
438,372
439,372
440,372
441,372
442,372
443,372
444,372
445,372
446,372
447,372
448,372
449,372
435,373
436,373
437,373
438,373
439,373
440,373
441,373
442,373
443,373
444,373
445,373
446,373
447,373
448,373
449,373
450,373
436,374
437,374
438,374
439,374
440,374
441,374
442,374
443,374
444,374
445,374
446,374
447,374
448,374
449,374
450,374
451,374
437,375
438,375
439,375
440,375
441,375
442,375
443,375
444,375
445,375
446,375
447,375
448,375
449,375
450,375
451,375
439,376
440,376
441,376
442,376
443,376
444,376
445,376
446,376
447,376
448,376
449,376
450,376
451,376
452,376
440,377
441,377
442,377
443,377
444,377
445,377
446,377
447,377
448,377
449,377
450,377
451,377
452,377
442,378
443,378
444,378
445,378
446,378
447,378
448,378
449,378
450,378
451,378
452,378
453,378
443,379
444,379
445,379
446,379
447,379
448,379
449,379
450,379
451,379
452,379
453,379
454,379
444,380
445,380
446,380
447,380
448,380
449,380
450,380
451,380
452,380
453,380
454,380
446,381
447,381
448,381
449,381
450,381
451,381
452,381
453,381
454,381
455,381
447,382
448,382
449,382
450,382
451,382
452,382
453,382
454,382
455,382
456,382
448,383
449,383
450,383
451,383
452,383
453,383
454,383
455,383
456,383
450,384
451,384
452,384
453,384
454,384
455,384
456,384
457,384
451,385
452,385
453,385
454,385
455,385
456,385
457,385
453,386
454,386
455,386
456,386
457,386
454,387
455,387
456,387
