392,33
393,33
394,33
391,34
392,34
393,34
394,34
395,34
391,35
392,35
393,35
394,35
395,35
396,35
391,36
392,36
393,36
394,36
395,36
396,36
392,37
393,37
394,37
395,37
396,37
397,37
392,38
393,38
394,38
395,38
396,38
397,38
398,38
393,39
394,39
395,39
396,39
397,39
398,39
394,40
395,40
396,40
397,40
398,40
399,40
394,41
395,41
396,41
397,41
398,41
399,41
400,41
395,42
396,42
397,42
398,42
399,42
400,42
396,43
397,43
398,43
399,43
400,43
401,43
396,44
397,44
398,44
399,44
400,44
401,44
402,44
397,45
398,45
399,45
400,45
401,45
402,45
398,46
399,46
400,46
401,46
402,46
403,46
398,47
399,47
400,47
401,47
402,47
403,47
399,48
400,48
401,48
402,48
403,48
404,48
400,49
401,49
402,49
403,49
404,49
405,49
400,50
401,50
402,50
403,50
404,50
405,50
401,51
402,51
403,51
404,51
405,51
406,51
402,52
403,52
404,52
405,52
406,52
407,52
402,53
403,53
404,53
405,53
406,53
407,53
403,54
404,54
405,54
406,54
407,54
408,54
404,55
405,55
406,55
407,55
408,55
409,55
404,56
405,56
406,56
407,56
408,56
409,56
405,57
406,57
407,57
408,57
409,57
410,57
406,58
407,58
408,58
409,58
410,58
411,58
406,59
407,59
408,59
409,59
410,59
411,59
407,60
408,60
409,60
410,60
411,60
412,60
408,61
409,61
410,61
411,61
412,61
413,61
408,62
409,62
410,62
411,62
412,62
413,62
409,63
410,63
411,63
412,63
413,63
414,63
410,64
411,64
412,64
413,64
414,64
415,64
410,65
411,65
412,65
413,65
414,65
415,65
411,66
412,66
413,66
414,66
415,66
416,66
412,67
413,67
414,67
415,67
416,67
417,67
412,68
413,68
414,68
415,68
416,68
417,68
413,69
414,69
415,69
416,69
417,69
418,69
414,70
415,70
416,70
417,70
418,70
419,70
414,71
415,71
416,71
417,71
418,71
419,71
415,72
416,72
417,72
418,72
419,72
420,72
416,73
417,73
418,73
419,73
420,73
421,73
416,74
417,74
418,74
419,74
420,74
421,74
417,75
418,75
419,75
420,75
421,75
422,75
418,76
419,76
420,76
421,76
422,76
423,76
418,77
419,77
420,77
421,77
422,77
423,77
419,78
420,78
421,78
422,78
423,78
424,78
420,79
421,79
422,79
423,79
424,79
425,79
420,80
421,80
422,80
423,80
424,80
425,80
421,81
422,81
423,81
424,81
425,81
426,81
422,82
423,82
424,82
425,82
426,82
427,82
422,83
423,83
424,83
425,83
426,83
427,83
423,84
424,84
425,84
426,84
427,84
428,84
424,85
425,85
426,85
427,85
428,85
429,85
424,86
425,86
426,86
427,86
428,86
429,86
425,87
426,87
427,87
428,87
429,87
430,87
426,88
427,88
428,88
429,88
430,88
431,88
426,89
427,89
428,89
429,89
430,89
431,89
427,90
428,90
429,90
430,90
431,90
432,90
428,91
429,91
430,91
431,91
432,91
433,91
428,92
429,92
430,92
431,92
432,92
433,92
429,93
430,93
431,93
432,93
433,93
434,93
430,94
431,94
432,94
433,94
434,94
435,94
430,95
431,95
432,95
433,95
434,95
435,95
431,96
432,96
433,96
434,96
435,96
436,96
432,97
433,97
434,97
435,97
436,97
437,97
432,98
433,98
434,98
435,98
436,98
437,98
433,99
434,99
435,99
436,99
437,99
438,99
434,100
435,100
436,100
437,100
438,100
439,100
434,101
435,101
436,101
437,101
438,101
439,101
435,102
436,102
437,102
438,102
439,102
440,102
436,103
437,103
438,103
439,103
440,103
441,103
436,104
437,104
438,104
439,104
440,104
441,104
437,105
438,105
439,105
440,105
441,105
442,105
438,106
439,106
440,106
441,106
442,106
443,106
438,107
439,107
440,107
441,107
442,107
443,107
439,108
440,108
441,108
442,108
443,108
444,108
440,109
441,109
442,109
443,109
444,109
445,109
440,110
441,110
442,110
443,110
444,110
445,110
441,111
442,111
443,111
444,111
445,111
446,111
442,112
443,112
444,112
445,112
446,112
447,112
442,113
443,113
444,113
445,113
446,113
447,113
443,114
444,114
445,114
446,114
447,114
448,114
444,115
445,115
446,115
447,115
448,115
449,115
444,116
445,116
446,116
447,116
448,116
449,116
445,117
446,117
447,117
448,117
449,117
450,117
446,118
447,118
448,118
449,118
450,118
451,118
446,119
447,119
448,119
449,119
450,119
451,119
447,120
448,120
449,120
450,120
451,120
452,120
448,121
449,121
450,121
451,121
452,121
453,121
448,122
449,122
450,122
451,122
452,122
453,122
449,123
450,123
451,123
452,123
453,123
454,123
449,124
450,124
451,124
452,124
453,124
454,124
455,124
450,125
451,125
452,125
453,125
454,125
455,125
451,126
452,126
453,126
454,126
455,126
456,126
451,127
452,127
453,127
454,127
455,127
456,127
452,128
453,128
454,128
455,128
456,128
453,129
454,129
455,129
