219,329
220,329
221,329
218,330
219,330
220,330
221,330
222,330
218,331
219,331
220,331
221,331
222,331
217,332
218,332
219,332
220,332
221,332
222,332
217,333
218,333
219,333
220,333
221,333
216,334
217,334
218,334
219,334
220,334
221,334
216,335
217,335
218,335
219,335
220,335
216,336
217,336
218,336
219,336
220,336
215,337
216,337
217,337
218,337
219,337
220,337
215,338
216,338
217,338
218,338
219,338
214,339
215,339
216,339
217,339
218,339
219,339
214,340
215,340
216,340
217,340
218,340
213,341
214,341
215,341
216,341
217,341
218,341
213,342
214,342
215,342
216,342
217,342
212,343
213,343
214,343
215,343
216,343
217,343
212,344
213,344
214,344
215,344
216,344
212,345
213,345
214,345
215,345
216,345
211,346
212,346
213,346
214,346
215,346
216,346
211,347
212,347
213,347
214,347
215,347
210,348
211,348
212,348
213,348
214,348
215,348
210,349
211,349
212,349
213,349
214,349
209,350
210,350
211,350
212,350
213,350
214,350
209,351
210,351
211,351
212,351
213,351
208,352
209,352
210,352
211,352
212,352
213,352
208,353
209,353
210,353
211,353
212,353
208,354
209,354
210,354
211,354
212,354
207,355
208,355
209,355
210,355
211,355
212,355
207,356
208,356
209,356
210,356
211,356
206,357
207,357
208,357
209,357
210,357
211,357
206,358
207,358
208,358
209,358
210,358
205,359
206,359
207,359
208,359
209,359
210,359
205,360
206,360
207,360
208,360
209,360
205,361
206,361
207,361
208,361
209,361
204,362
205,362
206,362
207,362
208,362
209,362
204,363
205,363
206,363
207,363
208,363
203,364
204,364
205,364
206,364
207,364
208,364
203,365
204,365
205,365
206,365
207,365
256,365
257,365
258,365
202,366
203,366
204,366
205,366
206,366
207,366
254,366
255,366
256,366
257,366
258,366
259,366
202,367
203,367
204,367
205,367
206,367
253,367
254,367
255,367
256,367
257,367
258,367
259,367
202,368
203,368
204,368
205,368
206,368
251,368
252,368
253,368
254,368
255,368
256,368
257,368
258,368
259,368
201,369
202,369
203,369
204,369
205,369
206,369
249,369
250,369
251,369
252,369
253,369
254,369
255,369
256,369
257,369
258,369
201,370
202,370
203,370
204,370
205,370
247,370
248,370
249,370
250,370
251,370
252,370
253,370
254,370
255,370
256,370
200,371
201,371
202,371
203,371
204,371
205,371
246,371
247,371
248,371
249,371
250,371
251,371
252,371
253,371
254,371
255,371
200,372
201,372
202,372
203,372
204,372
244,372
245,372
246,372
247,372
248,372
249,372
250,372
251,372
252,372
253,372
200,373
201,373
202,373
203,373
204,373
242,373
243,373
244,373
245,373
246,373
247,373
248,373
249,373
250,373
251,373
199,374
200,374
201,374
202,374
203,374
204,374
241,374
242,374
243,374
244,374
245,374
246,374
247,374
248,374
249,374
250,374
199,375
200,375
201,375
202,375
203,375
239,375
240,375
241,375
242,375
243,375
244,375
245,375
246,375
247,375
248,375
199,376
200,376
201,376
202,376
203,376
237,376
238,376
239,376
240,376
241,376
242,376
243,376
244,376
245,376
246,376
198,377
199,377
200,377
201,377
202,377
235,377
236,377
237,377
238,377
239,377
240,377
241,377
242,377
243,377
244,377
198,378
199,378
200,378
201,378
202,378
234,378
235,378
236,378
237,378
238,378
239,378
240,378
241,378
242,378
243,378
198,379
199,379
200,379
201,379
202,379
232,379
233,379
234,379
235,379
236,379
237,379
238,379
239,379
240,379
241,379
197,380
198,380
199,380
200,380
201,380
230,380
231,380
232,380
233,380
234,380
235,380
236,380
237,380
238,380
239,380
197,381
198,381
199,381
200,381
201,381
228,381
229,381
230,381
231,381
232,381
233,381
234,381
235,381
236,381
237,381
197,382
198,382
199,382
200,382
201,382
227,382
228,382
229,382
230,382
231,382
232,382
233,382
234,382
235,382
236,382
196,383
197,383
198,383
199,383
200,383
201,383
225,383
226,383
227,383
228,383
229,383
230,383
231,383
232,383
233,383
234,383
196,384
197,384
198,384
199,384
200,384
223,384
224,384
225,384
226,384
227,384
228,384
229,384
230,384
231,384
232,384
196,385
197,385
198,385
199,385
200,385
221,385
222,385
223,385
224,385
225,385
226,385
227,385
228,385
229,385
230,385
196,386
197,386
198,386
199,386
200,386
219,386
220,386
221,386
222,386
223,386
224,386
225,386
226,386
227,386
228,386
229,386
195,387
196,387
197,387
198,387
199,387
200,387
217,387
218,387
219,387
220,387
221,387
222,387
223,387
224,387
225,387
226,387
227,387
195,388
196,388
197,388
198,388
199,388
215,388
216,388
217,388
218,388
219,388
220,388
221,388
222,388
223,388
224,388
225,388
195,389
196,389
197,389
198,389
199,389
213,389
214,389
215,389
216,389
217,389
218,389
219,389
220,389
221,389
222,389
223,389
195,390
196,390
197,390
198,390
199,390
211,390
212,390
213,390
214,390
215,390
216,390
217,390
218,390
219,390
220,390
221,390
195,391
196,391
197,391
198,391
199,391
208,391
209,391
210,391
211,391
212,391
213,391
214,391
215,391
216,391
217,391
218,391
219,391
195,392
196,392
197,392
198,392
199,392
200,392
205,392
206,392
207,392
208,392
209,392
210,392
211,392
212,392
213,392
214,392
215,392
216,392
217,392
196,393
197,393
198,393
199,393
200,393
201,393
202,393
203,393
204,393
205,393
206,393
207,393
208,393
209,393
210,393
211,393
212,393
213,393
214,393
215,393
196,394
197,394
198,394
199,394
200,394
201,394
202,394
203,394
204,394
205,394
206,394
207,394
208,394
209,394
210,394
211,394
212,394
213,394
197,395
198,395
199,395
200,395
201,395
202,395
203,395
204,395
205,395
206,395
207,395
208,395
209,395
210,395
211,395
197,396
198,396
199,396
200,396
201,396
202,396
203,396
204,396
205,396
206,396
207,396
208,396
200,397
201,397
202,397
203,397
204,397
205,397
