369,88
370,88
371,88
372,88
373,88
368,89
369,89
370,89
371,89
372,89
373,89
368,90
369,90
370,90
371,90
372,90
373,90
374,90
368,91
369,91
370,91
371,91
372,91
373,91
374,91
368,92
369,92
370,92
371,92
372,92
373,92
374,92
369,93
370,93
371,93
372,93
373,93
374,93
369,94
370,94
371,94
372,94
373,94
374,94
375,94
369,95
370,95
371,95
372,95
373,95
374,95
375,95
369,96
370,96
371,96
372,96
373,96
374,96
375,96
370,97
371,97
372,97
373,97
374,97
375,97
376,97
370,98
371,98
372,98
373,98
374,98
375,98
376,98
370,99
371,99
372,99
373,99
374,99
375,99
376,99
370,100
371,100
372,100
373,100
374,100
375,100
376,100
370,101
371,101
372,101
373,101
374,101
375,101
376,101
377,101
371,102
372,102
373,102
374,102
375,102
376,102
377,102
371,103
372,103
373,103
374,103
375,103
376,103
377,103
371,104
372,104
373,104
374,104
375,104
376,104
377,104
378,104
371,105
372,105
373,105
374,105
375,105
376,105
377,105
378,105
371,106
372,106
373,106
374,106
375,106
376,106
377,106
378,106
371,107
372,107
373,107
374,107
375,107
376,107
377,107
378,107
372,108
373,108
374,108
375,108
376,108
377,108
378,108
379,108
372,109
373,109
374,109
375,109
376,109
377,109
378,109
379,109
372,110
373,110
374,110
375,110
376,110
377,110
378,110
379,110
373,111
374,111
375,111
376,111
377,111
378,111
379,111
373,112
374,112
375,112
376,112
377,112
378,112
379,112
380,112
373,113
374,113
375,113
376,113
377,113
378,113
379,113
380,113
373,114
374,114
375,114
376,114
377,114
378,114
379,114
380,114
374,115
375,115
376,115
377,115
378,115
379,115
380,115
381,115
374,116
375,116
376,116
377,116
378,116
379,116
380,116
381,116
374,117
375,117
376,117
377,117
378,117
379,117
380,117
381,117
375,118
376,118
377,118
378,118
379,118
380,118
381,118
375,119
376,119
377,119
378,119
379,119
380,119
381,119
375,120
376,120
377,120
378,120
379,120
380,120
381,120
382,120
375,121
376,121
377,121
378,121
379,121
380,121
381,121
382,121
375,122
376,122
377,122
378,122
379,122
380,122
381,122
382,122
375,123
376,123
377,123
378,123
379,123
380,123
381,123
382,123
383,123
376,124
377,124
378,124
379,124
380,124
381,124
382,124
383,124
376,125
377,125
378,125
379,125
380,125
381,125
382,125
383,125
376,126
377,126
378,126
379,126
380,126
381,126
382,126
383,126
377,127
378,127
379,127
380,127
381,127
382,127
383,127
384,127
377,128
378,128
379,128
380,128
381,128
382,128
383,128
384,128
377,129
378,129
379,129
380,129
381,129
382,129
383,129
384,129
377,130
378,130
379,130
380,130
381,130
382,130
383,130
384,130
377,131
378,131
379,131
380,131
381,131
382,131
383,131
384,131
378,132
379,132
380,132
381,132
382,132
383,132
384,132
385,132
377,133
378,133
379,133
380,133
381,133
382,133
383,133
384,133
385,133
375,134
376,134
377,134
378,134
379,134
380,134
381,134
382,134
383,134
384,134
385,134
371,135
372,135
373,135
374,135
375,135
376,135
377,135
378,135
379,135
380,135
381,135
382,135
383,135
384,135
385,135
366,136
367,136
368,136
369,136
370,136
371,136
372,136
373,136
374,136
375,136
376,136
377,136
378,136
379,136
380,136
381,136
382,136
383,136
384,136
385,136
364,137
365,137
366,137
367,137
368,137
369,137
370,137
371,137
372,137
373,137
374,137
375,137
376,137
377,137
378,137
379,137
380,137
381,137
382,137
383,137
384,137
385,137
364,138
365,138
366,138
367,138
368,138
369,138
370,138
371,138
372,138
373,138
374,138
375,138
376,138
377,138
378,138
379,138
380,138
381,138
382,138
383,138
384,138
385,138
386,138
364,139
365,139
366,139
367,139
368,139
369,139
370,139
371,139
372,139
373,139
374,139
375,139
376,139
377,139
378,139
379,139
380,139
381,139
382,139
383,139
384,139
385,139
386,139
364,140
365,140
366,140
367,140
368,140
369,140
370,140
371,140
372,140
373,140
374,140
375,140
376,140
377,140
378,140
379,140
380,140
381,140
382,140
383,140
384,140
385,140
386,140
365,141
366,141
367,141
368,141
369,141
370,141
371,141
372,141
373,141
374,141
375,141
376,141
377,141
378,141
379,141
380,141
381,141
382,141
383,141
384,141
385,141
386,141
365,142
366,142
367,142
368,142
369,142
370,142
371,142
372,142
373,142
374,142
375,142
376,142
377,142
378,142
379,142
380,142
381,142
382,142
383,142
384,142
385,142
386,142
365,143
366,143
367,143
368,143
369,143
370,143
371,143
372,143
373,143
374,143
375,143
376,143
377,143
378,143
379,143
380,143
381,143
382,143
383,143
384,143
385,143
386,143
387,143
365,144
366,144
367,144
368,144
369,144
370,144
371,144
372,144
373,144
374,144
375,144
376,144
377,144
378,144
379,144
380,144
381,144
382,144
383,144
384,144
385,144
386,144
387,144
365,145
366,145
367,145
368,145
369,145
370,145
371,145
372,145
373,145
374,145
375,145
376,145
377,145
378,145
379,145
380,145
381,145
382,145
383,145
384,145
385,145
386,145
387,145
366,146
367,146
368,146
369,146
370,146
371,146
372,146
373,146
374,146
375,146
376,146
377,146
378,146
379,146
380,146
381,146
382,146
383,146
384,146
385,146
386,146
387,146
366,147
367,147
368,147
369,147
370,147
371,147
372,147
373,147
374,147
375,147
376,147
377,147
378,147
379,147
380,147
381,147
382,147
383,147
384,147
385,147
386,147
387,147
388,147
366,148
367,148
368,148
369,148
370,148
371,148
372,148
373,148
374,148
375,148
376,148
377,148
378,148
379,148
380,148
381,148
382,148
383,148
384,148
385,148
386,148
387,148
388,148
366,149
367,149
368,149
369,149
370,149
371,149
372,149
373,149
374,149
375,149
376,149
377,149
378,149
379,149
380,149
381,149
382,149
383,149
384,149
385,149
386,149
387,149
388,149
366,150
367,150
368,150
369,150
370,150
371,150
372,150
373,150
374,150
375,150
376,150
377,150
378,150
379,150
380,150
381,150
382,150
383,150
384,150
385,150
386,150
387,150
388,150
367,151
368,151
369,151
370,151
371,151
372,151
373,151
374,151
375,151
376,151
377,151
378,151
379,151
380,151
381,151
382,151
383,151
384,151
385,151
386,151
387,151
388,151
367,152
368,152
369,152
370,152
371,152
372,152
373,152
374,152
375,152
376,152
377,152
378,152
379,152
380,152
381,152
382,152
383,152
384,152
385,152
386,152
387,152
388,152
367,153
368,153
369,153
370,153
371,153
372,153
373,153
374,153
375,153
376,153
377,153
378,153
379,153
380,153
381,153
382,153
383,153
384,153
385,153
386,153
387,153
388,153
367,154
368,154
369,154
370,154
371,154
372,154
373,154
374,154
375,154
376,154
377,154
378,154
379,154
380,154
381,154
382,154
383,154
384,154
385,154
386,154
387,154
388,154
367,155
368,155
369,155
370,155
371,155
372,155
373,155
374,155
375,155
376,155
377,155
378,155
379,155
380,155
381,155
382,155
383,155
384,155
385,155
386,155
387,155
388,155
367,156
368,156
369,156
370,156
371,156
372,156
373,156
374,156
375,156
376,156
377,156
378,156
379,156
380,156
381,156
382,156
383,156
384,156
385,156
386,156
387,156
388,156
367,157
368,157
369,157
370,157
371,157
372,157
373,157
374,157
375,157
376,157
377,157
378,157
379,157
380,157
381,157
382,157
383,157
384,157
385,157
386,157
387,157
388,157
368,158
369,158
370,158
371,158
372,158
373,158
374,158
375,158
376,158
377,158
378,158
379,158
380,158
381,158
382,158
383,158
384,158
385,158
386,158
387,158
388,158
368,159
369,159
370,159
371,159
372,159
373,159
374,159
375,159
376,159
377,159
378,159
379,159
380,159
381,159
382,159
383,159
384,159
385,159
386,159
387,159
388,159
389,159
369,160
370,160
371,160
372,160
373,160
374,160
375,160
376,160
377,160
378,160
379,160
380,160
381,160
382,160
383,160
384,160
385,160
386,160
387,160
388,160
389,160
369,161
370,161
371,161
372,161
373,161
374,161
375,161
376,161
377,161
378,161
379,161
380,161
381,161
382,161
383,161
384,161
385,161
386,161
387,161
388,161
389,161
369,162
370,162
371,162
372,162
373,162
374,162
375,162
376,162
377,162
378,162
379,162
380,162
381,162
382,162
383,162
384,162
385,162
386,162
387,162
388,162
389,162
369,163
370,163
371,163
372,163
373,163
374,163
375,163
376,163
377,163
378,163
379,163
380,163
381,163
382,163
383,163
384,163
385,163
386,163
387,163
388,163
389,163
370,164
371,164
372,164
373,164
374,164
375,164
376,164
377,164
378,164
379,164
380,164
381,164
382,164
383,164
384,164
385,164
386,164
387,164
388,164
389,164
370,165
371,165
372,165
373,165
374,165
375,165
376,165
377,165
378,165
379,165
380,165
381,165
382,165
383,165
384,165
385,165
386,165
387,165
388,165
389,165
370,166
371,166
372,166
373,166
374,166
375,166
376,166
377,166
378,166
379,166
380,166
381,166
382,166
383,166
384,166
385,166
386,166
387,166
388,166
389,166
390,166
370,167
371,167
372,167
373,167
374,167
375,167
376,167
377,167
378,167
379,167
380,167
381,167
382,167
383,167
384,167
385,167
386,167
387,167
388,167
389,167
390,167
371,168
372,168
373,168
374,168
375,168
376,168
377,168
378,168
379,168
380,168
381,168
382,168
383,168
384,168
385,168
386,168
387,168
388,168
389,168
390,168
371,169
372,169
373,169
374,169
375,169
376,169
377,169
378,169
379,169
380,169
381,169
382,169
383,169
384,169
385,169
386,169
387,169
388,169
389,169
390,169
371,170
372,170
373,170
374,170
375,170
376,170
377,170
378,170
379,170
380,170
381,170
382,170
383,170
384,170
385,170
386,170
387,170
388,170
389,170
390,170
371,171
372,171
373,171
374,171
375,171
376,171
377,171
378,171
379,171
380,171
381,171
382,171
383,171
384,171
385,171
386,171
387,171
388,171
389,171
390,171
371,172
372,172
373,172
374,172
375,172
376,172
377,172
378,172
379,172
380,172
381,172
382,172
383,172
384,172
385,172
386,172
387,172
388,172
389,172
390,172
391,172
372,173
373,173
374,173
375,173
376,173
377,173
378,173
379,173
380,173
381,173
382,173
383,173
384,173
385,173
386,173
387,173
388,173
389,173
390,173
391,173
372,174
373,174
374,174
375,174
376,174
377,174
378,174
379,174
380,174
381,174
382,174
383,174
384,174
385,174
386,174
387,174
388,174
389,174
390,174
391,174
372,175
373,175
374,175
375,175
376,175
377,175
378,175
379,175
380,175
381,175
382,175
383,175
384,175
385,175
386,175
387,175
388,175
389,175
390,175
391,175
373,176
374,176
375,176
376,176
377,176
378,176
379,176
380,176
381,176
382,176
383,176
384,176
385,176
386,176
387,176
388,176
389,176
390,176
391,176
373,177
374,177
375,177
376,177
377,177
378,177
379,177
380,177
381,177
382,177
383,177
384,177
385,177
386,177
387,177
388,177
389,177
390,177
391,177
373,178
374,178
375,178
376,178
377,178
378,178
379,178
380,178
381,178
382,178
383,178
384,178
385,178
386,178
387,178
388,178
389,178
390,178
391,178
392,178
373,179
374,179
375,179
376,179
377,179
378,179
379,179
380,179
381,179
382,179
383,179
384,179
385,179
386,179
387,179
388,179
389,179
390,179
391,179
392,179
373,180
374,180
375,180
376,180
377,180
378,180
379,180
380,180
381,180
382,180
383,180
384,180
385,180
386,180
387,180
388,180
389,180
390,180
391,180
392,180
374,181
375,181
376,181
377,181
378,181
379,181
380,181
381,181
382,181
383,181
384,181
385,181
386,181
387,181
388,181
389,181
390,181
391,181
392,181
374,182
375,182
376,182
377,182
378,182
379,182
380,182
381,182
382,182
383,182
384,182
385,182
386,182
387,182
388,182
389,182
390,182
391,182
392,182
374,183
375,183
376,183
377,183
378,183
379,183
380,183
381,183
382,183
383,183
384,183
385,183
386,183
387,183
388,183
389,183
390,183
391,183
392,183
375,184
376,184
377,184
378,184
379,184
380,184
381,184
382,184
383,184
384,184
385,184
386,184
387,184
388,184
389,184
390,184
391,184
392,184
393,184
375,185
376,185
377,185
378,185
379,185
380,185
381,185
382,185
383,185
384,185
385,185
386,185
387,185
388,185
389,185
390,185
391,185
392,185
393,185
375,186
376,186
377,186
378,186
379,186
380,186
381,186
382,186
383,186
384,186
385,186
386,186
387,186
388,186
389,186
390,186
391,186
392,186
393,186
375,187
376,187
377,187
378,187
379,187
380,187
381,187
382,187
383,187
384,187
385,187
386,187
387,187
388,187
389,187
390,187
391,187
392,187
393,187
375,188
376,188
377,188
378,188
379,188
380,188
381,188
382,188
383,188
384,188
385,188
386,188
387,188
388,188
389,188
390,188
391,188
392,188
393,188
376,189
377,189
378,189
379,189
380,189
381,189
382,189
383,189
384,189
385,189
386,189
387,189
388,189
389,189
390,189
391,189
392,189
393,189
394,189
376,190
377,190
378,190
379,190
380,190
381,190
382,190
383,190
384,190
385,190
386,190
387,190
388,190
389,190
390,190
391,190
392,190
393,190
394,190
376,191
377,191
378,191
379,191
380,191
381,191
382,191
383,191
384,191
385,191
386,191
387,191
388,191
389,191
390,191
391,191
392,191
393,191
394,191
376,192
377,192
378,192
379,192
380,192
381,192
382,192
383,192
384,192
385,192
386,192
387,192
388,192
389,192
390,192
391,192
392,192
393,192
394,192
377,193
378,193
379,193
380,193
381,193
382,193
383,193
384,193
385,193
386,193
387,193
388,193
389,193
390,193
391,193
392,193
393,193
394,193
377,194
378,194
379,194
380,194
381,194
382,194
383,194
384,194
385,194
386,194
387,194
388,194
389,194
390,194
391,194
392,194
393,194
394,194
377,195
378,195
379,195
380,195
381,195
382,195
383,195
384,195
385,195
386,195
387,195
388,195
389,195
390,195
391,195
392,195
393,195
394,195
395,195
377,196
378,196
379,196
380,196
381,196
382,196
383,196
384,196
385,196
386,196
387,196
388,196
389,196
390,196
391,196
392,196
393,196
394,196
395,196
377,197
378,197
379,197
380,197
381,197
382,197
383,197
384,197
385,197
386,197
387,197
388,197
389,197
390,197
391,197
392,197
393,197
394,197
395,197
378,198
379,198
380,198
381,198
382,198
383,198
384,198
385,198
386,198
387,198
388,198
389,198
390,198
391,198
392,198
393,198
394,198
395,198
378,199
379,199
380,199
381,199
382,199
383,199
384,199
385,199
386,199
387,199
388,199
389,199
390,199
391,199
392,199
393,199
394,199
395,199
396,199
378,200
379,200
380,200
381,200
382,200
383,200
384,200
385,200
386,200
387,200
388,200
389,200
390,200
391,200
392,200
393,200
394,200
395,200
396,200
379,201
380,201
381,201
382,201
383,201
384,201
385,201
386,201
387,201
388,201
389,201
390,201
391,201
392,201
393,201
394,201
395,201
396,201
379,202
380,202
381,202
382,202
383,202
384,202
385,202
386,202
387,202
388,202
389,202
390,202
391,202
392,202
393,202
394,202
395,202
396,202
379,203
380,203
381,203
382,203
383,203
384,203
385,203
386,203
387,203
388,203
389,203
390,203
391,203
392,203
393,203
394,203
395,203
396,203
379,204
380,204
381,204
382,204
383,204
384,204
385,204
386,204
387,204
388,204
389,204
390,204
391,204
392,204
393,204
394,204
395,204
396,204
397,204
379,205
380,205
381,205
382,205
383,205
384,205
385,205
386,205
387,205
388,205
389,205
390,205
391,205
392,205
393,205
394,205
395,205
396,205
397,205
380,206
381,206
382,206
383,206
384,206
385,206
386,206
387,206
388,206
389,206
390,206
391,206
392,206
393,206
394,206
395,206
396,206
397,206
380,207
381,207
382,207
383,207
384,207
385,207
386,207
387,207
388,207
389,207
390,207
391,207
392,207
393,207
394,207
395,207
396,207
397,207
380,208
381,208
382,208
383,208
384,208
385,208
386,208
387,208
388,208
389,208
390,208
391,208
392,208
393,208
394,208
395,208
396,208
397,208
398,208
380,209
381,209
382,209
383,209
384,209
385,209
386,209
387,209
388,209
389,209
390,209
391,209
392,209
393,209
394,209
395,209
396,209
397,209
398,209
380,210
381,210
382,210
383,210
384,210
385,210
386,210
387,210
388,210
389,210
390,210
391,210
392,210
393,210
394,210
395,210
396,210
397,210
398,210
381,211
382,211
383,211
384,211
385,211
386,211
387,211
388,211
389,211
390,211
391,211
392,211
393,211
394,211
395,211
396,211
397,211
398,211
381,212
382,212
383,212
384,212
385,212
386,212
387,212
388,212
389,212
390,212
391,212
392,212
393,212
394,212
395,212
396,212
397,212
398,212
381,213
382,213
383,213
384,213
385,213
386,213
387,213
388,213
389,213
390,213
391,213
392,213
393,213
394,213
395,213
396,213
397,213
398,213
381,214
382,214
383,214
384,214
385,214
386,214
387,214
388,214
389,214
390,214
391,214
392,214
393,214
394,214
395,214
396,214
397,214
382,215
383,215
384,215
385,215
386,215
387,215
388,215
389,215
390,215
391,215
392,215
393,215
394,215
395,215
396,215
397,215
382,216
383,216
384,216
385,216
386,216
387,216
388,216
389,216
390,216
391,216
392,216
393,216
394,216
395,216
384,217
385,217
386,217
387,217
388,217
389,217
390,217
391,217
