231,384
232,384
228,385
229,385
230,385
231,385
232,385
233,385
225,386
226,386
227,386
228,386
229,386
230,386
231,386
232,386
233,386
222,387
223,387
224,387
225,387
226,387
227,387
228,387
229,387
230,387
231,387
232,387
233,387
234,387
219,388
220,388
221,388
222,388
223,388
224,388
225,388
226,388
227,388
228,388
229,388
230,388
231,388
232,388
233,388
234,388
216,389
217,389
218,389
219,389
220,389
221,389
222,389
223,389
224,389
225,389
226,389
227,389
228,389
229,389
230,389
231,389
232,389
233,389
234,389
235,389
213,390
214,390
215,390
216,390
217,390
218,390
219,390
220,390
221,390
222,390
223,390
224,390
225,390
226,390
227,390
228,390
229,390
230,390
231,390
232,390
233,390
234,390
235,390
209,391
210,391
211,391
212,391
213,391
214,391
215,391
216,391
217,391
218,391
219,391
220,391
221,391
222,391
223,391
224,391
225,391
226,391
227,391
228,391
229,391
230,391
231,391
232,391
233,391
234,391
235,391
207,392
208,392
209,392
210,392
211,392
212,392
213,392
214,392
215,392
216,392
217,392
218,392
219,392
220,392
221,392
222,392
223,392
224,392
225,392
226,392
227,392
228,392
229,392
230,392
231,392
232,392
233,392
234,392
235,392
236,392
204,393
205,393
206,393
207,393
208,393
209,393
210,393
211,393
212,393
213,393
214,393
215,393
216,393
217,393
218,393
219,393
220,393
221,393
222,393
223,393
224,393
225,393
226,393
227,393
228,393
229,393
230,393
231,393
232,393
233,393
234,393
235,393
236,393
200,394
201,394
202,394
203,394
204,394
205,394
206,394
207,394
208,394
209,394
210,394
211,394
212,394
213,394
214,394
215,394
216,394
217,394
218,394
219,394
220,394
221,394
222,394
223,394
224,394
225,394
226,394
227,394
228,394
229,394
230,394
231,394
232,394
233,394
234,394
235,394
236,394
198,395
199,395
200,395
201,395
202,395
203,395
204,395
205,395
206,395
207,395
208,395
209,395
210,395
211,395
212,395
213,395
214,395
215,395
216,395
217,395
218,395
219,395
220,395
221,395
222,395
223,395
224,395
225,395
226,395
227,395
228,395
229,395
230,395
231,395
232,395
233,395
234,395
235,395
236,395
237,395
197,396
198,396
199,396
200,396
201,396
202,396
203,396
204,396
205,396
206,396
207,396
208,396
209,396
210,396
211,396
212,396
213,396
214,396
215,396
216,396
217,396
218,396
219,396
220,396
221,396
222,396
223,396
224,396
225,396
226,396
227,396
228,396
229,396
230,396
231,396
232,396
233,396
234,396
235,396
236,396
237,396
192,397
193,397
194,397
195,397
196,397
197,397
198,397
199,397
200,397
201,397
202,397
203,397
204,397
205,397
206,397
207,397
208,397
209,397
210,397
211,397
212,397
213,397
214,397
215,397
216,397
217,397
218,397
219,397
220,397
221,397
222,397
223,397
224,397
225,397
226,397
227,397
228,397
229,397
230,397
231,397
232,397
233,397
234,397
235,397
236,397
237,397
238,397
188,398
189,398
190,398
191,398
192,398
193,398
194,398
195,398
196,398
197,398
198,398
199,398
200,398
201,398
202,398
203,398
204,398
205,398
206,398
207,398
208,398
209,398
210,398
211,398
212,398
213,398
214,398
215,398
216,398
217,398
218,398
219,398
220,398
221,398
222,398
223,398
224,398
225,398
226,398
227,398
228,398
229,398
230,398
231,398
232,398
233,398
234,398
235,398
236,398
237,398
238,398
186,399
187,399
188,399
189,399
190,399
191,399
192,399
193,399
194,399
195,399
196,399
197,399
198,399
199,399
200,399
201,399
202,399
203,399
204,399
205,399
206,399
207,399
208,399
209,399
210,399
211,399
212,399
213,399
214,399
215,399
216,399
217,399
218,399
219,399
220,399
221,399
222,399
223,399
224,399
225,399
226,399
227,399
228,399
229,399
230,399
231,399
232,399
233,399
234,399
235,399
236,399
237,399
238,399
239,399
184,400
185,400
186,400
187,400
188,400
189,400
190,400
191,400
192,400
193,400
194,400
195,400
196,400
197,400
198,400
199,400
200,400
201,400
202,400
203,400
204,400
205,400
206,400
207,400
208,400
209,400
210,400
211,400
212,400
213,400
214,400
215,400
216,400
217,400
218,400
219,400
220,400
221,400
222,400
223,400
224,400
225,400
226,400
227,400
228,400
229,400
230,400
231,400
232,400
233,400
234,400
235,400
236,400
237,400
238,400
239,400
183,401
184,401
185,401
186,401
187,401
188,401
189,401
190,401
191,401
192,401
193,401
194,401
195,401
196,401
197,401
198,401
199,401
200,401
201,401
202,401
203,401
204,401
205,401
206,401
207,401
208,401
209,401
210,401
211,401
212,401
213,401
214,401
215,401
216,401
217,401
218,401
219,401
220,401
221,401
222,401
223,401
224,401
225,401
226,401
227,401
228,401
229,401
230,401
231,401
232,401
233,401
234,401
235,401
236,401
237,401
238,401
239,401
182,402
183,402
184,402
185,402
186,402
187,402
188,402
189,402
190,402
191,402
192,402
193,402
194,402
195,402
196,402
197,402
198,402
199,402
200,402
201,402
202,402
203,402
204,402
205,402
206,402
207,402
208,402
209,402
210,402
211,402
212,402
213,402
214,402
215,402
216,402
217,402
218,402
219,402
220,402
221,402
222,402
223,402
224,402
225,402
226,402
227,402
228,402
229,402
230,402
231,402
232,402
233,402
234,402
235,402
236,402
237,402
238,402
239,402
182,403
183,403
184,403
185,403
186,403
187,403
188,403
189,403
190,403
191,403
192,403
193,403
194,403
195,403
196,403
197,403
198,403
199,403
200,403
201,403
202,403
203,403
204,403
205,403
206,403
207,403
208,403
209,403
210,403
211,403
212,403
213,403
214,403
215,403
216,403
217,403
218,403
219,403
220,403
221,403
222,403
223,403
224,403
225,403
226,403
227,403
228,403
229,403
230,403
231,403
232,403
233,403
234,403
235,403
236,403
237,403
238,403
239,403
240,403
182,404
183,404
184,404
185,404
186,404
187,404
188,404
189,404
190,404
191,404
192,404
193,404
194,404
195,404
196,404
197,404
198,404
199,404
200,404
201,404
202,404
203,404
204,404
205,404
206,404
207,404
208,404
209,404
210,404
211,404
212,404
213,404
214,404
215,404
216,404
217,404
218,404
219,404
220,404
221,404
222,404
223,404
224,404
225,404
226,404
227,404
228,404
229,404
230,404
231,404
232,404
233,404
234,404
235,404
236,404
237,404
238,404
239,404
240,404
181,405
182,405
183,405
184,405
185,405
186,405
187,405
188,405
189,405
190,405
191,405
192,405
193,405
194,405
195,405
196,405
197,405
198,405
199,405
200,405
201,405
202,405
203,405
204,405
205,405
206,405
207,405
208,405
209,405
210,405
211,405
212,405
213,405
214,405
215,405
216,405
217,405
218,405
219,405
220,405
221,405
222,405
223,405
224,405
225,405
226,405
227,405
228,405
229,405
230,405
231,405
232,405
233,405
234,405
235,405
236,405
237,405
238,405
239,405
240,405
241,405
180,406
181,406
182,406
183,406
184,406
185,406
186,406
187,406
188,406
189,406
190,406
191,406
192,406
193,406
194,406
195,406
196,406
197,406
198,406
199,406
200,406
201,406
202,406
203,406
204,406
205,406
206,406
207,406
208,406
209,406
210,406
211,406
212,406
213,406
214,406
215,406
216,406
217,406
218,406
219,406
220,406
221,406
222,406
223,406
224,406
225,406
226,406
227,406
228,406
229,406
230,406
231,406
232,406
233,406
234,406
235,406
236,406
237,406
238,406
239,406
240,406
241,406
180,407
181,407
182,407
183,407
184,407
185,407
186,407
187,407
188,407
189,407
190,407
191,407
192,407
193,407
194,407
195,407
196,407
197,407
198,407
199,407
200,407
201,407
202,407
203,407
204,407
205,407
206,407
207,407
208,407
209,407
210,407
211,407
212,407
213,407
214,407
215,407
216,407
217,407
218,407
219,407
220,407
221,407
222,407
223,407
224,407
225,407
226,407
227,407
228,407
229,407
230,407
231,407
232,407
233,407
234,407
235,407
236,407
237,407
238,407
239,407
240,407
241,407
179,408
180,408
181,408
182,408
183,408
184,408
185,408
186,408
187,408
188,408
189,408
190,408
191,408
192,408
193,408
194,408
195,408
196,408
197,408
198,408
199,408
200,408
201,408
202,408
203,408
204,408
205,408
206,408
207,408
208,408
209,408
210,408
211,408
212,408
213,408
214,408
215,408
216,408
217,408
218,408
219,408
220,408
221,408
222,408
223,408
224,408
225,408
226,408
227,408
228,408
229,408
230,408
231,408
232,408
233,408
234,408
235,408
236,408
237,408
238,408
239,408
240,408
241,408
242,408
179,409
180,409
181,409
182,409
183,409
184,409
185,409
186,409
187,409
188,409
189,409
190,409
191,409
192,409
193,409
194,409
195,409
196,409
197,409
198,409
199,409
200,409
201,409
202,409
203,409
204,409
205,409
206,409
207,409
208,409
209,409
210,409
211,409
212,409
213,409
214,409
215,409
216,409
217,409
218,409
219,409
220,409
221,409
222,409
223,409
224,409
225,409
226,409
227,409
228,409
229,409
230,409
231,409
232,409
233,409
234,409
235,409
236,409
237,409
238,409
239,409
240,409
241,409
242,409
179,410
180,410
181,410
182,410
183,410
184,410
185,410
186,410
187,410
188,410
189,410
190,410
191,410
192,410
193,410
194,410
195,410
196,410
197,410
198,410
199,410
200,410
201,410
202,410
203,410
204,410
205,410
206,410
207,410
208,410
209,410
210,410
211,410
212,410
213,410
214,410
215,410
216,410
217,410
218,410
219,410
220,410
221,410
222,410
223,410
224,410
225,410
226,410
227,410
228,410
229,410
230,410
231,410
232,410
233,410
234,410
235,410
236,410
237,410
238,410
239,410
240,410
241,410
242,410
180,411
181,411
182,411
183,411
184,411
185,411
186,411
187,411
188,411
189,411
190,411
191,411
192,411
193,411
194,411
195,411
196,411
197,411
198,411
199,411
200,411
201,411
202,411
203,411
204,411
205,411
206,411
207,411
208,411
209,411
210,411
211,411
212,411
213,411
214,411
215,411
216,411
217,411
218,411
219,411
220,411
221,411
222,411
223,411
224,411
225,411
226,411
227,411
228,411
229,411
230,411
231,411
232,411
233,411
234,411
235,411
236,411
237,411
238,411
239,411
240,411
241,411
242,411
243,411
180,412
181,412
182,412
183,412
184,412
185,412
186,412
187,412
188,412
189,412
190,412
191,412
192,412
193,412
194,412
195,412
196,412
197,412
198,412
199,412
200,412
201,412
202,412
203,412
204,412
205,412
206,412
207,412
208,412
209,412
210,412
211,412
212,412
213,412
214,412
215,412
216,412
217,412
218,412
219,412
220,412
221,412
222,412
223,412
224,412
225,412
226,412
227,412
228,412
229,412
230,412
231,412
232,412
233,412
234,412
235,412
236,412
237,412
238,412
239,412
240,412
241,412
242,412
243,412
180,413
181,413
182,413
183,413
184,413
185,413
186,413
187,413
188,413
189,413
190,413
191,413
192,413
193,413
194,413
195,413
196,413
197,413
198,413
199,413
200,413
201,413
202,413
203,413
204,413
205,413
206,413
207,413
208,413
209,413
210,413
211,413
212,413
213,413
214,413
215,413
216,413
217,413
218,413
219,413
220,413
221,413
222,413
223,413
224,413
225,413
226,413
227,413
228,413
229,413
230,413
231,413
232,413
233,413
234,413
235,413
236,413
237,413
238,413
239,413
240,413
241,413
242,413
243,413
181,414
182,414
183,414
184,414
185,414
186,414
187,414
188,414
189,414
190,414
191,414
192,414
193,414
194,414
195,414
196,414
197,414
198,414
199,414
200,414
201,414
202,414
203,414
204,414
205,414
206,414
207,414
208,414
209,414
210,414
211,414
212,414
213,414
214,414
215,414
216,414
217,414
218,414
219,414
220,414
221,414
222,414
223,414
224,414
225,414
226,414
227,414
228,414
229,414
230,414
231,414
232,414
233,414
234,414
235,414
236,414
237,414
238,414
239,414
240,414
241,414
242,414
243,414
181,415
182,415
183,415
184,415
185,415
186,415
187,415
188,415
189,415
190,415
191,415
192,415
193,415
194,415
195,415
196,415
197,415
198,415
199,415
200,415
201,415
202,415
203,415
204,415
205,415
206,415
207,415
208,415
209,415
210,415
211,415
212,415
213,415
214,415
215,415
216,415
217,415
218,415
219,415
220,415
221,415
222,415
223,415
224,415
225,415
226,415
227,415
228,415
229,415
230,415
231,415
232,415
233,415
234,415
235,415
236,415
237,415
238,415
239,415
240,415
241,415
242,415
243,415
244,415
182,416
183,416
184,416
185,416
186,416
187,416
188,416
189,416
190,416
191,416
192,416
193,416
194,416
195,416
196,416
197,416
198,416
199,416
200,416
201,416
202,416
203,416
204,416
205,416
206,416
207,416
208,416
209,416
210,416
211,416
212,416
213,416
214,416
215,416
216,416
217,416
218,416
219,416
220,416
221,416
222,416
223,416
224,416
225,416
226,416
227,416
228,416
229,416
230,416
231,416
232,416
233,416
234,416
235,416
236,416
237,416
238,416
239,416
240,416
241,416
242,416
243,416
244,416
182,417
183,417
184,417
185,417
186,417
187,417
188,417
189,417
190,417
191,417
192,417
193,417
194,417
195,417
196,417
197,417
198,417
199,417
200,417
201,417
202,417
203,417
204,417
205,417
206,417
207,417
208,417
209,417
210,417
211,417
212,417
213,417
214,417
215,417
216,417
217,417
218,417
219,417
220,417
221,417
222,417
223,417
224,417
225,417
226,417
227,417
228,417
229,417
230,417
231,417
232,417
233,417
234,417
235,417
236,417
237,417
238,417
239,417
240,417
241,417
242,417
243,417
244,417
182,418
183,418
184,418
185,418
186,418
187,418
188,418
189,418
190,418
191,418
192,418
193,418
194,418
195,418
196,418
197,418
198,418
199,418
200,418
201,418
202,418
203,418
204,418
205,418
206,418
207,418
208,418
209,418
210,418
211,418
212,418
213,418
214,418
215,418
216,418
217,418
218,418
219,418
220,418
221,418
222,418
223,418
224,418
225,418
226,418
227,418
228,418
229,418
230,418
231,418
232,418
233,418
234,418
235,418
236,418
237,418
238,418
239,418
240,418
241,418
242,418
243,418
244,418
245,418
183,419
184,419
185,419
186,419
187,419
188,419
189,419
190,419
191,419
192,419
193,419
194,419
195,419
196,419
197,419
198,419
199,419
200,419
201,419
202,419
203,419
204,419
205,419
206,419
207,419
208,419
209,419
210,419
211,419
212,419
213,419
214,419
215,419
216,419
217,419
218,419
219,419
220,419
221,419
222,419
223,419
224,419
225,419
226,419
227,419
228,419
229,419
230,419
231,419
232,419
233,419
234,419
235,419
236,419
237,419
238,419
239,419
240,419
241,419
242,419
243,419
244,419
245,419
183,420
184,420
185,420
186,420
187,420
188,420
189,420
190,420
191,420
192,420
193,420
194,420
195,420
196,420
197,420
198,420
199,420
200,420
201,420
202,420
203,420
204,420
205,420
206,420
207,420
208,420
209,420
210,420
211,420
212,420
213,420
214,420
215,420
216,420
217,420
218,420
219,420
220,420
221,420
222,420
223,420
224,420
225,420
226,420
227,420
228,420
229,420
230,420
231,420
232,420
233,420
234,420
235,420
236,420
237,420
238,420
239,420
240,420
241,420
242,420
243,420
244,420
245,420
246,420
183,421
184,421
185,421
186,421
187,421
188,421
189,421
190,421
191,421
192,421
193,421
194,421
195,421
196,421
197,421
198,421
199,421
200,421
201,421
202,421
203,421
204,421
205,421
206,421
207,421
208,421
209,421
210,421
211,421
212,421
213,421
214,421
215,421
216,421
217,421
218,421
219,421
220,421
221,421
222,421
223,421
224,421
225,421
226,421
227,421
228,421
229,421
230,421
231,421
232,421
233,421
234,421
235,421
236,421
237,421
238,421
239,421
240,421
241,421
242,421
243,421
244,421
245,421
246,421
184,422
185,422
186,422
187,422
188,422
189,422
190,422
191,422
192,422
193,422
194,422
195,422
196,422
197,422
198,422
199,422
200,422
201,422
202,422
203,422
204,422
205,422
206,422
207,422
208,422
209,422
210,422
211,422
212,422
213,422
214,422
215,422
216,422
217,422
218,422
219,422
220,422
221,422
222,422
223,422
224,422
225,422
226,422
227,422
228,422
229,422
230,422
231,422
232,422
233,422
234,422
235,422
236,422
237,422
238,422
239,422
240,422
241,422
242,422
243,422
244,422
245,422
246,422
184,423
185,423
186,423
187,423
188,423
189,423
190,423
191,423
192,423
193,423
194,423
195,423
196,423
197,423
198,423
199,423
200,423
201,423
202,423
203,423
204,423
205,423
206,423
207,423
208,423
209,423
210,423
211,423
212,423
213,423
214,423
215,423
216,423
217,423
218,423
219,423
220,423
221,423
222,423
223,423
224,423
225,423
226,423
227,423
228,423
229,423
230,423
231,423
232,423
233,423
234,423
235,423
236,423
237,423
238,423
239,423
240,423
241,423
242,423
243,423
244,423
245,423
246,423
247,423
185,424
186,424
187,424
188,424
189,424
190,424
191,424
192,424
193,424
194,424
195,424
196,424
197,424
198,424
199,424
200,424
201,424
202,424
203,424
204,424
205,424
206,424
207,424
208,424
209,424
210,424
211,424
212,424
213,424
214,424
215,424
216,424
217,424
218,424
219,424
220,424
221,424
222,424
223,424
224,424
225,424
226,424
227,424
228,424
229,424
230,424
231,424
232,424
233,424
234,424
235,424
236,424
237,424
238,424
239,424
240,424
241,424
242,424
243,424
244,424
245,424
246,424
247,424
185,425
186,425
187,425
188,425
189,425
190,425
191,425
192,425
193,425
194,425
195,425
196,425
197,425
198,425
199,425
200,425
201,425
202,425
203,425
204,425
205,425
206,425
207,425
208,425
209,425
210,425
211,425
212,425
213,425
214,425
215,425
216,425
217,425
218,425
219,425
220,425
221,425
222,425
223,425
224,425
225,425
226,425
227,425
228,425
229,425
230,425
231,425
232,425
233,425
234,425
235,425
236,425
237,425
238,425
239,425
240,425
241,425
242,425
243,425
244,425
245,425
246,425
247,425
185,426
186,426
187,426
188,426
189,426
190,426
191,426
192,426
193,426
194,426
195,426
196,426
197,426
198,426
199,426
200,426
201,426
202,426
203,426
204,426
205,426
206,426
207,426
208,426
209,426
210,426
211,426
212,426
213,426
214,426
215,426
216,426
217,426
218,426
219,426
220,426
221,426
222,426
223,426
224,426
225,426
226,426
227,426
228,426
229,426
230,426
231,426
232,426
233,426
234,426
235,426
236,426
237,426
238,426
239,426
240,426
241,426
242,426
243,426
244,426
245,426
246,426
186,427
187,427
188,427
189,427
190,427
191,427
192,427
193,427
194,427
195,427
196,427
197,427
198,427
199,427
200,427
201,427
202,427
203,427
204,427
205,427
206,427
207,427
208,427
209,427
210,427
211,427
212,427
213,427
214,427
215,427
216,427
217,427
218,427
219,427
220,427
221,427
222,427
223,427
224,427
225,427
226,427
227,427
228,427
229,427
230,427
231,427
232,427
233,427
234,427
235,427
236,427
237,427
238,427
239,427
240,427
241,427
242,427
243,427
244,427
186,428
187,428
188,428
189,428
190,428
191,428
192,428
193,428
194,428
195,428
196,428
197,428
198,428
199,428
200,428
201,428
202,428
203,428
204,428
205,428
206,428
207,428
208,428
209,428
210,428
211,428
212,428
213,428
214,428
215,428
216,428
217,428
218,428
219,428
220,428
221,428
222,428
223,428
224,428
225,428
226,428
227,428
228,428
229,428
230,428
231,428
232,428
233,428
234,428
235,428
236,428
237,428
238,428
239,428
240,428
186,429
187,429
188,429
189,429
190,429
191,429
192,429
193,429
194,429
195,429
196,429
197,429
198,429
199,429
200,429
201,429
202,429
203,429
204,429
205,429
206,429
207,429
208,429
209,429
210,429
211,429
212,429
213,429
214,429
215,429
216,429
217,429
218,429
219,429
220,429
221,429
222,429
223,429
224,429
225,429
226,429
227,429
228,429
229,429
230,429
231,429
232,429
233,429
234,429
235,429
236,429
237,429
238,429
187,430
188,430
189,430
190,430
191,430
192,430
193,430
194,430
195,430
196,430
197,430
198,430
199,430
200,430
201,430
202,430
203,430
204,430
205,430
206,430
207,430
208,430
209,430
210,430
211,430
212,430
213,430
214,430
215,430
216,430
217,430
218,430
219,430
220,430
221,430
222,430
223,430
224,430
225,430
226,430
227,430
228,430
229,430
230,430
231,430
232,430
233,430
234,430
187,431
188,431
189,431
190,431
191,431
192,431
193,431
194,431
195,431
196,431
197,431
198,431
199,431
200,431
201,431
202,431
203,431
204,431
205,431
206,431
207,431
208,431
209,431
210,431
211,431
212,431
213,431
214,431
215,431
216,431
217,431
218,431
219,431
220,431
221,431
222,431
223,431
224,431
225,431
226,431
227,431
228,431
229,431
230,431
231,431
187,432
188,432
189,432
190,432
191,432
192,432
193,432
194,432
195,432
196,432
197,432
198,432
199,432
200,432
201,432
202,432
203,432
204,432
205,432
206,432
207,432
208,432
209,432
210,432
211,432
212,432
213,432
214,432
215,432
216,432
217,432
218,432
219,432
220,432
221,432
222,432
223,432
224,432
225,432
226,432
227,432
228,432
188,433
189,433
190,433
191,433
192,433
193,433
194,433
195,433
196,433
197,433
198,433
199,433
200,433
201,433
202,433
203,433
204,433
205,433
206,433
207,433
208,433
209,433
210,433
211,433
212,433
213,433
214,433
215,433
216,433
217,433
218,433
219,433
220,433
221,433
222,433
223,433
224,433
225,433
188,434
189,434
190,434
191,434
192,434
193,434
194,434
195,434
196,434
197,434
198,434
199,434
200,434
201,434
202,434
203,434
204,434
205,434
206,434
207,434
208,434
209,434
210,434
211,434
212,434
213,434
214,434
215,434
216,434
217,434
218,434
219,434
220,434
221,434
222,434
188,435
189,435
190,435
191,435
192,435
193,435
194,435
195,435
196,435
197,435
198,435
199,435
200,435
201,435
202,435
203,435
204,435
205,435
206,435
207,435
208,435
209,435
210,435
211,435
212,435
213,435
214,435
215,435
216,435
217,435
218,435
219,435
189,436
190,436
191,436
192,436
193,436
194,436
195,436
196,436
197,436
198,436
199,436
200,436
201,436
202,436
203,436
204,436
205,436
206,436
207,436
208,436
209,436
210,436
211,436
212,436
189,437
190,437
191,437
192,437
193,437
194,437
195,437
196,437
197,437
198,437
199,437
200,437
201,437
202,437
203,437
204,437
205,437
206,437
207,437
208,437
209,437
210,437
190,438
191,438
192,438
193,438
194,438
195,438
196,438
197,438
198,438
199,438
200,438
201,438
202,438
203,438
204,438
205,438
206,438
207,438
208,438
190,439
191,439
192,439
193,439
194,439
195,439
196,439
197,439
198,439
199,439
200,439
201,439
202,439
203,439
204,439
205,439
206,439
190,440
191,440
192,440
193,440
194,440
195,440
196,440
197,440
198,440
199,440
200,440
201,440
202,440
203,440
204,440
191,441
192,441
193,441
194,441
195,441
196,441
197,441
198,441
199,441
200,441
201,441
191,442
192,442
193,442
194,442
195,442
196,442
197,442
198,442
192,443
193,443
194,443
195,443
