208,474
209,474
210,474
211,474
206,475
207,475
208,475
209,475
210,475
211,475
212,475
213,475
214,475
204,476
205,476
206,476
207,476
208,476
209,476
210,476
211,476
212,476
213,476
214,476
215,476
216,476
201,477
202,477
203,477
204,477
205,477
206,477
207,477
208,477
209,477
210,477
211,477
212,477
213,477
214,477
215,477
216,477
217,477
218,477
219,477
200,478
201,478
202,478
203,478
204,478
205,478
206,478
207,478
208,478
209,478
210,478
211,478
212,478
213,478
214,478
215,478
216,478
217,478
218,478
219,478
220,478
200,479
201,479
202,479
203,479
204,479
205,479
206,479
207,479
208,479
209,479
210,479
211,479
212,479
213,479
214,479
215,479
216,479
217,479
218,479
219,479
220,479
221,479
222,479
223,479
224,479
200,480
201,480
202,480
203,480
204,480
205,480
206,480
207,480
208,480
209,480
210,480
211,480
212,480
213,480
214,480
215,480
216,480
217,480
218,480
219,480
220,480
221,480
222,480
223,480
224,480
225,480
226,480
199,481
200,481
201,481
202,481
203,481
204,481
205,481
206,481
207,481
208,481
209,481
210,481
211,481
212,481
213,481
214,481
215,481
216,481
217,481
218,481
219,481
220,481
221,481
222,481
223,481
224,481
225,481
226,481
227,481
228,481
199,482
200,482
201,482
202,482
203,482
204,482
205,482
206,482
207,482
208,482
209,482
210,482
211,482
212,482
213,482
214,482
215,482
216,482
217,482
218,482
219,482
220,482
221,482
222,482
223,482
224,482
225,482
226,482
227,482
228,482
229,482
230,482
231,482
198,483
199,483
200,483
201,483
202,483
203,483
204,483
205,483
206,483
207,483
208,483
209,483
210,483
211,483
212,483
213,483
214,483
215,483
216,483
217,483
218,483
219,483
220,483
221,483
222,483
223,483
224,483
225,483
226,483
227,483
228,483
229,483
230,483
231,483
232,483
233,483
198,484
199,484
200,484
201,484
202,484
203,484
204,484
205,484
206,484
207,484
208,484
209,484
210,484
211,484
212,484
213,484
214,484
215,484
216,484
217,484
218,484
219,484
220,484
221,484
222,484
223,484
224,484
225,484
226,484
227,484
228,484
229,484
230,484
231,484
232,484
233,484
234,484
235,484
197,485
198,485
199,485
200,485
201,485
202,485
203,485
204,485
205,485
206,485
207,485
208,485
209,485
210,485
211,485
212,485
213,485
214,485
215,485
216,485
217,485
218,485
219,485
220,485
221,485
222,485
223,485
224,485
225,485
226,485
227,485
228,485
229,485
230,485
231,485
232,485
233,485
234,485
235,485
236,485
237,485
197,486
198,486
199,486
200,486
201,486
202,486
203,486
204,486
205,486
206,486
207,486
208,486
209,486
210,486
211,486
212,486
213,486
214,486
215,486
216,486
217,486
218,486
219,486
220,486
221,486
222,486
223,486
224,486
225,486
226,486
227,486
228,486
229,486
230,486
231,486
232,486
233,486
234,486
235,486
236,486
237,486
238,486
239,486
240,486
197,487
198,487
199,487
200,487
201,487
202,487
203,487
204,487
205,487
206,487
207,487
208,487
209,487
210,487
211,487
212,487
213,487
214,487
215,487
216,487
217,487
218,487
219,487
220,487
221,487
222,487
223,487
224,487
225,487
226,487
227,487
228,487
229,487
230,487
231,487
232,487
233,487
234,487
235,487
236,487
237,487
238,487
239,487
240,487
241,487
242,487
196,488
197,488
198,488
199,488
200,488
201,488
202,488
203,488
204,488
205,488
206,488
207,488
208,488
209,488
210,488
211,488
212,488
213,488
214,488
215,488
216,488
217,488
218,488
219,488
220,488
221,488
222,488
223,488
224,488
225,488
226,488
227,488
228,488
229,488
230,488
231,488
232,488
233,488
234,488
235,488
236,488
237,488
238,488
239,488
240,488
241,488
242,488
243,488
244,488
196,489
197,489
198,489
199,489
200,489
201,489
202,489
203,489
204,489
205,489
206,489
207,489
208,489
209,489
210,489
211,489
212,489
213,489
214,489
215,489
216,489
217,489
218,489
219,489
220,489
221,489
222,489
223,489
224,489
225,489
226,489
227,489
228,489
229,489
230,489
231,489
232,489
233,489
234,489
235,489
236,489
237,489
238,489
239,489
240,489
241,489
242,489
243,489
244,489
245,489
246,489
247,489
195,490
196,490
197,490
198,490
199,490
200,490
201,490
202,490
203,490
204,490
205,490
206,490
207,490
208,490
209,490
210,490
211,490
212,490
213,490
214,490
215,490
216,490
217,490
218,490
219,490
220,490
221,490
222,490
223,490
224,490
225,490
226,490
227,490
228,490
229,490
230,490
231,490
232,490
233,490
234,490
235,490
236,490
237,490
238,490
239,490
240,490
241,490
242,490
243,490
244,490
245,490
246,490
247,490
248,490
249,490
195,491
196,491
197,491
198,491
199,491
200,491
201,491
202,491
203,491
204,491
205,491
206,491
207,491
208,491
209,491
210,491
211,491
212,491
213,491
214,491
215,491
216,491
217,491
218,491
219,491
220,491
221,491
222,491
223,491
224,491
225,491
226,491
227,491
228,491
229,491
230,491
231,491
232,491
233,491
234,491
235,491
236,491
237,491
238,491
239,491
240,491
241,491
242,491
243,491
244,491
245,491
246,491
247,491
248,491
249,491
250,491
251,491
195,492
196,492
197,492
198,492
199,492
200,492
201,492
202,492
203,492
204,492
205,492
206,492
207,492
208,492
209,492
210,492
211,492
212,492
213,492
214,492
215,492
216,492
217,492
218,492
219,492
220,492
221,492
222,492
223,492
224,492
225,492
226,492
227,492
228,492
229,492
230,492
231,492
232,492
233,492
234,492
235,492
236,492
237,492
238,492
239,492
240,492
241,492
242,492
243,492
244,492
245,492
246,492
247,492
248,492
249,492
250,492
251,492
252,492
253,492
254,492
194,493
195,493
196,493
197,493
198,493
199,493
200,493
201,493
202,493
203,493
204,493
205,493
206,493
207,493
208,493
209,493
210,493
211,493
212,493
213,493
214,493
215,493
216,493
217,493
218,493
219,493
220,493
221,493
222,493
223,493
224,493
225,493
226,493
227,493
228,493
229,493
230,493
231,493
232,493
233,493
234,493
235,493
236,493
237,493
238,493
239,493
240,493
241,493
242,493
243,493
244,493
245,493
246,493
247,493
248,493
249,493
250,493
251,493
252,493
253,493
254,493
255,493
256,493
194,494
195,494
196,494
197,494
198,494
199,494
200,494
201,494
202,494
203,494
204,494
205,494
206,494
207,494
208,494
209,494
210,494
211,494
212,494
213,494
214,494
215,494
216,494
217,494
218,494
219,494
220,494
221,494
222,494
223,494
224,494
225,494
226,494
227,494
228,494
229,494
230,494
231,494
232,494
233,494
234,494
235,494
236,494
237,494
238,494
239,494
240,494
241,494
242,494
243,494
244,494
245,494
246,494
247,494
248,494
249,494
250,494
251,494
252,494
253,494
254,494
255,494
256,494
257,494
193,495
194,495
195,495
196,495
197,495
198,495
199,495
200,495
201,495
202,495
203,495
204,495
205,495
206,495
207,495
208,495
209,495
210,495
211,495
212,495
213,495
214,495
215,495
216,495
217,495
218,495
219,495
220,495
221,495
222,495
223,495
224,495
225,495
226,495
227,495
228,495
229,495
230,495
231,495
232,495
233,495
234,495
235,495
236,495
237,495
238,495
239,495
240,495
241,495
242,495
243,495
244,495
245,495
246,495
247,495
248,495
249,495
250,495
251,495
252,495
253,495
254,495
255,495
256,495
257,495
193,496
194,496
195,496
196,496
197,496
198,496
199,496
200,496
201,496
202,496
203,496
204,496
205,496
206,496
207,496
208,496
209,496
210,496
211,496
212,496
213,496
214,496
215,496
216,496
217,496
218,496
219,496
220,496
221,496
222,496
223,496
224,496
225,496
226,496
227,496
228,496
229,496
230,496
231,496
232,496
233,496
234,496
235,496
236,496
237,496
238,496
239,496
240,496
241,496
242,496
243,496
244,496
245,496
246,496
247,496
248,496
249,496
250,496
251,496
252,496
253,496
254,496
255,496
256,496
257,496
193,497
194,497
195,497
196,497
197,497
198,497
199,497
200,497
201,497
202,497
203,497
204,497
205,497
206,497
207,497
208,497
209,497
210,497
211,497
212,497
213,497
214,497
215,497
216,497
217,497
218,497
219,497
220,497
221,497
222,497
223,497
224,497
225,497
226,497
227,497
228,497
229,497
230,497
231,497
232,497
233,497
234,497
235,497
236,497
237,497
238,497
239,497
240,497
241,497
242,497
243,497
244,497
245,497
246,497
247,497
248,497
249,497
250,497
251,497
252,497
253,497
254,497
255,497
256,497
257,497
192,498
193,498
194,498
195,498
196,498
197,498
198,498
199,498
200,498
201,498
202,498
203,498
204,498
205,498
206,498
207,498
208,498
209,498
210,498
211,498
212,498
213,498
214,498
215,498
216,498
217,498
218,498
219,498
220,498
221,498
222,498
223,498
224,498
225,498
226,498
227,498
228,498
229,498
230,498
231,498
232,498
233,498
234,498
235,498
236,498
237,498
238,498
239,498
240,498
241,498
242,498
243,498
244,498
245,498
246,498
247,498
248,498
249,498
250,498
251,498
252,498
253,498
254,498
255,498
256,498
192,499
193,499
194,499
195,499
196,499
197,499
198,499
199,499
200,499
201,499
202,499
203,499
204,499
205,499
206,499
207,499
208,499
209,499
210,499
211,499
212,499
213,499
214,499
215,499
216,499
217,499
218,499
219,499
220,499
221,499
222,499
223,499
224,499
225,499
226,499
227,499
228,499
229,499
230,499
231,499
232,499
233,499
234,499
235,499
236,499
237,499
238,499
239,499
240,499
241,499
242,499
243,499
244,499
245,499
246,499
247,499
248,499
249,499
250,499
251,499
252,499
253,499
254,499
255,499
256,499
191,500
192,500
193,500
194,500
195,500
196,500
197,500
198,500
199,500
200,500
201,500
202,500
203,500
204,500
205,500
206,500
207,500
208,500
209,500
210,500
211,500
212,500
213,500
214,500
215,500
216,500
217,500
218,500
219,500
220,500
221,500
222,500
223,500
224,500
225,500
226,500
227,500
228,500
229,500
230,500
231,500
232,500
233,500
234,500
235,500
236,500
237,500
238,500
239,500
240,500
241,500
242,500
243,500
244,500
245,500
246,500
247,500
248,500
249,500
250,500
251,500
252,500
253,500
254,500
255,500
191,501
192,501
193,501
194,501
195,501
196,501
197,501
198,501
199,501
200,501
201,501
202,501
203,501
204,501
205,501
206,501
207,501
208,501
209,501
210,501
211,501
212,501
213,501
214,501
215,501
216,501
217,501
218,501
219,501
220,501
221,501
222,501
223,501
224,501
225,501
226,501
227,501
228,501
229,501
230,501
231,501
232,501
233,501
234,501
235,501
236,501
237,501
238,501
239,501
240,501
241,501
242,501
243,501
244,501
245,501
246,501
247,501
248,501
249,501
250,501
251,501
252,501
253,501
254,501
255,501
191,502
192,502
193,502
194,502
195,502
196,502
197,502
198,502
199,502
200,502
201,502
202,502
203,502
204,502
205,502
206,502
207,502
208,502
209,502
210,502
211,502
212,502
213,502
214,502
215,502
216,502
217,502
218,502
219,502
220,502
221,502
222,502
223,502
224,502
225,502
226,502
227,502
228,502
229,502
230,502
231,502
232,502
233,502
234,502
235,502
236,502
237,502
238,502
239,502
240,502
241,502
242,502
243,502
244,502
245,502
246,502
247,502
248,502
249,502
250,502
251,502
252,502
253,502
254,502
255,502
190,503
191,503
192,503
193,503
194,503
195,503
196,503
197,503
198,503
199,503
200,503
201,503
202,503
203,503
204,503
205,503
206,503
207,503
208,503
209,503
210,503
211,503
212,503
213,503
214,503
215,503
216,503
217,503
218,503
219,503
220,503
221,503
222,503
223,503
224,503
225,503
226,503
227,503
228,503
229,503
230,503
231,503
232,503
233,503
234,503
235,503
236,503
237,503
238,503
239,503
240,503
241,503
242,503
243,503
244,503
245,503
246,503
247,503
248,503
249,503
250,503
251,503
252,503
253,503
254,503
190,504
191,504
192,504
193,504
194,504
195,504
196,504
197,504
198,504
199,504
200,504
201,504
202,504
203,504
204,504
205,504
206,504
207,504
208,504
209,504
210,504
211,504
212,504
213,504
214,504
215,504
216,504
217,504
218,504
219,504
220,504
221,504
222,504
223,504
224,504
225,504
226,504
227,504
228,504
229,504
230,504
231,504
232,504
233,504
234,504
235,504
236,504
237,504
238,504
239,504
240,504
241,504
242,504
243,504
244,504
245,504
246,504
247,504
248,504
249,504
250,504
251,504
252,504
253,504
254,504
189,505
190,505
191,505
192,505
193,505
194,505
195,505
196,505
197,505
198,505
199,505
200,505
201,505
202,505
203,505
204,505
205,505
206,505
207,505
208,505
209,505
210,505
211,505
212,505
213,505
214,505
215,505
216,505
217,505
218,505
219,505
220,505
221,505
222,505
223,505
224,505
225,505
226,505
227,505
228,505
229,505
230,505
231,505
232,505
233,505
234,505
235,505
236,505
237,505
238,505
239,505
240,505
241,505
242,505
243,505
244,505
245,505
246,505
247,505
248,505
249,505
250,505
251,505
252,505
253,505
189,506
190,506
191,506
192,506
193,506
194,506
195,506
196,506
197,506
198,506
199,506
200,506
201,506
202,506
203,506
204,506
205,506
206,506
207,506
208,506
209,506
210,506
211,506
212,506
213,506
214,506
215,506
216,506
217,506
218,506
219,506
220,506
221,506
222,506
223,506
224,506
225,506
226,506
227,506
228,506
229,506
230,506
231,506
232,506
233,506
234,506
235,506
236,506
237,506
238,506
239,506
240,506
241,506
242,506
243,506
244,506
245,506
246,506
247,506
248,506
249,506
250,506
251,506
252,506
253,506
189,507
190,507
191,507
192,507
193,507
194,507
195,507
196,507
197,507
198,507
199,507
200,507
201,507
202,507
203,507
204,507
205,507
206,507
207,507
208,507
209,507
210,507
211,507
212,507
213,507
214,507
215,507
216,507
217,507
218,507
219,507
220,507
221,507
222,507
223,507
224,507
225,507
226,507
227,507
228,507
229,507
230,507
231,507
232,507
233,507
234,507
235,507
236,507
237,507
238,507
239,507
240,507
241,507
242,507
243,507
244,507
245,507
246,507
247,507
248,507
249,507
250,507
251,507
252,507
188,508
189,508
190,508
191,508
192,508
193,508
194,508
195,508
196,508
197,508
198,508
199,508
200,508
201,508
202,508
203,508
204,508
205,508
206,508
207,508
208,508
209,508
210,508
211,508
212,508
213,508
214,508
215,508
216,508
217,508
218,508
219,508
220,508
221,508
222,508
223,508
224,508
225,508
226,508
227,508
228,508
229,508
230,508
231,508
232,508
233,508
234,508
235,508
236,508
237,508
238,508
239,508
240,508
241,508
242,508
243,508
244,508
245,508
246,508
247,508
248,508
249,508
250,508
251,508
252,508
188,509
189,509
190,509
191,509
192,509
193,509
194,509
195,509
196,509
197,509
198,509
199,509
200,509
201,509
202,509
203,509
204,509
205,509
206,509
207,509
208,509
209,509
210,509
211,509
212,509
213,509
214,509
215,509
216,509
217,509
218,509
219,509
220,509
221,509
222,509
223,509
224,509
225,509
226,509
227,509
228,509
229,509
230,509
231,509
232,509
233,509
234,509
235,509
236,509
237,509
238,509
239,509
240,509
241,509
242,509
243,509
244,509
245,509
246,509
247,509
248,509
249,509
250,509
251,509
252,509
188,510
189,510
190,510
191,510
192,510
193,510
194,510
195,510
196,510
197,510
198,510
199,510
200,510
201,510
202,510
203,510
204,510
205,510
206,510
207,510
208,510
209,510
210,510
211,510
212,510
213,510
214,510
215,510
216,510
217,510
218,510
219,510
220,510
221,510
222,510
223,510
224,510
225,510
226,510
227,510
228,510
229,510
230,510
231,510
232,510
233,510
234,510
235,510
236,510
237,510
238,510
239,510
240,510
241,510
242,510
243,510
244,510
245,510
246,510
247,510
248,510
249,510
250,510
251,510
188,511
189,511
190,511
191,511
192,511
193,511
194,511
195,511
196,511
197,511
198,511
199,511
200,511
201,511
202,511
203,511
204,511
205,511
206,511
207,511
208,511
209,511
210,511
211,511
212,511
213,511
214,511
215,511
216,511
217,511
218,511
219,511
220,511
221,511
222,511
223,511
224,511
225,511
226,511
227,511
228,511
229,511
230,511
231,511
232,511
233,511
234,511
235,511
236,511
237,511
238,511
239,511
240,511
241,511
242,511
243,511
244,511
245,511
246,511
247,511
248,511
249,511
250,511
251,511
189,512
190,512
191,512
192,512
193,512
194,512
195,512
196,512
197,512
198,512
199,512
200,512
201,512
202,512
203,512
204,512
205,512
206,512
207,512
208,512
209,512
210,512
211,512
212,512
213,512
214,512
215,512
216,512
217,512
218,512
219,512
220,512
221,512
222,512
223,512
224,512
225,512
226,512
227,512
228,512
229,512
230,512
231,512
232,512
233,512
234,512
235,512
236,512
237,512
238,512
239,512
240,512
241,512
242,512
243,512
244,512
245,512
246,512
247,512
248,512
249,512
250,512
191,513
192,513
193,513
194,513
195,513
196,513
197,513
198,513
199,513
200,513
201,513
202,513
203,513
204,513
205,513
206,513
207,513
208,513
209,513
210,513
211,513
212,513
213,513
214,513
215,513
216,513
217,513
218,513
219,513
220,513
221,513
222,513
223,513
224,513
225,513
226,513
227,513
228,513
229,513
230,513
231,513
232,513
233,513
234,513
235,513
236,513
237,513
238,513
239,513
240,513
241,513
242,513
243,513
244,513
245,513
246,513
247,513
248,513
249,513
250,513
193,514
194,514
195,514
196,514
197,514
198,514
199,514
200,514
201,514
202,514
203,514
204,514
205,514
206,514
207,514
208,514
209,514
210,514
211,514
212,514
213,514
214,514
215,514
216,514
217,514
218,514
219,514
220,514
221,514
222,514
223,514
224,514
225,514
226,514
227,514
228,514
229,514
230,514
231,514
232,514
233,514
234,514
235,514
236,514
237,514
238,514
239,514
240,514
241,514
242,514
243,514
244,514
245,514
246,514
247,514
248,514
249,514
250,514
195,515
196,515
197,515
198,515
199,515
200,515
201,515
202,515
203,515
204,515
205,515
206,515
207,515
208,515
209,515
210,515
211,515
212,515
213,515
214,515
215,515
216,515
217,515
218,515
219,515
220,515
221,515
222,515
223,515
224,515
225,515
226,515
227,515
228,515
229,515
230,515
231,515
232,515
233,515
234,515
235,515
236,515
237,515
238,515
239,515
240,515
241,515
242,515
243,515
244,515
245,515
246,515
247,515
248,515
249,515
198,516
199,516
200,516
201,516
202,516
203,516
204,516
205,516
206,516
207,516
208,516
209,516
210,516
211,516
212,516
213,516
214,516
215,516
216,516
217,516
218,516
219,516
220,516
221,516
222,516
223,516
224,516
225,516
226,516
227,516
228,516
229,516
230,516
231,516
232,516
233,516
234,516
235,516
236,516
237,516
238,516
239,516
240,516
241,516
242,516
243,516
244,516
245,516
246,516
247,516
248,516
249,516
202,517
203,517
204,517
205,517
206,517
207,517
208,517
209,517
210,517
211,517
212,517
213,517
214,517
215,517
216,517
217,517
218,517
219,517
220,517
221,517
222,517
223,517
224,517
225,517
226,517
227,517
228,517
229,517
230,517
231,517
232,517
233,517
234,517
235,517
236,517
237,517
238,517
239,517
240,517
241,517
242,517
243,517
244,517
245,517
246,517
247,517
248,517
204,518
205,518
206,518
207,518
208,518
209,518
210,518
211,518
212,518
213,518
214,518
215,518
216,518
217,518
218,518
219,518
220,518
221,518
222,518
223,518
224,518
225,518
226,518
227,518
228,518
229,518
230,518
231,518
232,518
233,518
234,518
235,518
236,518
237,518
238,518
239,518
240,518
241,518
242,518
243,518
244,518
245,518
246,518
247,518
248,518
206,519
207,519
208,519
209,519
210,519
211,519
212,519
213,519
214,519
215,519
216,519
217,519
218,519
219,519
220,519
221,519
222,519
223,519
224,519
225,519
226,519
227,519
228,519
229,519
230,519
231,519
232,519
233,519
234,519
235,519
236,519
237,519
238,519
239,519
240,519
241,519
242,519
243,519
244,519
245,519
246,519
247,519
248,519
207,520
208,520
209,520
210,520
211,520
212,520
213,520
214,520
215,520
216,520
217,520
218,520
219,520
220,520
221,520
222,520
223,520
224,520
225,520
226,520
227,520
228,520
229,520
230,520
231,520
232,520
233,520
234,520
235,520
236,520
237,520
238,520
239,520
240,520
241,520
242,520
243,520
244,520
245,520
246,520
247,520
209,521
210,521
211,521
212,521
213,521
214,521
215,521
216,521
217,521
218,521
219,521
220,521
221,521
222,521
223,521
224,521
225,521
226,521
227,521
228,521
229,521
230,521
231,521
232,521
233,521
234,521
235,521
236,521
237,521
238,521
239,521
240,521
241,521
242,521
243,521
244,521
245,521
246,521
247,521
212,522
213,522
214,522
215,522
216,522
217,522
218,522
219,522
220,522
221,522
222,522
223,522
224,522
225,522
226,522
227,522
228,522
229,522
230,522
231,522
232,522
233,522
234,522
235,522
236,522
237,522
238,522
239,522
240,522
241,522
242,522
243,522
244,522
245,522
246,522
214,523
215,523
216,523
217,523
218,523
219,523
220,523
221,523
222,523
223,523
224,523
225,523
226,523
227,523
228,523
229,523
230,523
231,523
232,523
233,523
234,523
235,523
236,523
237,523
238,523
239,523
240,523
241,523
242,523
243,523
244,523
245,523
246,523
216,524
217,524
218,524
219,524
220,524
221,524
222,524
223,524
224,524
225,524
226,524
227,524
228,524
229,524
230,524
231,524
232,524
233,524
234,524
235,524
236,524
237,524
238,524
239,524
240,524
241,524
242,524
243,524
244,524
245,524
246,524
219,525
220,525
221,525
222,525
223,525
224,525
225,525
226,525
227,525
228,525
229,525
230,525
231,525
232,525
233,525
234,525
235,525
236,525
237,525
238,525
239,525
240,525
241,525
242,525
243,525
244,525
245,525
221,526
222,526
223,526
224,526
225,526
226,526
227,526
228,526
229,526
230,526
231,526
232,526
233,526
234,526
235,526
236,526
237,526
238,526
239,526
240,526
241,526
242,526
243,526
244,526
245,526
223,527
224,527
225,527
226,527
227,527
228,527
229,527
230,527
231,527
232,527
233,527
234,527
235,527
236,527
237,527
238,527
239,527
240,527
241,527
242,527
243,527
244,527
226,528
227,528
228,528
229,528
230,528
231,528
232,528
233,528
234,528
235,528
236,528
237,528
238,528
239,528
240,528
241,528
242,528
243,528
244,528
228,529
229,529
230,529
231,529
232,529
233,529
234,529
235,529
236,529
237,529
238,529
239,529
240,529
241,529
242,529
243,529
244,529
230,530
231,530
232,530
233,530
234,530
235,530
236,530
237,530
238,530
239,530
240,530
241,530
242,530
243,530
233,531
234,531
235,531
236,531
237,531
238,531
239,531
240,531
241,531
242,531
243,531
235,532
236,532
237,532
238,532
239,532
240,532
241,532
242,532
237,533
238,533
239,533
240,533
241,533
242,533
239,534
240,534
241,534
