48,108
47,109
48,109
49,109
50,109
45,110
46,110
47,110
48,110
49,110
50,110
51,110
54,110
55,110
56,110
43,111
44,111
45,111
46,111
47,111
48,111
49,111
50,111
51,111
52,111
53,111
54,111
55,111
56,111
42,112
43,112
44,112
45,112
46,112
47,112
48,112
49,112
50,112
51,112
52,112
53,112
54,112
55,112
56,112
57,112
58,112
42,113
43,113
44,113
45,113
46,113
47,113
48,113
49,113
50,113
51,113
52,113
53,113
54,113
55,113
56,113
57,113
58,113
40,114
41,114
42,114
43,114
44,114
45,114
46,114
47,114
48,114
49,114
50,114
51,114
52,114
53,114
54,114
55,114
56,114
57,114
58,114
38,115
39,115
40,115
41,115
42,115
43,115
44,115
45,115
46,115
47,115
48,115
49,115
50,115
51,115
52,115
53,115
54,115
55,115
56,115
57,115
58,115
59,115
37,116
38,116
39,116
40,116
41,116
42,116
43,116
44,116
45,116
46,116
47,116
48,116
49,116
50,116
51,116
52,116
53,116
54,116
55,116
56,116
57,116
58,116
59,116
60,116
36,117
37,117
38,117
39,117
40,117
41,117
42,117
43,117
44,117
45,117
46,117
47,117
48,117
49,117
50,117
51,117
52,117
53,117
54,117
55,117
56,117
57,117
58,117
59,117
60,117
33,118
34,118
35,118
36,118
37,118
38,118
39,118
40,118
41,118
42,118
43,118
44,118
45,118
46,118
47,118
48,118
49,118
50,118
51,118
52,118
53,118
54,118
55,118
56,118
57,118
58,118
59,118
60,118
61,118
32,119
33,119
34,119
35,119
36,119
37,119
38,119
39,119
40,119
41,119
42,119
43,119
44,119
45,119
46,119
47,119
48,119
49,119
50,119
51,119
52,119
53,119
54,119
55,119
56,119
57,119
58,119
59,119
60,119
61,119
62,119
63,119
30,120
31,120
32,120
33,120
34,120
35,120
36,120
37,120
38,120
39,120
40,120
41,120
42,120
43,120
44,120
45,120
46,120
47,120
48,120
49,120
50,120
51,120
52,120
53,120
54,120
55,120
56,120
57,120
58,120
59,120
60,120
61,120
62,120
63,120
64,120
65,120
28,121
29,121
30,121
31,121
32,121
33,121
34,121
35,121
36,121
37,121
38,121
39,121
40,121
41,121
42,121
43,121
44,121
45,121
46,121
47,121
48,121
49,121
50,121
51,121
52,121
53,121
54,121
55,121
56,121
57,121
58,121
59,121
60,121
61,121
62,121
63,121
64,121
65,121
66,121
70,121
71,121
27,122
28,122
29,122
30,122
31,122
32,122
33,122
34,122
35,122
36,122
37,122
38,122
39,122
40,122
41,122
42,122
43,122
44,122
45,122
46,122
47,122
48,122
49,122
50,122
51,122
52,122
53,122
54,122
55,122
56,122
57,122
58,122
59,122
60,122
61,122
62,122
63,122
64,122
65,122
66,122
67,122
68,122
69,122
70,122
71,122
72,122
73,122
27,123
28,123
29,123
30,123
31,123
32,123
33,123
34,123
35,123
36,123
37,123
38,123
39,123
40,123
41,123
42,123
43,123
44,123
45,123
46,123
47,123
48,123
49,123
50,123
51,123
52,123
53,123
54,123
55,123
56,123
57,123
58,123
59,123
60,123
61,123
62,123
63,123
64,123
65,123
66,123
67,123
68,123
69,123
70,123
71,123
72,123
73,123
74,123
25,124
26,124
27,124
28,124
29,124
30,124
31,124
32,124
33,124
34,124
35,124
36,124
37,124
38,124
39,124
40,124
41,124
42,124
43,124
44,124
45,124
46,124
47,124
48,124
49,124
50,124
51,124
52,124
53,124
54,124
55,124
56,124
57,124
58,124
59,124
60,124
61,124
62,124
63,124
64,124
65,124
66,124
67,124
68,124
69,124
70,124
71,124
72,124
73,124
74,124
75,124
24,125
25,125
26,125
27,125
28,125
29,125
30,125
31,125
32,125
33,125
34,125
35,125
36,125
37,125
38,125
39,125
40,125
41,125
42,125
43,125
44,125
45,125
46,125
47,125
48,125
49,125
50,125
51,125
52,125
53,125
54,125
55,125
56,125
57,125
58,125
59,125
60,125
61,125
62,125
63,125
64,125
65,125
66,125
67,125
68,125
69,125
70,125
71,125
72,125
73,125
74,125
75,125
76,125
77,125
78,125
23,126
24,126
25,126
26,126
27,126
28,126
29,126
30,126
31,126
32,126
33,126
34,126
35,126
36,126
37,126
38,126
39,126
40,126
41,126
42,126
43,126
44,126
45,126
46,126
47,126
48,126
49,126
50,126
51,126
52,126
53,126
54,126
55,126
56,126
57,126
58,126
59,126
60,126
61,126
62,126
63,126
64,126
65,126
66,126
67,126
68,126
69,126
70,126
71,126
72,126
73,126
74,126
75,126
76,126
77,126
78,126
79,126
80,126
21,127
22,127
23,127
24,127
25,127
26,127
27,127
28,127
29,127
30,127
31,127
32,127
33,127
34,127
35,127
36,127
37,127
38,127
39,127
40,127
41,127
42,127
46,127
47,127
48,127
49,127
50,127
51,127
52,127
53,127
54,127
55,127
56,127
57,127
58,127
59,127
60,127
61,127
62,127
63,127
64,127
65,127
66,127
67,127
68,127
69,127
70,127
71,127
72,127
73,127
74,127
75,127
76,127
77,127
78,127
79,127
80,127
81,127
21,128
22,128
23,128
24,128
25,128
26,128
27,128
28,128
29,128
30,128
31,128
32,128
33,128
34,128
35,128
36,128
37,128
38,128
39,128
40,128
41,128
48,128
49,128
50,128
51,128
52,128
53,128
54,128
55,128
56,128
57,128
58,128
59,128
60,128
61,128
62,128
63,128
64,128
65,128
66,128
67,128
68,128
69,128
70,128
71,128
72,128
73,128
74,128
75,128
76,128
77,128
78,128
79,128
80,128
81,128
82,128
21,129
22,129
23,129
24,129
25,129
26,129
27,129
28,129
29,129
30,129
31,129
32,129
33,129
34,129
35,129
36,129
37,129
38,129
39,129
65,129
66,129
67,129
68,129
69,129
70,129
71,129
72,129
73,129
74,129
75,129
76,129
77,129
78,129
79,129
80,129
81,129
82,129
83,129
84,129
20,130
21,130
22,130
23,130
24,130
25,130
26,130
27,130
28,130
29,130
30,130
31,130
32,130
33,130
34,130
35,130
36,130
37,130
67,130
68,130
69,130
70,130
71,130
72,130
73,130
74,130
75,130
76,130
77,130
78,130
79,130
80,130
81,130
82,130
83,130
84,130
20,131
21,131
22,131
23,131
24,131
25,131
26,131
27,131
28,131
29,131
30,131
31,131
32,131
33,131
34,131
35,131
69,131
70,131
71,131
72,131
73,131
74,131
75,131
76,131
77,131
78,131
79,131
80,131
81,131
82,131
83,131
84,131
85,131
19,132
20,132
21,132
22,132
23,132
24,132
25,132
26,132
27,132
28,132
29,132
30,132
31,132
32,132
33,132
71,132
72,132
73,132
74,132
75,132
76,132
77,132
78,132
79,132
80,132
81,132
82,132
83,132
84,132
85,132
86,132
18,133
19,133
20,133
21,133
22,133
23,133
24,133
25,133
26,133
27,133
28,133
29,133
30,133
31,133
32,133
73,133
74,133
75,133
76,133
77,133
78,133
79,133
80,133
81,133
82,133
83,133
84,133
85,133
86,133
87,133
17,134
18,134
19,134
20,134
21,134
22,134
23,134
24,134
25,134
26,134
27,134
28,134
29,134
30,134
73,134
74,134
75,134
76,134
77,134
78,134
79,134
80,134
81,134
82,134
83,134
84,134
85,134
86,134
87,134
88,134
17,135
18,135
19,135
20,135
21,135
22,135
23,135
24,135
25,135
26,135
27,135
28,135
29,135
30,135
75,135
76,135
77,135
78,135
79,135
80,135
81,135
82,135
83,135
84,135
85,135
86,135
87,135
88,135
89,135
16,136
17,136
18,136
19,136
20,136
21,136
22,136
23,136
24,136
25,136
26,136
27,136
28,136
76,136
77,136
78,136
79,136
80,136
81,136
82,136
83,136
84,136
85,136
86,136
87,136
88,136
89,136
15,137
16,137
17,137
18,137
19,137
20,137
21,137
22,137
23,137
24,137
25,137
26,137
27,137
77,137
78,137
79,137
80,137
81,137
82,137
83,137
84,137
85,137
86,137
87,137
88,137
89,137
15,138
16,138
17,138
18,138
19,138
20,138
21,138
22,138
23,138
24,138
25,138
26,138
78,138
79,138
80,138
81,138
82,138
83,138
84,138
85,138
86,138
87,138
88,138
89,138
90,138
14,139
15,139
16,139
17,139
18,139
19,139
20,139
21,139
22,139
23,139
24,139
25,139
79,139
80,139
81,139
82,139
83,139
84,139
85,139
86,139
87,139
88,139
89,139
90,139
13,140
14,140
15,140
16,140
17,140
18,140
19,140
20,140
21,140
22,140
23,140
24,140
79,140
80,140
81,140
82,140
83,140
84,140
85,140
86,140
87,140
88,140
89,140
90,140
91,140
13,141
14,141
15,141
16,141
17,141
18,141
19,141
20,141
21,141
22,141
23,141
24,141
80,141
81,141
82,141
83,141
84,141
85,141
86,141
87,141
88,141
89,141
90,141
91,141
12,142
13,142
14,142
15,142
16,142
17,142
18,142
19,142
20,142
21,142
22,142
23,142
81,142
82,142
83,142
84,142
85,142
86,142
87,142
88,142
89,142
90,142
91,142
92,142
12,143
13,143
14,143
15,143
16,143
17,143
18,143
19,143
20,143
21,143
22,143
81,143
82,143
83,143
84,143
85,143
86,143
87,143
88,143
89,143
90,143
91,143
92,143
12,144
13,144
14,144
15,144
16,144
17,144
18,144
19,144
20,144
21,144
22,144
82,144
83,144
84,144
85,144
86,144
87,144
88,144
89,144
90,144
91,144
92,144
93,144
11,145
12,145
13,145
14,145
15,145
16,145
17,145
18,145
19,145
20,145
21,145
83,145
84,145
85,145
86,145
87,145
88,145
89,145
90,145
91,145
92,145
93,145
94,145
11,146
12,146
13,146
14,146
15,146
16,146
17,146
18,146
19,146
20,146
21,146
83,146
84,146
85,146
86,146
87,146
88,146
89,146
90,146
91,146
92,146
93,146
94,146
95,146
11,147
12,147
13,147
14,147
15,147
16,147
17,147
18,147
19,147
20,147
84,147
85,147
86,147
87,147
88,147
89,147
90,147
91,147
92,147
93,147
94,147
95,147
11,148
12,148
13,148
14,148
15,148
16,148
17,148
18,148
19,148
20,148
85,148
86,148
87,148
88,148
89,148
90,148
91,148
92,148
93,148
94,148
95,148
11,149
12,149
13,149
14,149
15,149
16,149
17,149
18,149
19,149
20,149
85,149
86,149
87,149
88,149
89,149
90,149
91,149
92,149
93,149
94,149
95,149
11,150
12,150
13,150
14,150
15,150
16,150
17,150
18,150
19,150
86,150
87,150
88,150
89,150
90,150
91,150
92,150
93,150
94,150
95,150
10,151
11,151
12,151
13,151
14,151
15,151
16,151
17,151
18,151
19,151
86,151
87,151
88,151
89,151
90,151
91,151
92,151
93,151
94,151
95,151
96,151
10,152
11,152
12,152
13,152
14,152
15,152
16,152
17,152
18,152
87,152
88,152
89,152
90,152
91,152
92,152
93,152
94,152
95,152
96,152
10,153
11,153
12,153
13,153
14,153
15,153
16,153
17,153
18,153
87,153
88,153
89,153
90,153
91,153
92,153
93,153
94,153
95,153
96,153
97,153
10,154
11,154
12,154
13,154
14,154
15,154
16,154
17,154
18,154
87,154
88,154
89,154
90,154
91,154
92,154
93,154
94,154
95,154
96,154
97,154
9,155
10,155
11,155
12,155
13,155
14,155
15,155
16,155
17,155
18,155
88,155
89,155
90,155
91,155
92,155
93,155
94,155
95,155
96,155
97,155
9,156
10,156
11,156
12,156
13,156
14,156
15,156
16,156
17,156
18,156
88,156
89,156
90,156
91,156
92,156
93,156
94,156
95,156
96,156
97,156
98,156
8,157
9,157
10,157
11,157
12,157
13,157
14,157
15,157
16,157
17,157
89,157
90,157
91,157
92,157
93,157
94,157
95,157
96,157
97,157
98,157
8,158
9,158
10,158
11,158
12,158
13,158
14,158
15,158
16,158
17,158
89,158
90,158
91,158
92,158
93,158
94,158
95,158
96,158
97,158
98,158
9,159
10,159
11,159
12,159
13,159
14,159
15,159
16,159
17,159
89,159
90,159
91,159
92,159
93,159
94,159
95,159
96,159
97,159
98,159
9,160
10,160
11,160
12,160
13,160
14,160
15,160
16,160
17,160
90,160
91,160
92,160
93,160
94,160
95,160
96,160
97,160
98,160
9,161
10,161
11,161
12,161
13,161
14,161
15,161
16,161
17,161
90,161
91,161
92,161
93,161
94,161
95,161
96,161
97,161
98,161
9,162
10,162
11,162
12,162
13,162
14,162
15,162
16,162
17,162
90,162
91,162
92,162
93,162
94,162
95,162
96,162
97,162
98,162
9,163
10,163
11,163
12,163
13,163
14,163
15,163
16,163
17,163
90,163
91,163
92,163
93,163
94,163
95,163
96,163
97,163
98,163
99,163
9,164
10,164
11,164
12,164
13,164
14,164
15,164
16,164
17,164
18,164
89,164
90,164
91,164
92,164
93,164
94,164
95,164
96,164
97,164
98,164
99,164
9,165
10,165
11,165
12,165
13,165
14,165
15,165
16,165
17,165
18,165
90,165
91,165
92,165
93,165
94,165
95,165
96,165
97,165
98,165
99,165
9,166
10,166
11,166
12,166
13,166
14,166
15,166
16,166
17,166
18,166
90,166
91,166
92,166
93,166
94,166
95,166
96,166
97,166
98,166
99,166
9,167
10,167
11,167
12,167
13,167
14,167
15,167
16,167
17,167
18,167
90,167
91,167
92,167
93,167
94,167
95,167
96,167
97,167
98,167
99,167
9,168
10,168
11,168
12,168
13,168
14,168
15,168
16,168
17,168
18,168
89,168
90,168
91,168
92,168
93,168
94,168
95,168
96,168
97,168
98,168
99,168
10,169
11,169
12,169
13,169
14,169
15,169
16,169
17,169
18,169
19,169
89,169
90,169
91,169
92,169
93,169
94,169
95,169
96,169
97,169
98,169
99,169
10,170
11,170
12,170
13,170
14,170
15,170
16,170
17,170
18,170
19,170
89,170
90,170
91,170
92,170
93,170
94,170
95,170
96,170
97,170
98,170
99,170
10,171
11,171
12,171
13,171
14,171
15,171
16,171
17,171
18,171
19,171
89,171
90,171
91,171
92,171
93,171
94,171
95,171
96,171
97,171
98,171
10,172
11,172
12,172
13,172
14,172
15,172
16,172
17,172
18,172
19,172
88,172
89,172
90,172
91,172
92,172
93,172
94,172
95,172
96,172
97,172
98,172
10,173
11,173
12,173
13,173
14,173
15,173
16,173
17,173
18,173
19,173
20,173
88,173
89,173
90,173
91,173
92,173
93,173
94,173
95,173
96,173
97,173
98,173
10,174
11,174
12,174
13,174
14,174
15,174
16,174
17,174
18,174
19,174
20,174
88,174
89,174
90,174
91,174
92,174
93,174
94,174
95,174
96,174
97,174
98,174
11,175
12,175
13,175
14,175
15,175
16,175
17,175
18,175
19,175
20,175
87,175
88,175
89,175
90,175
91,175
92,175
93,175
94,175
95,175
96,175
97,175
98,175
11,176
12,176
13,176
14,176
15,176
16,176
17,176
18,176
19,176
20,176
21,176
87,176
88,176
89,176
90,176
91,176
92,176
93,176
94,176
95,176
96,176
97,176
12,177
13,177
14,177
15,177
16,177
17,177
18,177
19,177
20,177
21,177
22,177
86,177
87,177
88,177
89,177
90,177
91,177
92,177
93,177
94,177
95,177
96,177
97,177
12,178
13,178
14,178
15,178
16,178
17,178
18,178
19,178
20,178
21,178
22,178
86,178
87,178
88,178
89,178
90,178
91,178
92,178
93,178
94,178
95,178
96,178
97,178
12,179
13,179
14,179
15,179
16,179
17,179
18,179
19,179
20,179
21,179
22,179
23,179
86,179
87,179
88,179
89,179
90,179
91,179
92,179
93,179
94,179
95,179
96,179
97,179
13,180
14,180
15,180
16,180
17,180
18,180
19,180
20,180
21,180
22,180
23,180
24,180
86,180
87,180
88,180
89,180
90,180
91,180
92,180
93,180
94,180
95,180
96,180
97,180
14,181
15,181
16,181
17,181
18,181
19,181
20,181
21,181
22,181
23,181
24,181
84,181
85,181
86,181
87,181
88,181
89,181
90,181
91,181
92,181
93,181
94,181
95,181
96,181
14,182
15,182
16,182
17,182
18,182
19,182
20,182
21,182
22,182
23,182
24,182
25,182
84,182
85,182
86,182
87,182
88,182
89,182
90,182
91,182
92,182
93,182
94,182
95,182
96,182
15,183
16,183
17,183
18,183
19,183
20,183
21,183
22,183
23,183
24,183
25,183
26,183
84,183
85,183
86,183
87,183
88,183
89,183
90,183
91,183
92,183
93,183
94,183
95,183
15,184
16,184
17,184
18,184
19,184
20,184
21,184
22,184
23,184
24,184
25,184
26,184
27,184
83,184
84,184
85,184
86,184
87,184
88,184
89,184
90,184
91,184
92,184
93,184
94,184
16,185
17,185
18,185
19,185
20,185
21,185
22,185
23,185
24,185
25,185
26,185
27,185
82,185
83,185
84,185
85,185
86,185
87,185
88,185
89,185
90,185
91,185
92,185
93,185
94,185
17,186
18,186
19,186
20,186
21,186
22,186
23,186
24,186
25,186
26,186
27,186
28,186
82,186
83,186
84,186
85,186
86,186
87,186
88,186
89,186
90,186
91,186
92,186
93,186
94,186
18,187
19,187
20,187
21,187
22,187
23,187
24,187
25,187
26,187
27,187
28,187
29,187
30,187
81,187
82,187
83,187
84,187
85,187
86,187
87,187
88,187
89,187
90,187
91,187
92,187
93,187
18,188
19,188
20,188
21,188
22,188
23,188
24,188
25,188
26,188
27,188
28,188
29,188
30,188
31,188
80,188
81,188
82,188
83,188
84,188
85,188
86,188
87,188
88,188
89,188
90,188
91,188
92,188
93,188
19,189
20,189
21,189
22,189
23,189
24,189
25,189
26,189
27,189
28,189
29,189
30,189
31,189
32,189
79,189
80,189
81,189
82,189
83,189
84,189
85,189
86,189
87,189
88,189
89,189
90,189
91,189
92,189
20,190
21,190
22,190
23,190
24,190
25,190
26,190
27,190
28,190
29,190
30,190
31,190
32,190
33,190
78,190
79,190
80,190
81,190
82,190
83,190
84,190
85,190
86,190
87,190
88,190
89,190
90,190
91,190
92,190
21,191
22,191
23,191
24,191
25,191
26,191
27,191
28,191
29,191
30,191
31,191
32,191
33,191
34,191
35,191
76,191
77,191
78,191
79,191
80,191
81,191
82,191
83,191
84,191
85,191
86,191
87,191
88,191
89,191
90,191
91,191
22,192
23,192
24,192
25,192
26,192
27,192
28,192
29,192
30,192
31,192
32,192
33,192
34,192
35,192
36,192
37,192
74,192
75,192
76,192
77,192
78,192
79,192
80,192
81,192
82,192
83,192
84,192
85,192
86,192
87,192
88,192
89,192
90,192
23,193
24,193
25,193
26,193
27,193
28,193
29,193
30,193
31,193
32,193
33,193
34,193
35,193
36,193
37,193
38,193
39,193
40,193
72,193
73,193
74,193
75,193
76,193
77,193
78,193
79,193
80,193
81,193
82,193
83,193
84,193
85,193
86,193
87,193
88,193
89,193
23,194
24,194
25,194
26,194
27,194
28,194
29,194
30,194
31,194
32,194
33,194
34,194
35,194
36,194
37,194
38,194
39,194
40,194
41,194
42,194
43,194
44,194
45,194
70,194
71,194
72,194
73,194
74,194
75,194
76,194
77,194
78,194
79,194
80,194
81,194
82,194
83,194
84,194
85,194
86,194
87,194
88,194
89,194
25,195
26,195
27,195
28,195
29,195
30,195
31,195
32,195
33,195
34,195
35,195
36,195
37,195
38,195
39,195
40,195
41,195
42,195
43,195
44,195
45,195
46,195
47,195
65,195
66,195
67,195
68,195
69,195
70,195
71,195
72,195
73,195
74,195
75,195
76,195
77,195
78,195
79,195
80,195
81,195
82,195
83,195
84,195
85,195
86,195
87,195
25,196
26,196
27,196
28,196
29,196
30,196
31,196
32,196
33,196
34,196
35,196
36,196
37,196
38,196
39,196
40,196
41,196
42,196
43,196
44,196
45,196
46,196
47,196
48,196
49,196
50,196
51,196
52,196
53,196
54,196
55,196
56,196
57,196
58,196
59,196
60,196
61,196
62,196
63,196
64,196
65,196
66,196
67,196
68,196
69,196
70,196
71,196
72,196
73,196
74,196
75,196
76,196
77,196
78,196
79,196
80,196
81,196
82,196
83,196
84,196
85,196
86,196
27,197
28,197
29,197
30,197
31,197
32,197
33,197
34,197
35,197
36,197
37,197
38,197
39,197
40,197
41,197
42,197
43,197
44,197
45,197
46,197
47,197
48,197
49,197
50,197
51,197
52,197
53,197
54,197
55,197
56,197
57,197
58,197
59,197
60,197
61,197
62,197
63,197
64,197
65,197
66,197
67,197
68,197
69,197
70,197
71,197
72,197
73,197
74,197
75,197
76,197
77,197
78,197
79,197
80,197
81,197
82,197
83,197
84,197
85,197
28,198
29,198
30,198
31,198
32,198
33,198
34,198
35,198
36,198
37,198
38,198
39,198
40,198
41,198
42,198
43,198
44,198
45,198
46,198
47,198
48,198
49,198
50,198
51,198
52,198
53,198
54,198
55,198
56,198
57,198
58,198
59,198
60,198
61,198
62,198
63,198
64,198
65,198
66,198
67,198
68,198
69,198
70,198
71,198
72,198
73,198
74,198
75,198
76,198
77,198
78,198
79,198
80,198
81,198
82,198
83,198
84,198
30,199
31,199
32,199
33,199
34,199
35,199
36,199
37,199
38,199
39,199
40,199
41,199
42,199
43,199
44,199
45,199
46,199
47,199
48,199
49,199
50,199
51,199
52,199
53,199
54,199
55,199
56,199
57,199
58,199
59,199
60,199
61,199
62,199
63,199
64,199
65,199
66,199
67,199
68,199
69,199
70,199
71,199
72,199
73,199
74,199
75,199
76,199
77,199
78,199
79,199
80,199
81,199
82,199
31,200
32,200
33,200
34,200
35,200
36,200
37,200
38,200
39,200
40,200
41,200
42,200
43,200
44,200
45,200
46,200
47,200
48,200
49,200
50,200
51,200
52,200
53,200
54,200
55,200
56,200
57,200
58,200
59,200
60,200
61,200
62,200
63,200
64,200
65,200
66,200
67,200
68,200
69,200
70,200
71,200
72,200
73,200
74,200
75,200
76,200
77,200
78,200
79,200
80,200
81,200
34,201
35,201
36,201
37,201
38,201
39,201
40,201
41,201
42,201
43,201
44,201
45,201
46,201
47,201
48,201
49,201
50,201
51,201
52,201
53,201
54,201
55,201
56,201
57,201
58,201
59,201
60,201
61,201
62,201
63,201
64,201
65,201
66,201
67,201
68,201
69,201
70,201
71,201
72,201
73,201
74,201
75,201
76,201
77,201
78,201
79,201
80,201
36,202
37,202
38,202
39,202
40,202
41,202
42,202
43,202
44,202
45,202
46,202
47,202
48,202
49,202
50,202
51,202
52,202
53,202
54,202
55,202
56,202
57,202
58,202
59,202
60,202
61,202
62,202
63,202
64,202
65,202
66,202
67,202
68,202
69,202
70,202
71,202
72,202
73,202
74,202
75,202
76,202
38,203
39,203
40,203
41,203
42,203
43,203
44,203
45,203
46,203
47,203
48,203
49,203
50,203
51,203
52,203
53,203
54,203
55,203
56,203
57,203
58,203
59,203
60,203
61,203
62,203
63,203
64,203
65,203
66,203
67,203
68,203
69,203
70,203
71,203
72,203
73,203
74,203
75,203
76,203
41,204
42,204
43,204
44,204
45,204
46,204
47,204
48,204
49,204
50,204
51,204
52,204
53,204
54,204
55,204
56,204
57,204
58,204
59,204
60,204
61,204
62,204
63,204
64,204
65,204
66,204
67,204
68,204
69,204
70,204
71,204
72,204
73,204
74,204
44,205
45,205
46,205
47,205
48,205
49,205
50,205
51,205
52,205
53,205
54,205
55,205
56,205
57,205
58,205
59,205
60,205
61,205
62,205
63,205
64,205
65,205
66,205
67,205
68,205
69,205
49,206
50,206
51,206
52,206
53,206
54,206
55,206
56,206
57,206
58,206
59,206
60,206
61,206
62,206
63,206
64,206
65,206
66,206
