339,281
340,281
341,281
342,281
338,282
339,282
340,282
341,282
342,282
343,282
337,283
338,283
339,283
340,283
341,283
342,283
343,283
336,284
337,284
338,284
339,284
340,284
341,284
342,284
336,285
337,285
338,285
339,285
340,285
335,286
336,286
337,286
338,286
339,286
335,287
336,287
337,287
338,287
339,287
335,288
336,288
337,288
338,288
335,289
336,289
337,289
335,290
336,290
337,290
334,291
335,291
336,291
337,291
334,292
335,292
336,292
337,292
334,293
335,293
336,293
337,293
334,294
335,294
336,294
337,294
334,295
335,295
336,295
337,295
334,296
335,296
336,296
337,296
334,297
335,297
336,297
334,298
335,298
336,298
334,299
335,299
336,299
333,300
334,300
335,300
336,300
333,301
334,301
335,301
336,301
333,302
334,302
335,302
336,302
333,303
334,303
335,303
336,303
333,304
334,304
335,304
336,304
333,305
334,305
335,305
336,305
333,306
334,306
335,306
333,307
334,307
335,307
333,308
334,308
335,308
332,309
333,309
334,309
335,309
332,310
333,310
334,310
335,310
332,311
333,311
334,311
335,311
332,312
333,312
334,312
335,312
332,313
333,313
334,313
332,314
333,314
334,314
332,315
333,315
334,315
332,316
333,316
334,316
331,317
332,317
333,317
334,317
331,318
332,318
333,318
334,318
331,319
332,319
333,319
331,320
332,320
333,320
331,321
332,321
333,321
331,322
332,322
333,322
330,323
331,323
332,323
333,323
330,324
331,324
332,324
333,324
330,325
331,325
332,325
333,325
330,326
331,326
332,326
330,327
331,327
332,327
330,328
331,328
332,328
330,329
331,329
332,329
329,330
330,330
331,330
332,330
329,331
330,331
331,331
329,332
330,332
331,332
329,333
330,333
331,333
329,334
330,334
331,334
328,335
329,335
330,335
331,335
328,336
329,336
330,336
331,336
328,337
329,337
330,337
328,338
329,338
330,338
328,339
329,339
330,339
328,340
329,340
330,340
328,341
329,341
330,341
327,342
328,342
329,342
327,343
328,343
329,343
327,344
328,344
329,344
327,345
328,345
329,345
327,346
328,346
329,346
326,347
327,347
328,347
329,347
326,348
327,348
328,348
326,349
327,349
328,349
326,350
327,350
328,350
326,351
327,351
328,351
325,352
326,352
327,352
328,352
325,353
326,353
327,353
325,354
326,354
327,354
325,355
326,355
327,355
325,356
326,356
327,356
324,357
325,357
326,357
327,357
324,358
325,358
326,358
324,359
325,359
326,359
324,360
325,360
326,360
324,361
325,361
326,361
323,362
324,362
325,362
323,363
324,363
325,363
323,364
324,364
325,364
323,365
324,365
325,365
322,366
323,366
324,366
322,367
323,367
324,367
322,368
323,368
324,368
322,369
323,369
324,369
321,370
322,370
323,370
324,370
321,371
322,371
323,371
321,372
322,372
323,372
321,373
322,373
323,373
320,374
321,374
322,374
323,374
320,375
321,375
322,375
323,375
320,376
321,376
322,376
320,377
321,377
322,377
320,378
321,378
322,378
319,379
320,379
321,379
322,379
319,380
320,380
321,380
319,381
320,381
321,381
318,382
319,382
320,382
321,382
318,383
319,383
320,383
321,383
318,384
319,384
320,384
321,384
318,385
319,385
320,385
318,386
319,386
320,386
318,387
319,387
320,387
317,388
318,388
319,388
320,388
317,389
318,389
319,389
317,390
318,390
319,390
316,391
317,391
318,391
319,391
316,392
317,392
318,392
319,392
316,393
317,393
318,393
319,393
316,394
317,394
318,394
319,394
316,395
317,395
318,395
315,396
316,396
317,396
318,396
315,397
316,397
317,397
318,397
315,398
316,398
317,398
318,398
315,399
316,399
317,399
315,400
316,400
317,400
314,401
315,401
316,401
317,401
314,402
315,402
316,402
317,402
314,403
315,403
316,403
317,403
314,404
315,404
316,404
314,405
315,405
316,405
313,406
314,406
315,406
316,406
313,407
314,407
315,407
316,407
313,408
314,408
315,408
316,408
313,409
314,409
315,409
316,409
313,410
314,410
315,410
316,410
313,411
314,411
315,411
313,412
314,412
315,412
312,413
313,413
314,413
315,413
312,414
313,414
314,414
315,414
312,415
313,415
314,415
315,415
312,416
313,416
314,416
312,417
313,417
314,417
312,418
313,418
314,418
311,419
312,419
313,419
314,419
311,420
312,420
313,420
314,420
311,421
312,421
313,421
314,421
311,422
312,422
313,422
311,423
312,423
313,423
311,424
312,424
313,424
437,424
438,424
310,425
311,425
312,425
313,425
437,425
438,425
439,425
440,425
310,426
311,426
312,426
313,426
435,426
436,426
437,426
438,426
439,426
440,426
310,427
311,427
312,427
313,427
435,427
436,427
437,427
438,427
439,427
310,428
311,428
312,428
433,428
434,428
435,428
436,428
437,428
438,428
310,429
311,429
312,429
431,429
432,429
433,429
434,429
435,429
436,429
437,429
438,429
309,430
310,430
311,430
312,430
430,430
431,430
432,430
433,430
434,430
435,430
436,430
437,430
309,431
310,431
311,431
312,431
429,431
430,431
431,431
432,431
433,431
434,431
435,431
436,431
309,432
310,432
311,432
312,432
427,432
428,432
429,432
430,432
431,432
432,432
433,432
434,432
309,433
310,433
311,433
312,433
426,433
427,433
428,433
429,433
430,433
431,433
432,433
433,433
309,434
310,434
311,434
312,434
424,434
425,434
426,434
427,434
428,434
429,434
430,434
431,434
309,435
310,435
311,435
312,435
423,435
424,435
425,435
426,435
427,435
428,435
429,435
430,435
309,436
310,436
311,436
312,436
422,436
423,436
424,436
425,436
426,436
427,436
428,436
308,437
309,437
310,437
311,437
312,437
420,437
421,437
422,437
423,437
424,437
425,437
426,437
427,437
308,438
309,438
310,438
311,438
312,438
419,438
420,438
421,438
422,438
423,438
424,438
425,438
426,438
308,439
309,439
310,439
311,439
418,439
419,439
420,439
421,439
422,439
423,439
424,439
308,440
309,440
310,440
311,440
416,440
417,440
418,440
419,440
420,440
421,440
422,440
423,440
308,441
309,441
310,441
311,441
415,441
416,441
417,441
418,441
419,441
420,441
421,441
308,442
309,442
310,442
311,442
414,442
415,442
416,442
417,442
418,442
419,442
420,442
308,443
309,443
310,443
311,443
412,443
413,443
414,443
415,443
416,443
417,443
418,443
308,444
309,444
310,444
311,444
411,444
412,444
413,444
414,444
415,444
416,444
417,444
308,445
309,445
310,445
311,445
409,445
410,445
411,445
412,445
413,445
414,445
415,445
416,445
308,446
309,446
310,446
311,446
408,446
409,446
410,446
411,446
412,446
413,446
414,446
307,447
308,447
309,447
310,447
311,447
407,447
408,447
409,447
410,447
411,447
412,447
413,447
307,448
308,448
309,448
310,448
311,448
405,448
406,448
407,448
408,448
409,448
410,448
411,448
307,449
308,449
309,449
310,449
404,449
405,449
406,449
407,449
408,449
409,449
410,449
307,450
308,450
309,450
310,450
403,450
404,450
405,450
406,450
407,450
408,450
409,450
307,451
308,451
309,451
310,451
401,451
402,451
403,451
404,451
405,451
406,451
407,451
307,452
308,452
309,452
310,452
399,452
400,452
401,452
402,452
403,452
404,452
405,452
406,452
307,453
308,453
309,453
310,453
397,453
398,453
399,453
400,453
401,453
402,453
403,453
404,453
307,454
308,454
309,454
310,454
394,454
395,454
396,454
397,454
398,454
399,454
400,454
401,454
402,454
403,454
306,455
307,455
308,455
309,455
310,455
393,455
394,455
395,455
396,455
397,455
398,455
399,455
400,455
401,455
306,456
307,456
308,456
309,456
310,456
390,456
391,456
392,456
393,456
394,456
395,456
396,456
397,456
398,456
306,457
307,457
308,457
309,457
310,457
388,457
389,457
390,457
391,457
392,457
393,457
394,457
395,457
396,457
306,458
307,458
308,458
309,458
310,458
386,458
387,458
388,458
389,458
390,458
391,458
392,458
393,458
394,458
306,459
307,459
308,459
309,459
310,459
384,459
385,459
386,459
387,459
388,459
389,459
390,459
391,459
392,459
306,460
307,460
308,460
309,460
310,460
381,460
382,460
383,460
384,460
385,460
386,460
387,460
388,460
389,460
306,461
307,461
308,461
309,461
310,461
379,461
380,461
381,461
382,461
383,461
384,461
385,461
386,461
387,461
307,462
308,462
309,462
310,462
377,462
378,462
379,462
380,462
381,462
382,462
383,462
384,462
385,462
307,463
308,463
309,463
310,463
374,463
375,463
376,463
377,463
378,463
379,463
380,463
381,463
382,463
307,464
308,464
309,464
310,464
311,464
371,464
372,464
373,464
374,464
375,464
376,464
377,464
378,464
379,464
380,464
307,465
308,465
309,465
310,465
311,465
368,465
369,465
370,465
371,465
372,465
373,465
374,465
375,465
376,465
377,465
308,466
309,466
310,466
311,466
366,466
367,466
368,466
369,466
370,466
371,466
372,466
373,466
374,466
375,466
308,467
309,467
310,467
311,467
312,467
363,467
364,467
365,467
366,467
367,467
368,467
369,467
370,467
371,467
372,467
373,467
309,468
310,468
311,468
312,468
357,468
358,468
359,468
360,468
361,468
362,468
363,468
364,468
365,468
366,468
367,468
368,468
369,468
370,468
310,469
311,469
312,469
313,469
351,469
352,469
353,469
354,469
355,469
356,469
357,469
358,469
359,469
360,469
361,469
362,469
363,469
364,469
365,469
366,469
367,469
368,469
310,470
311,470
312,470
313,470
314,470
345,470
346,470
347,470
348,470
349,470
350,470
351,470
352,470
353,470
354,470
355,470
356,470
357,470
358,470
359,470
360,470
361,470
362,470
363,470
364,470
365,470
311,471
312,471
313,471
314,471
315,471
339,471
340,471
341,471
342,471
343,471
344,471
345,471
346,471
347,471
348,471
349,471
350,471
351,471
352,471
353,471
354,471
355,471
356,471
357,471
358,471
359,471
360,471
361,471
312,472
313,472
314,472
315,472
316,472
317,472
318,472
319,472
332,472
333,472
334,472
335,472
336,472
337,472
338,472
339,472
340,472
341,472
342,472
343,472
344,472
345,472
346,472
347,472
348,472
349,472
350,472
351,472
352,472
353,472
354,472
355,472
313,473
314,473
315,473
316,473
317,473
318,473
319,473
320,473
321,473
322,473
323,473
324,473
325,473
326,473
327,473
328,473
329,473
330,473
331,473
332,473
333,473
334,473
335,473
336,473
337,473
338,473
339,473
340,473
341,473
342,473
343,473
344,473
345,473
346,473
347,473
348,473
349,473
350,473
315,474
316,474
317,474
318,474
319,474
320,474
321,474
322,474
323,474
324,474
325,474
326,474
327,474
328,474
329,474
330,474
331,474
332,474
333,474
334,474
335,474
336,474
337,474
338,474
339,474
340,474
341,474
342,474
343,474
344,474
316,475
317,475
318,475
319,475
320,475
321,475
322,475
323,475
324,475
325,475
326,475
327,475
328,475
329,475
330,475
331,475
332,475
333,475
334,475
335,475
336,475
337,475
338,475
318,476
319,476
320,476
321,476
322,476
323,476
324,476
325,476
326,476
327,476
328,476
329,476
330,476
331,476
332,476
