203,1
204,1
205,1
206,1
207,1
208,1
209,1
210,1
211,1
212,1
213,1
214,1
215,1
216,1
217,1
218,1
219,1
220,1
221,1
222,1
223,1
224,1
225,1
226,1
227,1
228,1
202,2
203,2
204,2
205,2
206,2
207,2
208,2
209,2
210,2
211,2
212,2
213,2
214,2
215,2
216,2
217,2
218,2
219,2
220,2
221,2
222,2
223,2
224,2
225,2
226,2
227,2
228,2
229,2
202,3
203,3
204,3
205,3
206,3
207,3
208,3
209,3
210,3
211,3
212,3
213,3
214,3
215,3
216,3
217,3
218,3
219,3
220,3
221,3
222,3
223,3
224,3
225,3
226,3
227,3
228,3
229,3
202,4
203,4
204,4
205,4
206,4
207,4
208,4
209,4
210,4
211,4
212,4
213,4
214,4
215,4
216,4
217,4
218,4
219,4
220,4
221,4
222,4
223,4
224,4
225,4
226,4
227,4
228,4
229,4
230,4
202,5
203,5
204,5
205,5
206,5
207,5
208,5
209,5
210,5
211,5
212,5
213,5
214,5
215,5
216,5
217,5
218,5
219,5
220,5
221,5
222,5
223,5
224,5
225,5
226,5
227,5
228,5
229,5
230,5
202,6
203,6
204,6
205,6
206,6
207,6
208,6
209,6
210,6
211,6
212,6
213,6
214,6
215,6
216,6
217,6
218,6
219,6
220,6
221,6
222,6
223,6
224,6
225,6
226,6
227,6
228,6
229,6
230,6
202,7
203,7
204,7
205,7
206,7
207,7
208,7
209,7
210,7
211,7
212,7
213,7
214,7
215,7
216,7
217,7
218,7
219,7
220,7
221,7
222,7
223,7
224,7
225,7
226,7
227,7
228,7
229,7
230,7
202,8
203,8
204,8
205,8
206,8
207,8
208,8
209,8
210,8
211,8
212,8
213,8
214,8
215,8
216,8
217,8
218,8
219,8
220,8
221,8
222,8
223,8
224,8
225,8
226,8
227,8
228,8
229,8
230,8
202,9
203,9
204,9
205,9
206,9
207,9
208,9
209,9
210,9
211,9
212,9
213,9
214,9
215,9
216,9
217,9
218,9
219,9
220,9
221,9
222,9
223,9
224,9
225,9
226,9
227,9
228,9
229,9
230,9
202,10
203,10
204,10
205,10
206,10
207,10
208,10
209,10
210,10
211,10
212,10
213,10
214,10
215,10
216,10
217,10
218,10
219,10
220,10
221,10
222,10
223,10
224,10
225,10
226,10
227,10
228,10
229,10
230,10
202,11
203,11
204,11
205,11
206,11
207,11
208,11
209,11
210,11
211,11
212,11
213,11
214,11
215,11
216,11
217,11
218,11
219,11
220,11
221,11
222,11
223,11
224,11
225,11
226,11
227,11
228,11
229,11
230,11
202,12
203,12
204,12
205,12
206,12
207,12
208,12
209,12
210,12
211,12
212,12
213,12
214,12
215,12
216,12
217,12
218,12
219,12
220,12
221,12
222,12
223,12
224,12
225,12
226,12
227,12
228,12
229,12
230,12
202,13
203,13
204,13
205,13
206,13
207,13
208,13
209,13
210,13
211,13
212,13
213,13
214,13
215,13
216,13
217,13
218,13
219,13
220,13
221,13
222,13
223,13
224,13
225,13
226,13
227,13
228,13
229,13
230,13
202,14
203,14
204,14
205,14
206,14
207,14
208,14
209,14
210,14
211,14
212,14
213,14
214,14
215,14
216,14
217,14
218,14
219,14
220,14
221,14
222,14
223,14
224,14
225,14
226,14
227,14
228,14
229,14
230,14
202,15
203,15
204,15
205,15
206,15
207,15
208,15
209,15
210,15
211,15
212,15
213,15
214,15
215,15
216,15
217,15
218,15
219,15
220,15
221,15
222,15
223,15
224,15
225,15
226,15
227,15
228,15
229,15
230,15
202,16
203,16
204,16
205,16
206,16
207,16
208,16
209,16
210,16
211,16
212,16
213,16
214,16
215,16
216,16
217,16
218,16
219,16
220,16
221,16
222,16
223,16
224,16
225,16
226,16
227,16
228,16
229,16
230,16
203,17
204,17
205,17
206,17
207,17
208,17
209,17
210,17
211,17
212,17
213,17
214,17
215,17
216,17
217,17
218,17
219,17
220,17
221,17
222,17
223,17
224,17
225,17
226,17
227,17
228,17
229,17
230,17
203,18
204,18
205,18
206,18
207,18
208,18
209,18
210,18
211,18
212,18
213,18
214,18
215,18
216,18
217,18
218,18
219,18
220,18
221,18
222,18
223,18
224,18
225,18
226,18
227,18
228,18
229,18
230,18
231,18
203,19
204,19
205,19
206,19
207,19
208,19
209,19
210,19
211,19
212,19
213,19
214,19
215,19
216,19
217,19
218,19
219,19
220,19
221,19
222,19
223,19
224,19
225,19
226,19
227,19
228,19
229,19
230,19
231,19
203,20
204,20
205,20
206,20
207,20
208,20
209,20
210,20
211,20
212,20
213,20
214,20
215,20
216,20
217,20
218,20
219,20
220,20
221,20
222,20
223,20
224,20
225,20
226,20
227,20
228,20
229,20
230,20
231,20
203,21
204,21
205,21
206,21
207,21
208,21
209,21
210,21
211,21
212,21
213,21
214,21
215,21
216,21
217,21
218,21
219,21
220,21
221,21
222,21
223,21
224,21
225,21
226,21
227,21
228,21
229,21
230,21
231,21
203,22
204,22
205,22
206,22
207,22
208,22
209,22
210,22
211,22
212,22
213,22
214,22
215,22
216,22
217,22
218,22
219,22
220,22
221,22
222,22
223,22
224,22
225,22
226,22
227,22
228,22
229,22
230,22
231,22
203,23
204,23
205,23
206,23
207,23
208,23
209,23
210,23
211,23
212,23
213,23
214,23
215,23
216,23
217,23
218,23
219,23
220,23
221,23
222,23
223,23
224,23
225,23
226,23
227,23
228,23
229,23
230,23
231,23
203,24
204,24
205,24
206,24
207,24
208,24
209,24
210,24
211,24
212,24
213,24
214,24
215,24
216,24
217,24
218,24
219,24
220,24
221,24
222,24
223,24
224,24
225,24
226,24
227,24
228,24
229,24
230,24
231,24
203,25
204,25
205,25
206,25
207,25
208,25
209,25
210,25
211,25
212,25
213,25
214,25
215,25
216,25
217,25
218,25
219,25
220,25
221,25
222,25
223,25
224,25
225,25
226,25
227,25
228,25
229,25
230,25
231,25
203,26
204,26
205,26
206,26
207,26
208,26
209,26
210,26
211,26
212,26
213,26
214,26
215,26
216,26
217,26
218,26
219,26
220,26
221,26
222,26
223,26
224,26
225,26
226,26
227,26
228,26
229,26
230,26
231,26
203,27
204,27
205,27
206,27
207,27
208,27
209,27
210,27
211,27
212,27
213,27
214,27
215,27
216,27
217,27
218,27
219,27
220,27
221,27
222,27
223,27
224,27
225,27
226,27
227,27
228,27
229,27
230,27
231,27
203,28
204,28
205,28
206,28
207,28
208,28
209,28
210,28
211,28
212,28
213,28
214,28
215,28
216,28
217,28
218,28
219,28
220,28
221,28
222,28
223,28
224,28
225,28
226,28
227,28
228,28
229,28
230,28
231,28
203,29
204,29
205,29
206,29
207,29
208,29
209,29
210,29
211,29
212,29
213,29
214,29
215,29
216,29
217,29
218,29
219,29
220,29
221,29
222,29
223,29
224,29
225,29
226,29
227,29
228,29
229,29
230,29
231,29
204,30
205,30
206,30
207,30
208,30
209,30
210,30
211,30
212,30
213,30
214,30
215,30
216,30
217,30
218,30
219,30
220,30
221,30
222,30
223,30
224,30
225,30
226,30
227,30
228,30
229,30
230,30
231,30
204,31
205,31
206,31
207,31
208,31
209,31
210,31
211,31
212,31
213,31
214,31
215,31
216,31
217,31
218,31
219,31
220,31
221,31
222,31
223,31
224,31
225,31
226,31
227,31
228,31
229,31
230,31
231,31
204,32
205,32
206,32
207,32
208,32
209,32
210,32
211,32
212,32
213,32
214,32
215,32
216,32
217,32
218,32
219,32
220,32
221,32
222,32
223,32
224,32
225,32
226,32
227,32
228,32
229,32
230,32
231,32
204,33
205,33
206,33
207,33
208,33
209,33
210,33
211,33
212,33
213,33
214,33
215,33
216,33
217,33
218,33
219,33
220,33
221,33
222,33
223,33
224,33
225,33
226,33
227,33
228,33
229,33
230,33
231,33
232,33
204,34
205,34
206,34
207,34
208,34
209,34
210,34
211,34
212,34
213,34
214,34
215,34
216,34
217,34
218,34
219,34
220,34
221,34
222,34
223,34
224,34
225,34
226,34
227,34
228,34
229,34
230,34
231,34
232,34
204,35
205,35
206,35
207,35
208,35
209,35
210,35
211,35
212,35
213,35
214,35
215,35
216,35
217,35
218,35
219,35
220,35
221,35
222,35
223,35
224,35
225,35
226,35
227,35
228,35
229,35
230,35
231,35
232,35
204,36
205,36
206,36
207,36
208,36
209,36
210,36
211,36
212,36
213,36
214,36
215,36
216,36
217,36
218,36
219,36
220,36
221,36
222,36
223,36
224,36
225,36
226,36
227,36
228,36
229,36
230,36
231,36
232,36
204,37
205,37
206,37
207,37
208,37
209,37
210,37
211,37
212,37
213,37
214,37
215,37
216,37
217,37
218,37
219,37
220,37
221,37
222,37
223,37
224,37
225,37
226,37
227,37
228,37
229,37
230,37
231,37
232,37
204,38
205,38
206,38
207,38
208,38
209,38
210,38
211,38
212,38
213,38
214,38
215,38
216,38
217,38
218,38
219,38
220,38
221,38
222,38
223,38
224,38
225,38
226,38
227,38
228,38
229,38
230,38
231,38
232,38
204,39
205,39
206,39
207,39
208,39
209,39
210,39
211,39
212,39
213,39
214,39
215,39
216,39
217,39
218,39
219,39
220,39
221,39
222,39
223,39
224,39
225,39
226,39
227,39
228,39
229,39
230,39
231,39
232,39
204,40
205,40
206,40
207,40
208,40
209,40
210,40
211,40
212,40
213,40
214,40
215,40
216,40
217,40
218,40
219,40
220,40
221,40
222,40
223,40
224,40
225,40
226,40
227,40
228,40
229,40
230,40
231,40
232,40
204,41
205,41
206,41
207,41
208,41
209,41
210,41
211,41
212,41
213,41
214,41
215,41
216,41
217,41
218,41
219,41
220,41
221,41
222,41
223,41
224,41
225,41
226,41
227,41
228,41
229,41
230,41
231,41
232,41
204,42
205,42
206,42
207,42
208,42
209,42
210,42
211,42
212,42
213,42
214,42
215,42
216,42
217,42
218,42
219,42
220,42
221,42
222,42
223,42
224,42
225,42
226,42
227,42
228,42
229,42
230,42
231,42
232,42
204,43
205,43
206,43
207,43
208,43
209,43
210,43
211,43
212,43
213,43
214,43
215,43
216,43
217,43
218,43
219,43
220,43
221,43
222,43
223,43
224,43
225,43
226,43
227,43
228,43
229,43
230,43
231,43
232,43
205,44
206,44
207,44
208,44
209,44
210,44
211,44
212,44
213,44
214,44
215,44
216,44
217,44
218,44
219,44
220,44
221,44
222,44
223,44
224,44
225,44
226,44
227,44
228,44
229,44
230,44
231,44
232,44
205,45
206,45
207,45
208,45
209,45
210,45
211,45
212,45
213,45
214,45
215,45
216,45
217,45
218,45
219,45
220,45
221,45
222,45
223,45
224,45
225,45
226,45
227,45
228,45
229,45
230,45
231,45
232,45
205,46
206,46
207,46
208,46
209,46
210,46
211,46
212,46
213,46
214,46
215,46
216,46
217,46
218,46
219,46
220,46
221,46
222,46
223,46
224,46
225,46
226,46
227,46
228,46
229,46
230,46
231,46
232,46
205,47
206,47
207,47
208,47
209,47
210,47
211,47
212,47
213,47
214,47
215,47
216,47
217,47
218,47
219,47
220,47
221,47
222,47
223,47
224,47
225,47
226,47
227,47
228,47
229,47
230,47
231,47
232,47
205,48
206,48
207,48
208,48
209,48
210,48
211,48
212,48
213,48
214,48
215,48
216,48
217,48
218,48
219,48
220,48
221,48
222,48
223,48
224,48
225,48
226,48
227,48
228,48
229,48
230,48
231,48
232,48
205,49
206,49
207,49
208,49
209,49
210,49
211,49
212,49
213,49
214,49
215,49
216,49
217,49
218,49
219,49
220,49
221,49
222,49
223,49
224,49
225,49
226,49
227,49
228,49
229,49
230,49
231,49
232,49
233,49
205,50
206,50
207,50
208,50
209,50
210,50
211,50
212,50
213,50
214,50
215,50
216,50
217,50
218,50
219,50
220,50
221,50
222,50
223,50
224,50
225,50
226,50
227,50
228,50
229,50
230,50
231,50
232,50
233,50
205,51
206,51
207,51
208,51
209,51
210,51
211,51
212,51
213,51
214,51
215,51
216,51
217,51
218,51
219,51
220,51
221,51
222,51
223,51
224,51
225,51
226,51
227,51
228,51
229,51
230,51
231,51
232,51
233,51
205,52
206,52
207,52
208,52
209,52
210,52
211,52
212,52
213,52
214,52
215,52
216,52
217,52
218,52
219,52
220,52
221,52
222,52
223,52
224,52
225,52
226,52
227,52
228,52
229,52
230,52
231,52
232,52
233,52
205,53
206,53
207,53
208,53
209,53
210,53
211,53
212,53
213,53
214,53
215,53
216,53
217,53
218,53
219,53
220,53
221,53
222,53
223,53
224,53
225,53
226,53
227,53
228,53
229,53
230,53
231,53
232,53
233,53
205,54
206,54
207,54
208,54
209,54
210,54
211,54
212,54
213,54
214,54
215,54
216,54
217,54
218,54
219,54
220,54
221,54
222,54
223,54
224,54
225,54
226,54
227,54
228,54
229,54
230,54
231,54
232,54
233,54
205,55
206,55
207,55
208,55
209,55
210,55
211,55
212,55
213,55
214,55
215,55
216,55
217,55
218,55
219,55
220,55
221,55
222,55
223,55
224,55
225,55
226,55
227,55
228,55
229,55
230,55
231,55
232,55
233,55
205,56
206,56
207,56
208,56
209,56
210,56
211,56
212,56
213,56
214,56
215,56
216,56
217,56
218,56
219,56
220,56
221,56
222,56
223,56
224,56
225,56
226,56
227,56
228,56
229,56
230,56
231,56
232,56
233,56
205,57
206,57
207,57
208,57
209,57
210,57
211,57
212,57
213,57
214,57
215,57
216,57
217,57
218,57
219,57
220,57
221,57
222,57
223,57
224,57
225,57
226,57
227,57
228,57
229,57
230,57
231,57
232,57
233,57
205,58
206,58
207,58
208,58
209,58
210,58
211,58
212,58
213,58
214,58
215,58
216,58
217,58
218,58
219,58
220,58
221,58
222,58
223,58
224,58
225,58
226,58
227,58
228,58
229,58
230,58
231,58
232,58
233,58
205,59
206,59
207,59
208,59
209,59
210,59
211,59
212,59
213,59
214,59
215,59
216,59
217,59
218,59
219,59
220,59
221,59
222,59
223,59
224,59
225,59
226,59
227,59
228,59
229,59
230,59
231,59
232,59
233,59
206,60
207,60
208,60
209,60
210,60
211,60
212,60
213,60
214,60
215,60
216,60
217,60
218,60
219,60
220,60
221,60
222,60
223,60
224,60
225,60
226,60
227,60
228,60
229,60
230,60
231,60
232,60
233,60
206,61
207,61
208,61
209,61
210,61
211,61
212,61
213,61
214,61
215,61
216,61
217,61
218,61
219,61
220,61
223,61
224,61
225,61
226,61
227,61
228,61
229,61
230,61
231,61
232,61
233,61
206,62
207,62
208,62
209,62
210,62
211,62
212,62
213,62
214,62
215,62
216,62
217,62
218,62
219,62
220,62
223,62
224,62
225,62
226,62
227,62
228,62
229,62
230,62
231,62
232,62
233,62
206,63
207,63
208,63
209,63
210,63
211,63
212,63
213,63
214,63
215,63
216,63
217,63
218,63
219,63
220,63
223,63
224,63
225,63
226,63
227,63
228,63
229,63
230,63
231,63
232,63
233,63
206,64
207,64
208,64
209,64
210,64
211,64
212,64
213,64
214,64
215,64
216,64
217,64
218,64
219,64
220,64
223,64
224,64
225,64
226,64
227,64
228,64
229,64
230,64
231,64
232,64
233,64
206,65
207,65
208,65
209,65
210,65
211,65
212,65
213,65
214,65
215,65
216,65
217,65
218,65
219,65
220,65
223,65
224,65
225,65
226,65
227,65
228,65
229,65
230,65
231,65
232,65
233,65
206,66
207,66
208,66
209,66
210,66
211,66
212,66
213,66
214,66
215,66
216,66
217,66
218,66
219,66
220,66
223,66
224,66
225,66
226,66
227,66
228,66
229,66
230,66
231,66
232,66
233,66
206,67
207,67
208,67
209,67
210,67
211,67
212,67
213,67
214,67
215,67
216,67
217,67
218,67
219,67
220,67
224,67
225,67
226,67
227,67
228,67
229,67
230,67
231,67
232,67
233,67
206,68
207,68
208,68
209,68
210,68
211,68
212,68
213,68
214,68
215,68
216,68
217,68
218,68
219,68
220,68
221,68
224,68
225,68
226,68
227,68
228,68
229,68
230,68
231,68
232,68
233,68
206,69
207,69
208,69
209,69
210,69
211,69
212,69
213,69
214,69
215,69
216,69
217,69
218,69
219,69
220,69
221,69
224,69
225,69
226,69
227,69
228,69
229,69
230,69
231,69
232,69
233,69
206,70
207,70
208,70
209,70
210,70
211,70
212,70
213,70
214,70
215,70
216,70
217,70
218,70
219,70
220,70
221,70
224,70
225,70
226,70
227,70
228,70
229,70
230,70
231,70
232,70
233,70
206,71
207,71
208,71
209,71
210,71
211,71
212,71
213,71
214,71
215,71
216,71
217,71
218,71
219,71
220,71
221,71
224,71
225,71
226,71
227,71
228,71
229,71
230,71
231,71
232,71
233,71
206,72
207,72
208,72
209,72
210,72
211,72
212,72
213,72
214,72
215,72
216,72
217,72
218,72
219,72
220,72
221,72
224,72
225,72
226,72
227,72
228,72
229,72
230,72
231,72
232,72
233,72
206,73
207,73
208,73
209,73
210,73
211,73
212,73
213,73
214,73
215,73
216,73
217,73
218,73
219,73
220,73
221,73
224,73
225,73
226,73
227,73
228,73
229,73
230,73
231,73
232,73
233,73
207,74
208,74
209,74
210,74
211,74
212,74
213,74
214,74
215,74
216,74
217,74
218,74
219,74
220,74
221,74
224,74
225,74
226,74
227,74
228,74
229,74
230,74
231,74
232,74
233,74
207,75
208,75
209,75
210,75
211,75
212,75
213,75
214,75
215,75
216,75
217,75
218,75
219,75
220,75
221,75
224,75
225,75
226,75
227,75
228,75
229,75
230,75
231,75
232,75
233,75
207,76
208,76
209,76
210,76
211,76
212,76
213,76
214,76
215,76
216,76
217,76
218,76
219,76
220,76
221,76
224,76
225,76
226,76
227,76
228,76
229,76
230,76
231,76
232,76
233,76
207,77
208,77
209,77
210,77
211,77
212,77
213,77
214,77
215,77
216,77
217,77
218,77
219,77
220,77
221,77
224,77
225,77
226,77
227,77
228,77
229,77
230,77
231,77
232,77
233,77
207,78
208,78
209,78
210,78
211,78
212,78
213,78
214,78
215,78
216,78
217,78
218,78
219,78
220,78
221,78
222,78
223,78
224,78
225,78
226,78
227,78
228,78
229,78
230,78
231,78
232,78
233,78
207,79
208,79
209,79
210,79
211,79
212,79
213,79
214,79
215,79
216,79
217,79
218,79
219,79
220,79
221,79
222,79
223,79
224,79
225,79
226,79
227,79
228,79
229,79
230,79
231,79
232,79
233,79
207,80
208,80
209,80
210,80
211,80
212,80
213,80
214,80
215,80
216,80
217,80
218,80
219,80
220,80
221,80
222,80
223,80
224,80
225,80
226,80
227,80
228,80
229,80
230,80
231,80
232,80
233,80
207,81
208,81
209,81
210,81
211,81
212,81
213,81
214,81
215,81
216,81
217,81
218,81
219,81
220,81
221,81
222,81
223,81
224,81
225,81
226,81
227,81
228,81
229,81
230,81
231,81
232,81
233,81
207,82
208,82
209,82
210,82
211,82
212,82
213,82
214,82
215,82
216,82
217,82
218,82
219,82
220,82
221,82
222,82
223,82
224,82
225,82
226,82
227,82
228,82
229,82
230,82
231,82
232,82
233,82
207,83
208,83
209,83
210,83
211,83
212,83
213,83
214,83
215,83
216,83
217,83
218,83
219,83
220,83
221,83
222,83
223,83
224,83
225,83
226,83
227,83
228,83
229,83
230,83
231,83
232,83
207,84
208,84
209,84
210,84
211,84
212,84
213,84
214,84
215,84
216,84
217,84
218,84
219,84
220,84
221,84
222,84
223,84
224,84
225,84
226,84
227,84
228,84
229,84
230,84
231,84
232,84
208,85
209,85
210,85
211,85
212,85
213,85
214,85
215,85
216,85
217,85
218,85
219,85
220,85
221,85
222,85
223,85
224,85
225,85
226,85
227,85
228,85
229,85
230,85
231,85
232,85
208,86
209,86
210,86
211,86
212,86
213,86
214,86
215,86
216,86
217,86
218,86
219,86
220,86
221,86
222,86
223,86
224,86
225,86
226,86
227,86
228,86
229,86
230,86
231,86
232,86
208,87
209,87
210,87
211,87
212,87
213,87
214,87
215,87
216,87
217,87
218,87
219,87
220,87
221,87
222,87
223,87
224,87
225,87
226,87
227,87
228,87
229,87
230,87
231,87
232,87
208,88
209,88
210,88
211,88
212,88
213,88
214,88
215,88
216,88
217,88
218,88
219,88
220,88
221,88
222,88
223,88
224,88
225,88
226,88
227,88
228,88
229,88
230,88
231,88
232,88
208,89
209,89
210,89
211,89
212,89
213,89
214,89
215,89
216,89
217,89
218,89
219,89
220,89
221,89
222,89
223,89
224,89
225,89
226,89
227,89
228,89
229,89
230,89
231,89
232,89
208,90
209,90
210,90
211,90
212,90
213,90
214,90
215,90
216,90
217,90
218,90
219,90
220,90
221,90
222,90
223,90
224,90
225,90
226,90
227,90
228,90
229,90
230,90
231,90
232,90
208,91
209,91
210,91
211,91
212,91
213,91
214,91
215,91
216,91
217,91
218,91
219,91
220,91
221,91
222,91
223,91
224,91
225,91
226,91
227,91
228,91
229,91
230,91
231,91
232,91
208,92
209,92
210,92
211,92
212,92
213,92
214,92
215,92
216,92
217,92
218,92
219,92
220,92
221,92
222,92
223,92
224,92
225,92
226,92
227,92
228,92
229,92
230,92
231,92
232,92
208,93
209,93
210,93
211,93
212,93
213,93
214,93
215,93
216,93
217,93
218,93
219,93
220,93
221,93
222,93
223,93
224,93
225,93
226,93
227,93
228,93
229,93
230,93
231,93
232,93
208,94
209,94
210,94
211,94
212,94
213,94
214,94
215,94
216,94
217,94
218,94
219,94
220,94
221,94
222,94
223,94
224,94
225,94
226,94
227,94
228,94
229,94
230,94
231,94
209,95
210,95
211,95
212,95
213,95
214,95
215,95
216,95
217,95
218,95
219,95
220,95
221,95
222,95
223,95
224,95
225,95
226,95
227,95
228,95
229,95
230,95
231,95
209,96
210,96
211,96
212,96
213,96
214,96
215,96
216,96
217,96
218,96
219,96
220,96
221,96
222,96
223,96
224,96
225,96
226,96
227,96
228,96
229,96
230,96
231,96
209,97
210,97
211,97
212,97
213,97
214,97
215,97
216,97
217,97
218,97
219,97
220,97
221,97
222,97
223,97
224,97
225,97
226,97
227,97
228,97
229,97
230,97
231,97
210,98
211,98
212,98
213,98
214,98
215,98
216,98
217,98
218,98
219,98
220,98
221,98
222,98
223,98
224,98
225,98
226,98
227,98
228,98
229,98
230,98
231,98
211,99
212,99
213,99
214,99
215,99
216,99
217,99
218,99
219,99
220,99
221,99
222,99
223,99
224,99
225,99
226,99
227,99
228,99
229,99
230,99
231,99
212,100
213,100
214,100
215,100
216,100
217,100
218,100
219,100
220,100
221,100
222,100
223,100
224,100
225,100
226,100
227,100
228,100
229,100
230,100
231,100
213,101
214,101
215,101
216,101
217,101
218,101
219,101
220,101
221,101
222,101
223,101
224,101
225,101
226,101
227,101
228,101
229,101
230,101
231,101
214,102
215,102
216,102
217,102
218,102
219,102
220,102
221,102
222,102
223,102
224,102
225,102
226,102
227,102
228,102
229,102
230,102
231,102
215,103
216,103
217,103
218,103
219,103
220,103
221,103
222,103
223,103
224,103
225,103
226,103
227,103
228,103
229,103
230,103
215,104
216,104
217,104
218,104
219,104
220,104
221,104
222,104
223,104
224,104
225,104
226,104
227,104
228,104
229,104
230,104
216,105
217,105
218,105
219,105
220,105
221,105
222,105
223,105
224,105
225,105
226,105
227,105
228,105
229,105
230,105
217,106
218,106
219,106
220,106
221,106
222,106
223,106
224,106
225,106
226,106
227,106
228,106
229,106
219,107
220,107
221,107
222,107
223,107
224,107
225,107
226,107
227,107
228,107
221,108
222,108
223,108
224,108
225,108
226,108
